0	-5140907.431808836
100	-5132220.431275396
200	-5108315.372867751
300	-5094890.0756783355
400	-5082652.593578976
500	-5066113.269031447
600	-5051253.744651682
700	-5038075.477138277
800	-5018769.123604113
900	-5003491.484509522
1000	-4992440.272368224
1100	-4978927.587667665
1200	-4965762.294583922
1300	-4956153.868331963
1400	-4945927.661061722
1500	-4934009.812128845
1600	-4922381.659332891
1700	-4913678.540283302
1800	-4907547.655707611
1900	-4898941.87879926
2000	-4894226.5500315875
2100	-4889709.224141878
2200	-4883361.37271689
2300	-4877691.0194148775
2400	-4872341.014249957
2500	-4867234.168373644
2600	-4860213.440165901
2700	-4856651.717981843
2800	-4852035.749178504
2900	-4848024.294843666
3000	-4844186.795050447
3100	-4841851.434015838
3200	-4837222.168507429
3300	-4836897.284261109
3400	-4833523.726974284
3500	-4831512.958234904
3600	-4829551.437419295
3700	-4826847.06102641
3800	-4825388.967306292
3900	-4823493.589662906
4000	-4822505.595824313
4100	-4821249.999397722
4200	-4817217.01813599
4300	-4815896.96896096
4400	-4813360.056352691
4500	-4811222.676652136
4600	-4810077.14263322
4700	-4807568.861651804
4800	-4805350.685181157
4900	-4806153.133385999
5000	-4803426.382842159
5100	-4801704.356566881
5200	-4800622.867105733
5300	-4798872.89110547
5400	-4796787.133040257
5500	-4795544.385615905
5600	-4794093.349408252
5700	-4792479.418602687
5800	-4791672.02352744
5900	-4788049.814715509
6000	-4787237.480672974
6100	-4787868.514033072
6200	-4785998.57914838
6300	-4784136.095165204
6400	-4785924.519579542
6500	-4783724.242284731
6600	-4782664.241461932
6700	-4781874.915838348
6800	-4781795.5471723005
6900	-4778746.224765346
7000	-4777992.210219428
7100	-4776602.654703435
7200	-4775917.511896377
7300	-4773508.958995491
7400	-4775029.363936834
7500	-4773847.2965578595
7600	-4772920.271669433
7700	-4772283.256400308
7800	-4773063.146058074
7900	-4772742.33363716
8000	-4770458.210074243
8100	-4771502.904622121
8200	-4768813.486846448
8300	-4767407.382965542
8400	-4767785.875016797
8500	-4765237.578012442
8600	-4765950.248310938
8700	-4765098.791983995
8800	-4763469.213088389
8900	-4763501.173582127
9000	-4763620.993801855
9100	-4761849.297620495
9200	-4760558.919181789
9300	-4760469.49727383
9400	-4759374.565925516
9500	-4757782.928382577
9600	-4758217.017961658
9700	-4756280.530748271
9800	-4756384.249359456
9900	-4756945.787816585
10000	-4755812.537432243
10100	-4755166.675268692
10200	-4753398.453803578
10300	-4754285.797172146
10400	-4753266.955197368
10500	-4751854.101713995
10600	-4753253.163549164
10700	-4751568.18017341
10800	-4750930.509178159
10900	-4751185.81242466
11000	-4749333.729240864
11100	-4750546.386071537
11200	-4749412.925605262
11300	-4748855.443112838
11400	-4748252.624952893
11500	-4748035.918562014
11600	-4747526.85391348
11700	-4748470.315257166
11800	-4746655.263200311
11900	-4748279.751792481
12000	-4746150.139257524
12100	-4746713.162579916
12200	-4746528.363089251
12300	-4745766.899121655
12400	-4745928.382858737
12500	-4746269.188398479
12600	-4745890.486801155
12700	-4745441.546234195
12800	-4745305.487632607
12900	-4744275.8570176745
13000	-4743943.546103528
13100	-4745973.426140309
13200	-4743324.4515347695
13300	-4741996.106768442
13400	-4743352.298057638
13500	-4742892.308337559
13600	-4744465.073433091
13700	-4743748.110520665
13800	-4743297.62096224
13900	-4742973.65555567
14000	-4742165.378453887
14100	-4744508.930558468
14200	-4741663.87653564
14300	-4742697.57279775
14400	-4741198.927709207
14500	-4740752.801227376
14600	-4742683.119359241
14700	-4740930.970624955
14800	-4740691.209744898
14900	-4741717.722127481
15000	-4740904.885600652
15100	-4740027.305735233
15200	-4739766.645334371
15300	-4739393.190208517
15400	-4737433.443567719
15500	-4739537.547329134
15600	-4737748.254286662
15700	-4737232.7809652435
15800	-4737249.343009725
15900	-4736301.410652824
16000	-4736580.128627987
16100	-4735365.533073945
16200	-4736142.572256113
16300	-4735549.999520032
16400	-4735512.814262343
16500	-4734519.156273281
16600	-4734400.528045478
16700	-4734238.838491566
16800	-4734149.792427919
16900	-4734690.965371743
17000	-4734359.6930522015
17100	-4735041.264308192
17200	-4733697.59039362
17300	-4733350.57867714
17400	-4733036.34433332
17500	-4732546.1372405775
17600	-4732736.533868718
17700	-4731671.7322714785
17800	-4731116.995165188
17900	-4732760.9514057925
18000	-4731359.316618685
18100	-4732735.509662016
18200	-4732093.7156386515
18300	-4730923.062031392
18400	-4729862.368237901
18500	-4729205.027300154
18600	-4729721.069176721
18700	-4731009.803672607
18800	-4729457.4255502075
18900	-4729621.790935103
19000	-4730383.8861243455
19100	-4729354.995986299
19200	-4730789.49029297
19300	-4729839.900961987
19400	-4729584.202274727
19500	-4730587.7267173985
19600	-4729553.205509441
19700	-4729558.440827974
19800	-4727800.629584772
19900	-4727192.754474687
20000	-4728285.734600227
20100	-4728735.225713832
20200	-4728526.671822033
20300	-4726897.050630895
20400	-4727627.47457046
20500	-4729438.789069393
20600	-4727763.7878162395
20700	-4728570.830634678
20800	-4728066.589899672
20900	-4725843.892240704
21000	-4726986.073075339
21100	-4726794.194040596
21200	-4727298.0233770115
21300	-4727727.131753923
21400	-4728725.998829591
21500	-4728213.255764872
21600	-4727788.2172773
21700	-4726568.107023489
21800	-4725273.724856384
21900	-4725670.941788936
22000	-4726292.699219279
22100	-4726395.258222328
22200	-4726281.763539436
22300	-4725966.494490678
22400	-4725972.039342719
22500	-4724928.084792832
22600	-4725329.291504849
22700	-4725097.082881047
22800	-4724723.166223321
22900	-4724638.421519756
23000	-4725454.627961889
23100	-4725068.619718965
23200	-4723803.916224063
23300	-4723782.143013272
23400	-4723842.240616627
23500	-4725063.474771506
23600	-4723853.27623108
23700	-4724274.470596891
23800	-4725210.173965522
23900	-4724192.115018639
24000	-4722916.558350722
24100	-4724805.511932777
24200	-4723697.457296466
24300	-4722762.23975132
24400	-4723537.67332425
24500	-4722161.977045362
24600	-4723308.056540369
24700	-4722570.1550672
24800	-4724518.493437489
24900	-4723806.099674627
25000	-4721370.586416284
25100	-4722621.273138238
25200	-4723086.699411917
25300	-4720504.0805338025
25400	-4721663.4594118595
25500	-4721386.437326716
25600	-4721219.831311985
25700	-4721140.491056586
25800	-4721296.2269484615
25900	-4721009.231199548
26000	-4722239.151937662
26100	-4720504.745957426
26200	-4721718.352381988
26300	-4721344.650749348
26400	-4722093.350742686
26500	-4721940.312014702
26600	-4722072.89969896
26700	-4720378.750855265
26800	-4719329.553838942
26900	-4719810.04031444
27000	-4720064.903682828
27100	-4720220.116959644
27200	-4721070.594718903
27300	-4719566.48326349
27400	-4719963.095262662
27500	-4720473.253649711
27600	-4720342.6153139165
27700	-4720229.077928235
27800	-4720813.716462898
27900	-4719021.065723477
28000	-4718840.374854229
28100	-4719758.494081387
28200	-4717395.031692804
28300	-4717174.828154857
28400	-4717973.800377415
28500	-4717864.044888041
28600	-4716743.331271341
28700	-4717181.701406293
28800	-4716549.032156684
28900	-4716065.556672571
29000	-4715145.77583039
29100	-4715858.11404743
29200	-4715631.026775338
29300	-4716392.442797584
29400	-4716306.047224173
29500	-4716249.994107632
29600	-4717331.463304482
29700	-4718065.535489005
29800	-4717301.426432279
29900	-4715881.576267078
30000	-4716181.381433138
30100	-4715344.205127809
30200	-4716205.040535775
30300	-4715807.49482298
30400	-4715880.350248942
30500	-4714562.035074532
30600	-4713799.898028602
30700	-4713290.916576957
30800	-4714152.440911741
30900	-4714716.502269418
31000	-4713634.403678176
31100	-4715688.768668478
31200	-4715376.751188844
31300	-4715126.872543233
31400	-4713843.119842311
31500	-4714890.747390412
31600	-4716204.298246584
31700	-4714514.49962984
31800	-4714525.887445424
31900	-4715733.371127445
32000	-4716322.197682792
32100	-4715852.5329141
32200	-4715600.002376231
32300	-4714891.983749995
32400	-4713977.571180691
32500	-4713956.554900671
32600	-4713907.079691183
32700	-4713955.237352412
32800	-4713145.016413167
32900	-4714552.10767232
33000	-4714741.012090876
33100	-4714449.241166558
33200	-4715171.726357651
33300	-4713245.388238306
33400	-4713583.896320979
33500	-4713687.2015929995
33600	-4713924.012646848
33700	-4714084.274754461
33800	-4712044.547336132
33900	-4713098.780825537
34000	-4713220.912537479
34100	-4713236.003396804
34200	-4712214.360225923
34300	-4712687.41461704
34400	-4713052.089989405
34500	-4711647.114182263
34600	-4712904.025272041
34700	-4713168.530807173
34800	-4713441.301534945
34900	-4712409.757465703
35000	-4712094.331054005
35100	-4712309.676496487
35200	-4711745.002883637
35300	-4712331.730131022
35400	-4713072.99439553
35500	-4711711.4016884845
35600	-4713099.808117706
35700	-4712694.767788867
35800	-4711919.88789208
35900	-4713457.984667584
36000	-4711568.757575183
36100	-4711570.315700863
36200	-4711747.556996624
36300	-4713026.376865802
36400	-4712430.901033349
36500	-4713546.326023954
36600	-4710973.063445541
36700	-4712220.646245565
36800	-4715025.799671152
36900	-4711543.193762099
37000	-4710954.9104307145
37100	-4712184.715220667
37200	-4712577.999646478
37300	-4711682.647100661
37400	-4711363.26086755
37500	-4710913.275307765
37600	-4709321.247776986
37700	-4710591.8754489925
37800	-4710690.953581968
37900	-4710420.564692034
38000	-4710561.497431878
38100	-4711053.488543748
38200	-4711533.961271056
38300	-4710357.0891434755
38400	-4712627.416357172
38500	-4710127.47396695
38600	-4710268.277510975
38700	-4708452.746013563
38800	-4710334.899888732
38900	-4711137.426348919
39000	-4711113.008777788
39100	-4712767.389656764
39200	-4711082.345221279
39300	-4712044.170419155
39400	-4711743.514909303
39500	-4710780.066104801
39600	-4709763.318624774
39700	-4710183.398017465
39800	-4711807.389650411
39900	-4710130.617459335
40000	-4709726.569298294
40100	-4711726.841316796
40200	-4709852.226137785
40300	-4710294.578061404
40400	-4709746.712016515
40500	-4709835.238506215
40600	-4710224.201442593
40700	-4709317.569587036
40800	-4710089.450489022
40900	-4710046.175748753
41000	-4709274.175418783
41100	-4709812.332073973
41200	-4710453.040417545
41300	-4709487.8808740545
41400	-4710836.4108151775
41500	-4710003.340650267
41600	-4710108.865944616
41700	-4710677.927207199
41800	-4710514.152626421
41900	-4708003.526847613
42000	-4710547.913825459
42100	-4711396.39946124
42200	-4712924.448367761
42300	-4711683.905791497
42400	-4711615.591198453
42500	-4711449.750708546
42600	-4710771.653667894
42700	-4709764.571409641
42800	-4708961.496323244
42900	-4708815.638404824
43000	-4709857.775281415
43100	-4708689.243301386
43200	-4710236.294192885
43300	-4709926.188069955
43400	-4708103.471223982
43500	-4707381.612605389
43600	-4709414.764597008
43700	-4709929.90845177
43800	-4708745.333603069
43900	-4709500.8218023395
44000	-4708985.933266501
44100	-4707990.066911748
44200	-4708662.478640096
44300	-4709372.212361916
44400	-4709623.768593338
44500	-4710195.849670224
44600	-4708962.429485873
44700	-4708330.166691677
44800	-4707772.343598002
44900	-4708690.271639159
45000	-4708565.080197449
45100	-4706581.6481827395
45200	-4707370.8302469645
45300	-4707701.733829453
45400	-4706862.849101088
45500	-4708287.117145786
45600	-4707641.709041971
45700	-4706114.888654901
45800	-4707205.90651185
45900	-4706134.904742715
46000	-4707796.885198036
46100	-4708344.991784031
46200	-4706668.888383846
46300	-4707400.049872329
46400	-4705800.7980655255
46500	-4705728.676847964
46600	-4704859.183658293
46700	-4705988.259896801
46800	-4706483.05212489
46900	-4705714.175233985
47000	-4706651.252865339
47100	-4705797.930301671
47200	-4706088.330694553
47300	-4706925.049575712
47400	-4705667.968598384
47500	-4706312.559031102
47600	-4706133.569543432
47700	-4704325.752647956
47800	-4704409.29280285
47900	-4703459.780007818
48000	-4705078.109442805
48100	-4703307.286716789
48200	-4705520.760878306
48300	-4703010.38347865
48400	-4703814.2687304
48500	-4705974.32734435
48600	-4705009.075127588
48700	-4704964.303893762
48800	-4706452.888639112
48900	-4703736.229387512
49000	-4705074.730895938
49100	-4705844.073374408
49200	-4704765.5046632355
49300	-4705451.68873066
49400	-4703490.058658479
49500	-4703767.715674582
49600	-4702622.54940406
49700	-4701893.55597332
49800	-4702973.4103112435
49900	-4703996.247598103
50000	-4703892.42684282
50100	-4702519.666858513
50200	-4702517.816380992
50300	-4704781.530942574
50400	-4704761.49989985
50500	-4704488.71289821
50600	-4702409.7626746455
50700	-4703697.181963815
50800	-4704994.79351596
50900	-4703315.771522906
51000	-4703792.623860896
51100	-4702944.434279322
51200	-4703274.153703612
51300	-4704598.334116119
51400	-4704190.036809177
51500	-4704195.549320051
51600	-4703242.634170669
51700	-4704651.838265093
51800	-4703599.044192457
51900	-4704686.407994082
52000	-4703879.068478844
52100	-4703542.447347124
52200	-4704829.133907901
52300	-4705775.789081511
52400	-4703349.417572038
52500	-4701977.6295688255
52600	-4703672.606807352
52700	-4703810.623898509
52800	-4704291.907135187
52900	-4703376.208875539
53000	-4702650.693861042
53100	-4702748.880360351
53200	-4703908.5463493345
53300	-4702680.2372824745
53400	-4705510.604769099
53500	-4703787.561163978
53600	-4704265.787737395
53700	-4704189.4083115645
53800	-4703984.002767588
53900	-4704821.272755552
54000	-4704839.54944013
54100	-4704042.689159254
54200	-4705221.208421169
54300	-4704296.284886482
54400	-4704273.296513476
54500	-4703576.912990773
54600	-4703442.534964915
54700	-4704439.426351086
54800	-4704474.685417535
54900	-4703469.667797131
55000	-4702961.110970505
55100	-4705125.451233163
55200	-4701954.814009693
55300	-4702912.410994041
55400	-4702172.921457377
55500	-4703707.363950703
55600	-4702928.159331752
55700	-4702702.148237348
55800	-4702458.789281921
55900	-4703889.8354595825
56000	-4703314.312266676
56100	-4700766.644313617
56200	-4701967.448352105
56300	-4702677.465382413
56400	-4701213.08980406
56500	-4702075.1435019085
56600	-4702105.972600948
56700	-4700396.46088971
56800	-4702155.167486357
56900	-4701538.064005465
57000	-4702133.141164931
57100	-4700907.636330057
57200	-4701276.804738609
57300	-4701360.455176608
57400	-4700925.82747025
57500	-4701337.344766406
57600	-4702475.136395421
57700	-4700285.619550454
57800	-4701661.568222352
57900	-4701121.8918419825
58000	-4700563.766670211
58100	-4701533.115309761
58200	-4702793.98028887
58300	-4701453.4117328655
58400	-4702387.427732561
58500	-4702763.084741428
58600	-4704281.341213485
58700	-4701256.037566601
58800	-4702342.468683874
58900	-4701388.649336363
59000	-4702561.64491801
59100	-4699533.63654053
59200	-4701767.563847097
59300	-4701354.953827235
59400	-4701502.542291996
59500	-4702088.938628159
59600	-4701236.4361831555
59700	-4700729.732899239
59800	-4702080.981481782
59900	-4701551.328877748
60000	-4701920.481354907
60100	-4700903.9174422305
60200	-4702268.776046529
60300	-4702018.525814922
60400	-4701326.877533851
60500	-4701852.42146373
60600	-4702474.811377513
60700	-4701926.867073936
60800	-4702675.549128
60900	-4701452.464392441
61000	-4701946.271108568
61100	-4701226.896560053
61200	-4700903.7559562875
61300	-4702701.511715105
61400	-4702659.527552635
61500	-4701906.993869768
61600	-4702181.020888216
61700	-4702878.340880264
61800	-4702122.079238445
61900	-4701404.442356183
62000	-4702066.810495713
62100	-4701361.116214019
62200	-4702218.644537416
62300	-4702110.494546612
62400	-4702165.809360433
62500	-4701183.812945285
62600	-4700967.961534301
62700	-4701097.312947363
62800	-4701448.709940881
62900	-4699993.134704493
63000	-4702364.241713216
63100	-4701613.40204423
63200	-4702648.717458049
63300	-4700653.607595942
63400	-4699715.12597799
63500	-4703081.804379213
63600	-4700602.652794506
63700	-4700817.791172342
63800	-4701427.191166863
63900	-4702202.599940775
64000	-4701280.0776868
64100	-4702328.599849386
64200	-4701121.647875686
64300	-4700910.281624144
64400	-4701214.6286437465
64500	-4699804.66127825
64600	-4700571.159930183
64700	-4700182.635049591
64800	-4699530.927154972
64900	-4700882.357484814
65000	-4699900.787454428
65100	-4701961.598079388
65200	-4701387.736927187
65300	-4701060.022683311
65400	-4699769.5071065705
65500	-4702237.966098357
65600	-4700548.878402104
65700	-4701208.944897744
65800	-4701820.048815905
65900	-4699855.68860857
66000	-4700456.768701117
66100	-4701669.251063291
66200	-4700543.790780797
66300	-4700609.77733267
66400	-4700611.155293331
66500	-4701625.616738483
66600	-4701105.177161212
66700	-4700675.642522609
66800	-4701144.9498472875
66900	-4703570.084418446
67000	-4702031.1969175385
67100	-4702276.918499677
67200	-4701479.706289282
67300	-4700417.633677197
67400	-4701469.413580497
67500	-4702961.356466324
67600	-4701952.557183871
67700	-4701060.523420219
67800	-4701390.74337444
67900	-4701413.252867992
68000	-4700879.3789273305
68100	-4702224.046620282
68200	-4702562.88582674
68300	-4700804.1080897935
68400	-4699615.610238993
68500	-4699999.263439331
68600	-4700819.582883488
68700	-4699938.803788157
68800	-4700824.407696053
68900	-4701874.934810925
69000	-4701468.826121051
69100	-4700927.119496215
69200	-4701080.755962632
69300	-4700452.42168673
69400	-4701706.472208446
69500	-4701078.078376782
69600	-4699342.026048481
69700	-4699969.846432388
69800	-4699975.493599878
69900	-4700712.463985772
70000	-4700796.0980093265
70100	-4701597.830481204
70200	-4701172.450992718
70300	-4700543.092096637
70400	-4699572.879736647
70500	-4700970.091641846
70600	-4700727.220332061
70700	-4699056.558264908
70800	-4699491.808299914
70900	-4701529.880036317
71000	-4700096.762837842
71100	-4700874.389976458
71200	-4700412.023948867
71300	-4699551.2362950845
71400	-4699982.816544729
71500	-4699530.776160034
71600	-4698323.138323444
71700	-4700197.629651589
71800	-4697974.617813824
71900	-4699236.993243487
72000	-4699794.353148486
72100	-4700052.700491526
72200	-4698764.362524523
72300	-4700288.289278949
72400	-4698933.396901497
72500	-4699774.284169847
72600	-4698643.303466063
72700	-4700496.134161473
72800	-4697744.4102754835
72900	-4699473.699188278
73000	-4698391.480161557
73100	-4698287.531634966
73200	-4699623.990262741
73300	-4699224.934935278
73400	-4699319.459309204
73500	-4699371.131287988
73600	-4700543.865689933
73700	-4699401.598571457
73800	-4700061.73927017
73900	-4698399.904323244
74000	-4700132.4675660245
74100	-4700407.611501267
74200	-4699458.332066521
74300	-4698983.84108953
74400	-4699377.71608208
74500	-4699606.172803932
74600	-4698274.819434578
74700	-4699648.617343171
74800	-4699442.369380533
74900	-4701147.575499961
75000	-4699993.442836541
75100	-4700129.668474893
75200	-4699472.4289606325
75300	-4698375.772844388
75400	-4698032.663080748
75500	-4698809.516719211
75600	-4698924.64603926
75700	-4699179.087006062
75800	-4699799.372332369
75900	-4698524.935972134
76000	-4699141.499940585
76100	-4699015.456864844
76200	-4699779.532847135
76300	-4700986.105570633
76400	-4699449.179582976
76500	-4697979.5160644045
76600	-4699449.529382488
76700	-4700058.806563202
76800	-4700954.856390003
76900	-4700426.316864844
77000	-4699461.68267066
77100	-4699885.831113331
77200	-4698473.3745824145
77300	-4698696.968593638
77400	-4698807.508460284
77500	-4698807.348168669
77600	-4699301.49829762
77700	-4700386.477669695
77800	-4701139.454092256
77900	-4699457.457014936
78000	-4698712.108564633
78100	-4699610.843303349
78200	-4699371.378233486
78300	-4700062.149003127
78400	-4700016.08807794
78500	-4699759.359955371
78600	-4699434.36310873
78700	-4699234.843162375
78800	-4699689.373208789
78900	-4700658.697346877
79000	-4699498.115798679
79100	-4699872.816105256
79200	-4699866.481976594
79300	-4700588.992218171
79400	-4699770.179843907
79500	-4700261.74574952
79600	-4700190.933685497
79700	-4698450.904093042
79800	-4699917.948012837
79900	-4698100.732909527
80000	-4700105.014022393
80100	-4699492.816794787
80200	-4700157.55074579
80300	-4699777.07939107
80400	-4698271.308720883
80500	-4699727.411527115
80600	-4700102.188370797
80700	-4699261.625591991
80800	-4700345.017032645
80900	-4698744.259919146
81000	-4698615.493415746
81100	-4699373.559733881
81200	-4698907.08862175
81300	-4699052.8488685535
81400	-4698409.117379922
81500	-4698436.17310521
81600	-4698785.346603587
81700	-4700125.104797617
81800	-4699151.995158425
81900	-4698999.475485261
82000	-4698729.313880229
82100	-4697528.860185124
82200	-4698562.185442676
82300	-4697900.882075667
82400	-4697600.9636635
82500	-4698272.822648049
82600	-4697825.780230206
82700	-4697995.861498737
82800	-4699189.662486599
82900	-4698279.731112522
83000	-4698932.853109178
83100	-4699359.569265936
83200	-4697283.368217638
83300	-4699398.100481516
83400	-4699375.543121351
83500	-4699625.575628174
83600	-4698208.829572521
83700	-4700277.523715075
83800	-4698139.932781657
83900	-4699002.1242964445
84000	-4699219.766470683
84100	-4699015.817473353
84200	-4698666.985995485
84300	-4698540.635361501
84400	-4699129.387365462
84500	-4697106.815257124
84600	-4699042.25341576
84700	-4698960.06897341
84800	-4697442.147270257
84900	-4698569.358071813
85000	-4700133.137154368
85100	-4700118.227159355
85200	-4699053.533618335
85300	-4699199.792805339
85400	-4698312.372056309
85500	-4697439.411573732
85600	-4698397.707282312
85700	-4698197.104180492
85800	-4698622.925348744
85900	-4699326.08559224
86000	-4699601.447415265
86100	-4698644.351766114
86200	-4698839.936614286
86300	-4696807.9461500505
86400	-4700131.2282362245
86500	-4697812.027676464
86600	-4698859.087577363
86700	-4699404.914041038
86800	-4697887.857261468
86900	-4698566.355479296
87000	-4700342.370950687
87100	-4697206.378503525
87200	-4699054.909692435
87300	-4699514.287923158
87400	-4699035.984834964
87500	-4699916.845397387
87600	-4699520.488348164
87700	-4698841.641484994
87800	-4696838.31562688
87900	-4698281.672714156
88000	-4698155.761216324
88100	-4698190.278727541
88200	-4698388.817811191
88300	-4698582.315329109
88400	-4698737.299394784
88500	-4698989.723914674
88600	-4698093.781296028
88700	-4699462.294062933
88800	-4699081.032787369
88900	-4697143.962151843
89000	-4698146.591209661
89100	-4698080.403829662
89200	-4698223.262413664
89300	-4696992.836480502
89400	-4697302.538317657
89500	-4697686.505823988
89600	-4698017.91142491
89700	-4697338.445283037
89800	-4697685.6310703475
89900	-4699907.242566893
90000	-4698512.557689239
90100	-4698800.192053688
90200	-4699974.315792115
90300	-4699619.724117706
90400	-4699454.115131524
90500	-4699307.2992915325
90600	-4698615.822187576
90700	-4699443.222539787
90800	-4699922.356678877
90900	-4698638.797717167
91000	-4697111.988503284
91100	-4697403.624618746
91200	-4699318.1316539245
91300	-4697786.711978911
91400	-4699958.929321321
91500	-4697182.267228238
91600	-4697612.688072116
91700	-4697200.552522494
91800	-4699274.186822088
91900	-4698450.34790769
92000	-4699397.569374423
92100	-4698530.24409223
92200	-4697930.51401307
92300	-4699113.115583444
92400	-4697725.656913859
92500	-4698029.901921775
92600	-4697367.254233902
92700	-4700539.565621805
92800	-4699371.352810866
92900	-4699412.702161103
93000	-4698270.385141255
93100	-4697144.651301707
93200	-4698805.136876532
93300	-4698264.4620995065
93400	-4699237.325401552
93500	-4697651.80966895
93600	-4698442.108347644
93700	-4697331.605353643
93800	-4697888.912314352
93900	-4696635.623988094
94000	-4697688.973754112
94100	-4697612.132641597
94200	-4697062.855329492
94300	-4696464.874656119
94400	-4696959.445790231
94500	-4696584.643632957
94600	-4697057.809627398
94700	-4698455.58637152
94800	-4698271.36496689
94900	-4697274.82451149
95000	-4698482.979497496
95100	-4697406.581258026
95200	-4696621.716369184
95300	-4698179.773723889
95400	-4697962.304667799
95500	-4697332.30601994
95600	-4697229.830789719
95700	-4697429.931274642
95800	-4698498.662206353
95900	-4697413.315384619
96000	-4696890.44936809
96100	-4697851.961939907
96200	-4697629.480671781
96300	-4698113.484143093
96400	-4697693.203154948
96500	-4697588.4521813085
96600	-4698865.088492296
96700	-4697611.703114227
96800	-4698007.447691346
96900	-4698441.052183571
97000	-4696695.341474926
97100	-4695834.365911507
97200	-4694995.406265843
97300	-4695628.856588542
97400	-4696668.594016573
97500	-4696352.254343206
97600	-4697226.100699652
97700	-4697078.319282119
97800	-4698535.596024528
97900	-4695591.144219483
98000	-4697930.169470273
98100	-4695913.319842573
98200	-4697253.1039058175
98300	-4697497.306141448
98400	-4695934.437908616
98500	-4697367.419135
98600	-4698302.515530621
98700	-4696860.570941392
98800	-4698350.183848869
98900	-4697699.15019759
99000	-4696273.735781413
99100	-4696245.245652239
99200	-4697732.64269461
99300	-4695250.864641361
99400	-4697634.235568357
99500	-4697624.140748225
99600	-4696631.92454903
99700	-4696491.248329294
99800	-4695309.187584221
99900	-4695938.768922078
100000	-4697354.964644487
