iteration	timestamp	zTotalTime	phiTotalTime	typeTokenDensity	documentDensity	z-0	countUpdate-0	phiDensity
0	1557937309605	0	0	0.001	0.0	0	0	0.9890505017272577
100	1557937331771	30	8	0.0010671163020233591	0.001096127946127946	9	19	0.988962987333443
200	1557937351939	30	9	0.0011960848823819707	0.0014272727272727273	9	19	0.9888080276361244
300	1557937372194	46	12	0.0013559796019082086	0.0018804713804713804	18	18	0.9886859680868564
400	1557937392590	30	11	0.0015326533969402863	0.0023186868686868685	10	18	0.988554531995394
500	1557937412838	40	11	0.0017040631682842572	0.002685016835016835	18	20	0.9883975982891923
600	1557937433138	31	11	0.0018452048034216153	0.0028978114478114478	10	19	0.9882442835992762
700	1557937453410	33	10	0.0019827274222734004	0.0031129629629629628	11	19	0.9880412896858036
800	1557937473766	34	11	0.0020876788945550255	0.0032715488215488216	12	20	0.9880070735318309
900	1557937494289	34	9	0.00222174699786149	0.0034104377104377105	12	20	0.9878805724625761
1000	1557937514920	46	7	0.0023222569501562757	0.003537205387205387	24	20	0.98774025333114
1100	1557937535640	33	8	0.0024007238032571145	0.0036602693602693606	11	20	0.9877289027800625
1200	1557937556225	35	8	0.0024765586445139004	0.003791077441077441	12	20	0.9877144267149203
1300	1557937577041	34	11	0.002554531995393979	0.003886195286195286	11	21	0.987631847343313
1400	1557937598056	34	16	0.002620825793716072	0.0039877104377104376	12	20	0.9874699786149038
1500	1557937619226	37	12	0.0026639249876624447	0.004073232323232323	13	22	0.9875418654383945
1600	1557937640306	36	8	0.0027126172067774303	0.004136363636363637	14	20	0.9873893732521797
1700	1557937661431	35	8	0.0027611449251521633	0.004207575757575757	13	20	0.9874114163513735
1800	1557937682606	43	11	0.002801612107254483	0.00427929292929293	20	21	0.98740911334101
1900	1557937703496	33	8	0.0028302352360585624	0.004351010101010101	11	20	0.9873303174864287
2000	1557937724359	35	7	0.002868399407797335	0.004379461279461279	12	21	0.9873123869057411
2100	1557937745223	34	11	0.0029085375884191477	0.004468350168350168	12	20	0.9872620496792236
2200	1557937766237	33	9	0.002925810166145748	0.004546464646464647	12	19	0.9872150024675111
2300	1557937787384	35	11	0.002959203816417174	0.004609427609427609	12	21	0.9871452541536437
2400	1557937808594	34	20	0.002971705872676427	0.004652525252525253	12	20	0.9871737127817075
2500	1557937829651	35	15	0.002993913472610627	0.004718518518518519	13	19	0.9872497121237046
2600	1557937850714	36	8	0.0030036190162855735	0.004775925925925926	14	20	0.9871406481329166
2700	1557937871859	34	14	0.0030375061687777597	0.0048375420875420875	12	20	0.9871689422602402
2800	1557937892829	34	10	0.0030378351702582663	0.004894444444444444	13	19	0.9871646652409936
2900	1557937914024	35	10	0.0030355321598947195	0.0049388888888888885	13	20	0.9871304490870209
3000	1557937935265	35	16	0.003067116302023359	0.004985016835016835	13	20	0.9870931074189834
3100	1557937956350	35	9	0.003097384438229972	0.005018686868686869	13	20	0.9870636617864781
3200	1557937977561	37	7	0.0030898174041783188	0.0050648148148148145	14	21	0.9871070899819049
3300	1557937998797	36	11	0.003123046553709492	0.0050846801346801345	13	21	0.9870352031584142
3400	1557938020350	35	19	0.0031243625596315185	0.005105892255892256	14	19	0.9871345616055273
3500	1557938041708	38	14	0.0031543016943576248	0.0051134680134680135	15	21	0.9869425892416516
3600	1557938063023	36	21	0.0031538081921368647	0.00512962962962963	14	20	0.9870194110873499
3700	1557938084433	35	12	0.003169929264681691	0.005142929292929293	13	20	0.9870217140977134
3800	1557938105734	38	14	0.0031585787136042113	0.005185521885521885	14	22	0.9870552722487251
3900	1557938126900	34	10	0.003164007238032571	0.00520976430976431	13	19	0.9871130120085541
4000	1557938148114	34	13	0.003206612929758184	0.0052503367003367005	13	19	0.9870098700444152
4100	1557938169352	37	10	0.003208093436420464	0.00527996632996633	14	20	0.9869761473926633
4200	1557938190702	38	14	0.003191314360914624	0.0052855218855218855	15	21	0.9870646487909196
4300	1557938211865	37	14	0.0032095739430827437	0.005307912457912458	13	22	0.9869626583319625
4400	1557938233065	35	16	0.003199703898667544	0.005337373737373738	15	18	0.9869536107912485
4500	1557938254331	36	14	0.003207106431978944	0.005362121212121212	14	20	0.9869981904918572
4600	1557938275665	35	15	0.003228491528211877	0.005362457912457912	13	20	0.9870202335910512
4700	1557938297049	38	9	0.00324148708669189	0.005377609427609428	15	20	0.9869809179141306
4800	1557938318390	38	7	0.0032340845533804902	0.005411784511784512	15	21	0.986962987333443
4900	1557938339708	47	11	0.003245599605198223	0.00542003367003367	24	21	0.9870113505510775
5000	1557938361168	38	17	0.0032556341503536764	0.005428114478114478	15	20	0.9869791084059878
5100	1557938382568	36	11	0.003253495640730383	0.005420538720538721	13	21	0.9869769698963645
5200	1557938403951	36	14	0.0032719197236387564	0.005421717171717171	13	21	0.9869420957394308
5300	1557938425210	36	13	0.0032798157591709164	0.0054496632996633	12	21	0.9869787794045073
5400	1557938446503	35	12	0.003291988813949663	0.005450841750841751	13	20	0.986985030432637
5500	1557938467880	37	8	0.003300542852442836	0.0054597643097643095	15	20	0.9869491692712618
5600	1557938489115	36	11	0.0033058068761309426	0.005458922558922559	14	20	0.9869565718045731
5700	1557938510531	36	12	0.0032964303339365025	0.005488552188552188	13	21	0.9868274387234742
5800	1557938531936	37	12	0.0032908373087678893	0.005489393939393939	14	21	0.9868914295114328
5900	1557938553442	35	14	0.0033188024346109558	0.005468013468013467	14	19	0.9868473433130449
6000	1557938574871	36	9	0.003299555848001316	0.005494612794612794	14	20	0.9869504852771838
6100	1557938596201	37	11	0.0033137029116631026	0.005508249158249158	14	21	0.9868723474255634
6200	1557938617737	37	12	0.003355486099687449	0.005534175084175084	14	21	0.9869073860832374
6300	1557938639147	39	7	0.0033508800789603553	0.005526599326599327	16	20	0.9868670834018753
6400	1557938660445	42	15	0.0033507155782201018	0.0055284511784511785	14	23	0.9868547458463564
6500	1557938681809	37	12	0.0033627241322585952	0.005551515151515151	14	21	0.986799309096891
6600	1557938703327	41	8	0.003380983714426715	0.005554040404040404	17	21	0.9868665898996546
6700	1557938724794	34	10	0.0033563086033887154	0.0055949494949494956	12	20	0.9869114986017437
6800	1557938746248	38	12	0.0033660141470636617	0.005586363636363637	14	22	0.9868417502878762
6900	1557938767828	38	11	0.003371607172232275	0.0055924242424242425	16	20	0.9869032735647311
7000	1557938789451	44	12	0.0033673301529856883	0.005607239057239057	21	20	0.986826616219773
7100	1557938811183	37	11	0.0033722651751932884	0.005607239057239057	15	20	0.9868190491857214
7200	1557938832879	36	16	0.0034115808521138343	0.0055991582491582495	13	21	0.9868790919559138
7300	1557938854619	36	14	0.0033734166803750616	0.0056013468013468015	13	21	0.9868545813456161
7400	1557938876448	43	9	0.0034084553380490214	0.005597811447811447	17	24	0.9868203651916434
7500	1557938898123	36	15	0.003399407797335088	0.005630303030303031	14	19	0.9868596808685639
7600	1557938919933	40	16	0.0034026978121401547	0.005612626262626263	15	23	0.986828590228656
7700	1557938941555	39	16	0.003405823326204968	0.005642087542087543	14	23	0.9868641223885507
7800	1557938962978	37	12	0.003423753906892581	0.005655892255892255	14	21	0.9867858200361902
7900	1557938984333	37	14	0.0034244119098535944	0.005649326599326599	15	20	0.9868072051324231
8000	1557939005792	38	17	0.003420134890607008	0.005643771043771044	15	21	0.9868443822997204
8100	1557939027285	35	12	0.003432636946866261	0.0056649831649831645	13	20	0.986827932225695
8200	1557939048678	46	18	0.003420628392827768	0.005657239057239057	23	21	0.9868238197071887
8300	1557939070169	35	14	0.003437736469814114	0.005694444444444445	13	20	0.9868141141635137
8400	1557939091591	37	27	0.003446126007567034	0.0056851851851851855	15	20	0.9867456818555683
8500	1557939113159	40	14	0.0034314854416844878	0.00566043771043771	14	23	0.9867859845369304
8600	1557939134505	37	17	0.0034403684816581674	0.005674747474747475	14	21	0.9868218456983057
8700	1557939156164	38	15	0.003427701924658661	0.005683838383838384	14	22	0.9868044086198388
8800	1557939177609	37	9	0.003418325382464221	0.0056695286195286194	14	21	0.9867891100509952
8900	1557939199246	45	12	0.003434775456489554	0.005713131313131313	22	20	0.9868447113012009
9000	1557939220728	38	9	0.0034390524757361408	0.005695959595959596	15	20	0.9867937160717223
9100	1557939242197	35	11	0.0034675111037999673	0.005712289562289562	13	20	0.986781214015463
9200	1557939263844	38	9	0.0034612600756703405	0.005734175084175084	17	19	0.9867879585458135
9300	1557939285690	39	13	0.003482316170422767	0.005752356902356902	15	22	0.9866923836157263
9400	1557939307310	37	13	0.0034870866918901137	0.0057402356902356904	15	20	0.9867950320776443
9500	1557939328852	37	10	0.003482316170422767	0.005785185185185185	15	20	0.986794209573943
9600	1557939350526	42	12	0.0034703076163842736	0.005773063973063973	20	20	0.9867947030761638
9700	1557939372015	37	12	0.00348988320447442	0.005774074074074075	15	20	0.986776607994736
9800	1557939393724	37	13	0.00349580523112354	0.005767340067340068	14	21	0.9867073531830893
9900	1557939415393	37	11	0.00350024675111038	0.00577070707070707	14	21	0.9867400888303998
10000	1557939436962	57	23	0.00350814278664254	0.005781144781144782	33	22	0.9867318637933871
10100	1557939458901	38	25	0.0034839611778253003	0.005780808080808081	16	20	0.9867991445961507
10200	1557939480875	37	14	0.0034999177496298733	0.005763973063973064	15	20	0.9866670505017272
10300	1557939502453	39	12	0.003519164336239513	0.005765488215488216	16	21	0.9867027471623623
10400	1557939524403	37	12	0.003505839776278993	0.005774747474747475	14	21	0.9866882710972199
10500	1557939546253	39	10	0.003501891758512913	0.0057910774410774414	15	22	0.9867614739266327
10600	1557939568532	39	17	0.0035217963480835665	0.005783164983164983	16	21	0.9866816910676098
10700	1557939590788	39	9	0.0035148873169929267	0.005772390572390572	16	20	0.9867794045073203
10800	1557939612896	39	15	0.0034990952459286067	0.005808080808080808	15	22	0.986760980424412
10900	1557939634981	39	14	0.00350814278664254	0.005751515151515152	16	20	0.9867456818555683
11000	1557939657211	39	11	0.0035160388221747	0.005798989898989899	15	22	0.9867034051653233
11100	1557939679440	37	16	0.0035259088665898996	0.005824915824915825	14	21	0.986750616877776
11200	1557939701195	39	18	0.0035071557822010197	0.005818181818181819	15	22	0.9866830070735318
11300	1557939722914	37	13	0.0035219608488238196	0.005788888888888889	14	21	0.9867302187859845
11400	1557939744673	38	10	0.0035074847836815267	0.005801515151515151	15	21	0.9867071886823491
11500	1557939766383	47	8	0.0035180128310577396	0.005784343434343434	23	20	0.9867537423918408
11600	1557939788094	37	11	0.0035033722651751933	0.005814646464646465	16	19	0.9866841585787136
11700	1557939809875	36	17	0.003540549432472446	0.005814983164983164	14	20	0.9867140977134398
11800	1557939831599	38	10	0.0035461424576410596	0.005817171717171717	15	21	0.9867400888303998
11900	1557939853615	38	14	0.003537588419147886	0.005841414141414141	17	19	0.9867706859680868
12000	1557939875673	40	14	0.00351998683994078	0.0058264309764309765	17	21	0.9867879585458135
12100	1557939897374	36	9	0.003566376048692219	0.005838047138047138	14	20	0.9867071886823491
12200	1557939919098	42	8	0.003545319953939793	0.0058373737373737375	15	25	0.9867024181608818
12300	1557939940896	38	11	0.0035491034709656194	0.005845622895622895	15	20	0.9866563579536108
12400	1557939962640	40	17	0.003552393485770686	0.005850505050505051	16	22	0.9866979766408949
12500	1557939984331	37	11	0.003554860996874486	0.00586969696969697	15	20	0.9867109721993749
12600	1557940005945	39	9	0.003528540878433953	0.005865319865319866	16	20	0.9866918901135056
12700	1557940027701	38	12	0.003565224543510446	0.005853872053872054	14	22	0.9867478203651916
12800	1557940049614	37	9	0.003561934528705379	0.005824410774410775	15	20	0.986716236223063
12900	1557940071502	38	8	0.0035696660634972855	0.005851515151515152	15	21	0.9866293798322092
13000	1557940093429	39	13	0.003561770027965126	0.005866329966329966	16	21	0.9868007896035532
13100	1557940115002	37	18	0.0035588090146405657	0.005854713804713805	15	20	0.9867504523770357
13200	1557940136743	39	24	0.0035639085375884193	0.005847979797979798	15	22	0.9867331797993091
13300	1557940158496	37	9	0.0035446619509787794	0.005902188552188552	14	21	0.9866978121401546
13400	1557940180025	39	15	0.003561934528705379	0.005884343434343435	15	22	0.9867290672808028
13500	1557940201669	37	10	0.003565718045731206	0.005891414141414141	15	20	0.9867466688600098
13600	1557940223352	40	14	0.003586280638262872	0.005895791245791246	17	21	0.9866762625431814
13700	1557940244970	37	7	0.003581674617535779	0.005893771043771044	14	21	0.9866519164336239
13800	1557940266634	38	10	0.003576575094587926	0.005885353535353536	16	20	0.9866568514558316
13900	1557940288334	36	13	0.0035887481493666724	0.005896464646464646	14	20	0.9866696825135713
14000	1557940309895	37	10	0.003576739595328179	0.005898821548821549	14	21	0.986704556670505
14100	1557940331737	39	12	0.003610462247080112	0.0059013468013468014	16	20	0.9866709985194934
14200	1557940353460	46	11	0.0035910511597302187	0.0059006734006734	23	21	0.9866520809343642
14300	1557940375096	39	20	0.0036142457641059385	0.005903367003367003	14	23	0.9866879420957394
14400	1557940396837	45	14	0.0035810166145747654	0.005894444444444444	24	19	0.986607172232275
14500	1557940418571	39	13	0.003604540220430992	0.005904713804713804	15	22	0.9866650764928442
14600	1557940440256	47	11	0.003617535778911005	0.0059213804713804715	24	21	0.9866862970883369
14700	1557940462025	36	11	0.003602072709327192	0.005891582491582492	14	20	0.9867050501727258
14800	1557940483860	44	13	0.0035968086856390854	0.005913973063973063	23	19	0.986702582661622
14900	1557940505711	40	18	0.0036122717552228983	0.005905555555555555	17	21	0.9866760980424412
15000	1557940527672	40	23	0.003609475242638592	0.005946464646464647	17	21	0.9866685310083896
15100	1557940549580	38	12	0.003598124691561112	0.005943939393939395	15	21	0.9866338213521961
15200	1557940571474	39	19	0.003604540220430992	0.0059323232323232325	16	21	0.9866468169106761
15300	1557940593250	36	13	0.003613916762625432	0.005953872053872054	14	20	0.986775291988814
15400	1557940615150	41	27	0.003613916762625432	0.005945454545454546	16	22	0.9866094752426386
15500	1557940637088	36	11	0.0036157262707682183	0.005951851851851851	13	21	0.9865956571804573
15600	1557940658925	39	18	0.003651258430662938	0.005944444444444445	16	21	0.9866688600098701
15700	1557940680901	37	19	0.003642375390689258	0.00592962962962963	15	20	0.9866682020069091
15800	1557940702726	39	20	0.003620332291495312	0.005933501683501683	17	20	0.9867088336897516
15900	1557940724635	41	13	0.0036272413225859517	0.005906397306397307	17	21	0.9866644184898832
16000	1557940746273	37	19	0.0036093107418983385	0.005940404040404041	14	20	0.9867252837637769
16100	1557940768111	38	10	0.003617535778911005	0.0059299663299663295	15	21	0.9866894226024017
16200	1557940789849	48	9	0.0036257608159236715	0.0059255892255892255	25	21	0.9866563579536108
16300	1557940811671	40	9	0.0036441848988320448	0.0059521885521885524	16	22	0.9866555354499095
16400	1557940833377	47	9	0.003632340845533805	0.005955050505050505	26	19	0.9866964961342326
16500	1557940855054	37	16	0.0036117782530021387	0.005958249158249159	15	20	0.9866897516038822
16600	1557940876644	47	10	0.0036153972692877117	0.005975252525252526	24	20	0.9866696825135713
16700	1557940898375	38	13	0.0036081592367165653	0.005971717171717172	15	21	0.986730547787465
16800	1557940920085	49	14	0.0036122717552228983	0.005960269360269361	27	20	0.9867062016779076
16900	1557940941958	39	9	0.0036311893403520317	0.00593989898989899	15	22	0.9866331633492351
17000	1557940963491	47	12	0.003615561770027965	0.005942760942760942	23	22	0.9866506004277019
17100	1557940985224	37	7	0.003657180457312058	0.005951178451178451	14	21	0.9866581674617536
17200	1557941006849	48	16	0.0036316828425727917	0.005964309764309764	26	20	0.9866540549432472
17300	1557941028512	37	14	0.003631024839611778	0.005985016835016835	15	20	0.9865879256456654
17400	1557941050410	38	13	0.003638920875143938	0.0059718855218855215	16	20	0.9867336733015298
17500	1557941072158	36	12	0.0036158907715084718	0.005976094276094275	14	20	0.9866907386083238
17600	1557941093843	40	9	0.003629873334430005	0.005974915824915825	17	21	0.986655206448429
17700	1557941115444	37	17	0.003624444810001645	0.005969191919191919	15	20	0.9866410593847672
17800	1557941137164	35	7	0.0036348083566376047	0.00594074074074074	13	20	0.98657147557164
17900	1557941158814	38	9	0.0036405658825464714	0.005952525252525252	16	19	0.9865620990294456
18000	1557941180620	36	11	0.0036476394143773647	0.005938383838383838	15	18	0.9866686955091298
18100	1557941202289	36	15	0.0036635959861819377	0.00595050505050505	16	18	0.9866251028129627
18200	1557941224018	38	15	0.0036122717552228983	0.005957407407407408	14	22	0.9866200032900148
18300	1557941245710	39	19	0.003644678401052805	0.00597946127946128	16	21	0.9866405658825464
18400	1557941267401	40	7	0.003642375390689258	0.00596902356902357	17	21	0.9866204967922355
18500	1557941289263	36	10	0.0036201677907550583	0.005943602693602694	15	19	0.9866563579536108
18600	1557941311069	41	9	0.0036471459121566047	0.005954882154882155	15	23	0.9866000987004442
18700	1557941332836	38	15	0.003640236881065965	0.005958249158249159	15	21	0.986654548445468
18800	1557941354555	36	12	0.003646981411416351	0.00594006734006734	14	20	0.9866714920217141
18900	1557941376353	38	20	0.0036326698470143114	0.005984343434343434	15	21	0.9866073367330153
19000	1557941397972	37	9	0.003640730383286725	0.005955723905723906	14	21	0.9865464714591216
19100	1557941419772	36	15	0.003631518341832538	0.005942255892255892	13	21	0.9866413883862477
19200	1557941441442	37	14	0.0036223063003783516	0.005966666666666667	16	19	0.9866591544661951
19300	1557941463129	38	11	0.003641881888468498	0.005934343434343434	16	20	0.9865907221582497
19400	1557941484920	39	12	0.003652574436584965	0.0059257575757575755	16	21	0.9866372758677414
19500	1557941506618	36	13	0.0036364533640401383	0.005971212121212121	15	19	0.9866063497285738
19600	1557941528395	38	10	0.0036431978943905247	0.005926430976430977	14	22	0.9865848001316005
19700	1557941550235	38	17	0.0036427043921697646	0.0059301346801346804	14	22	0.9866604704721171
19800	1557941572017	38	12	0.003648790919559138	0.005910606060606061	14	22	0.9866859680868564
19900	1557941594056	40	16	0.0036431978943905247	0.005924242424242424	17	21	0.9866094752426386
20000	1557941615661	38	9	0.0036459944069748315	0.0059346801346801354	15	21	0.9865801941108735
20100	1557941637214	38	17	0.0036560289521302847	0.005913131313131314	15	21	0.986594176673795
20200	1557941658962	37	12	0.0036200032900148052	0.005895791245791246	15	20	0.9866254318144432
20300	1557941680542	37	6	0.0036206612929758184	0.005917845117845118	15	20	0.9866652409935844
20400	1557941702270	39	14	0.003627405823326205	0.005882154882154882	14	22	0.9866216482974174
20500	1557941724073	40	15	0.003648297417338378	0.0058594276094276095	16	22	0.9866418818884685
20600	1557941745901	37	20	0.0036232933048198717	0.005883501683501683	15	20	0.9866492844217799
20700	1557941767660	39	14	0.0036227998025991116	0.005885858585858586	16	21	0.9866945221253496
20800	1557941789406	37	16	0.003619016285573285	0.005858417508417508	13	22	0.9866343148544169
20900	1557941811059	38	16	0.003620825793716072	0.005851851851851851	15	20	0.9866137522618852
21000	1557941832903	37	19	0.003614574765586445	0.005851683501683502	15	20	0.9866951801283106
21100	1557941854564	36	7	0.0036321763447935518	0.005861952861952862	15	19	0.9866351373581181
21200	1557941876231	39	15	0.003621483796677085	0.005864141414141414	15	22	0.9866663924987662
21300	1557941897881	36	16	0.0036387563744036846	0.005878956228956229	14	20	0.9865129133081099
21400	1557941919557	37	12	0.0036466524099358446	0.005860942760942761	16	19	0.9867060371771673
21500	1557941941177	37	18	0.0036658989965454845	0.005876430976430976	15	20	0.9866259253166639
21600	1557941962881	39	15	0.0036624444810001646	0.005868350168350168	15	22	0.9866382628721829
21700	1557941984664	48	10	0.003658660963974338	0.005837878787878788	26	20	0.986628557328508
21800	1557942006520	35	12	0.003637440368481658	0.005851851851851851	14	19	0.9866242803092614
21900	1557942028211	48	13	0.0036484619180786313	0.005853198653198654	26	20	0.9866130942589242
22000	1557942049894	37	18	0.003653725941766738	0.005849831649831649	14	21	0.986591544661951
22100	1557942071653	45	15	0.0036321763447935518	0.005825252525252525	23	20	0.9865282118769535
22200	1557942093509	37	12	0.0036395788781049517	0.005831144781144782	15	20	0.986615561770028
22300	1557942115297	53	16	0.0036251028129626584	0.005851851851851851	30	21	0.9867071886823491
22400	1557942136979	37	9	0.003656686955091298	0.005822895622895623	14	21	0.9866553709491692
22500	1557942158712	36	13	0.0036558644513900312	0.005863299663299664	14	20	0.9867139332126995
22600	1557942180425	37	14	0.003643362395130778	0.005872895622895623	15	20	0.9865958216811975
22700	1557942202214	35	16	0.003681526566869551	0.005871212121212121	15	18	0.9866247738114822
22800	1557942223809	36	16	0.0036280638262872183	0.005859259259259259	14	20	0.9866399078795854
22900	1557942245518	36	9	0.003637933870702418	0.005874579124579125	13	21	0.9866741240335581
23000	1557942267211	39	15	0.0036336568514558315	0.005871548821548822	16	20	0.9866594834676756
23100	1557942288888	37	12	0.003644678401052805	0.005846464646464647	15	20	0.9866246093107419
23200	1557942310606	40	12	0.003640894884026978	0.005863468013468013	16	22	0.9866302023359105
23300	1557942332375	37	14	0.0036524099358447113	0.005871548821548822	15	20	0.9865607830235236
23400	1557942354030	36	8	0.0036530679388057244	0.005901010101010101	13	21	0.9866522454351044
23500	1557942375719	40	18	0.0036295443329494984	0.005904208754208754	16	22	0.9865560125020563
23600	1557942397567	38	9	0.003634479355157098	0.005864814814814816	16	20	0.9866076657344958
23700	1557942419405	36	15	0.0036479684158578713	0.005862457912457913	14	20	0.9865843066293798
23800	1557942440982	38	14	0.003654877446948511	0.005869360269360269	16	20	0.9866395788781049
23900	1557942462839	38	10	0.003644678401052805	0.005877946127946128	15	21	0.9866241158085212
24000	1557942484605	39	10	0.0036464879091955915	0.00586969696969697	15	22	0.9865236058562263
24100	1557942506238	39	15	0.003650764928442178	0.005868181818181818	17	20	0.9866361243625597
24200	1557942527884	37	11	0.003651422931403191	0.005864814814814816	15	20	0.986601908208587
24300	1557942549444	37	13	0.0036336568514558315	0.005853535353535354	15	20	0.9866607994735976
24400	1557942571114	37	9	0.003630860338871525	0.005892255892255892	16	19	0.9866803750616878
24500	1557942592801	35	12	0.0036353018588583647	0.005871043771043772	15	18	0.9866274058233262
24600	1557942614404	37	11	0.0036589899654548446	0.00587020202020202	15	20	0.9866515874321434
24700	1557942636096	38	11	0.0036353018588583647	0.005866666666666667	16	20	0.986595492679717
24800	1557942657727	37	12	0.003658660963974338	0.0058496632996633	15	20	0.9866160552722487
24900	1557942679539	36	14	0.003658825464714591	0.005865151515151515	15	19	0.9866024017108077
25000	1557942701250	38	16	0.0036529034380654714	0.005854377104377104	15	21	0.986631847343313
25100	1557942722934	36	13	0.0036538904425069915	0.0058705387205387205	14	20	0.9866862970883369
25200	1557942744740	37	12	0.0036609639743378844	0.005866835016835016	14	21	0.9866302023359105
25300	1557942766462	40	12	0.0036501069254811645	0.005851515151515152	17	21	0.986627899325547
25400	1557942788388	37	18	0.003648626418818885	0.005868181818181818	14	21	0.9866497779240007
25500	1557942810066	36	21	0.003658331962493831	0.005851683501683502	15	19	0.9866448429017931
25600	1557942831920	36	16	0.003657673959532818	0.005868013468013468	15	19	0.9866336568514559
25700	1557942853759	49	11	0.003656686955091298	0.005864141414141414	28	19	0.9866229643033394
25800	1557942875550	48	12	0.0036520809343642048	0.005877777777777778	25	21	0.9866005922026649
25900	1557942897429	36	31	0.003646981411416351	0.00590959595959596	14	20	0.9866984701431156
26000	1557942919225	46	11	0.003656522454351045	0.00588063973063973	22	22	0.9866362888632999
26100	1557942941037	38	13	0.0036359598618193783	0.00587979797979798	15	21	0.9865609475242638
26200	1557942962814	45	17	0.0036624444810001646	0.005889393939393939	22	21	0.9866420463892087
26300	1557942984712	37	12	0.003648297417338378	0.005863636363636363	15	20	0.9866458299062346
26400	1557943006387	39	16	0.003661621977298898	0.005862121212121212	15	21	0.9865686790590558
26500	1557943028019	37	11	0.0036640894884026978	0.0058572390572390574	15	20	0.986583155124198
26600	1557943049722	39	11	0.0036867905905576576	0.005866161616161616	14	23	0.9866227998025991
26700	1557943071581	39	15	0.003652245435104458	0.0058705387205387205	15	22	0.986631847343313
26800	1557943093323	38	9	0.003671656522454351	0.005851178451178451	15	20	0.9866183582826122
26900	1557943114979	38	13	0.003666063497285738	0.005842929292929293	17	19	0.9866364533640402
27000	1557943136695	40	17	0.0036733015298568844	0.005833838383838384	17	21	0.9866200032900148
27100	1557943158503	37	13	0.003666227998025991	0.005851346801346801	16	19	0.9866520809343642
27200	1557943180274	37	12	0.003658825464714591	0.005872222222222222	15	20	0.986607830235236
27300	1557943201943	39	10	0.0036887645994406974	0.005858080808080808	15	21	0.9865900641552887
27400	1557943223861	40	13	0.0036932061194275374	0.005858754208754209	17	21	0.9865176838295773
27500	1557943245686	38	19	0.003704885671985524	0.005830471380471381	15	21	0.9865709820694193
27600	1557943267503	36	13	0.0036925481164665243	0.005827441077441078	14	20	0.986604540220431
27700	1557943289230	36	9	0.003688929100180951	0.00587979797979798	14	20	0.9866459944069749
27800	1557943310912	39	14	0.0036777430498437244	0.005867340067340067	15	22	0.9866042112189505
27900	1557943332594	40	9	0.003667708504688271	0.0058484848484848485	17	21	0.9865996051982234
28000	1557943354442	41	10	0.0036663924987662445	0.0058442760942760946	16	22	0.986567527553874
28100	1557943376132	38	20	0.0036733015298568844	0.00583989898989899	15	20	0.9865522289850305
28200	1557943397982	36	11	0.0036678730054285243	0.005861447811447811	15	19	0.9866126007567034
28300	1557943419768	37	10	0.003681526566869551	0.005865824915824916	14	21	0.9866380983714427
28400	1557943441559	39	9	0.0036909031090639906	0.005866329966329966	16	21	0.9866308603388715
28500	1557943463292	36	20	0.0036816910676098044	0.005837710437710438	14	20	0.9866209902944564
28600	1557943485011	37	18	0.003661621977298898	0.005864983164983165	15	20	0.9866894226024017
28700	1557943506804	38	12	0.003686461589077151	0.005867340067340067	15	21	0.9866496134232604
28800	1557943528458	38	18	0.0036754400394801777	0.005871548821548822	16	20	0.9865652245435105
28900	1557943550224	38	14	0.003703569666063497	0.005874747474747475	16	20	0.9865380819213686
29000	1557943571947	36	12	0.0036721500246751112	0.005868686868686869	14	20	0.9865680210560948
29100	1557943593635	42	15	0.003675111037999671	0.005868350168350168	20	20	0.9866117782530022
29200	1557943615368	38	18	0.003666227998025991	0.0058772727272727275	15	21	0.9866308603388715
29300	1557943637065	48	12	0.003693041618687284	0.005882659932659932	25	21	0.9866359598618194
29400	1557943658956	36	8	0.003674782036519164	0.005901683501683502	14	20	0.9866185227833525
29500	1557943681141	40	20	0.003678565553544991	0.005898148148148147	16	21	0.9866537259417667
29600	1557943702933	36	14	0.0037136042112189504	0.0058705387205387205	15	19	0.9865992761967429
29700	1557943724673	37	23	0.0036862970883368975	0.005894107744107744	15	20	0.9865198223392005
29800	1557943746501	39	19	0.003691067609804244	0.005890572390572391	15	22	0.9865977956900807
29900	1557943768110	38	14	0.0036624444810001646	0.005897306397306398	16	20	0.9866088172396775
30000	1557943789939	39	11	0.0036807040631682843	0.005875925925925926	15	22	0.9864948182266821
30100	1557943811841	46	16	0.0036644184898832043	0.00587979797979798	15	29	0.9866754400394802
30200	1557943833784	38	12	0.003709985194933377	0.005867508417508418	15	21	0.9865606185227833
30300	1557943855694	42	16	0.0036986346438558975	0.005876430976430976	16	24	0.9865750945879257
30400	1557943877478	48	19	0.003704885671985524	0.005885185185185185	25	21	0.9866547129462082
30500	1557943899242	38	11	0.003682678072051324	0.005891077441077442	15	21	0.9865333113999013
30600	1557943920931	39	17	0.0036838295772330977	0.005872053872053872	16	21	0.9866158907715085
30700	1557943942683	36	19	0.0036639249876624443	0.00589006734006734	14	20	0.986640236881066
30800	1557943964513	39	13	0.0036887645994406974	0.005888720538720539	16	21	0.986588912650107
30900	1557943986353	41	19	0.003708340187530844	0.005892760942760943	18	21	0.9865213028458628
31000	1557944008109	35	12	0.003702582661621977	0.0058772727272727275	13	20	0.9865257443658496
31100	1557944029819	37	15	0.003703569666063497	0.005856228956228956	14	21	0.9865826616219773
31200	1557944051530	39	11	0.0037136042112189504	0.005866666666666667	16	20	0.9866198387892745
31300	1557944073350	36	13	0.0037073531830893237	0.005857744107744108	14	20	0.9866183582826122
31400	1557944095117	36	27	0.003714920217140977	0.005861279461279461	16	18	0.9865586445139003
31500	1557944116919	36	17	0.0037020891594012175	0.005860269360269361	14	20	0.9865848001316005
31600	1557944138825	46	13	0.0037060371771672975	0.005851683501683502	22	22	0.9866239513077809
31700	1557944160500	38	18	0.003694522125349564	0.005882154882154882	15	21	0.9866627734824807
31800	1557944182182	47	17	0.003670176015792071	0.005871212121212121	24	21	0.9866153972692877
31900	1557944203902	39	11	0.003717387728244777	0.00586111111111111	16	21	0.9865647310412897
32000	1557944225788	36	15	0.0037226517519328836	0.005869191919191919	15	19	0.9865614410264846
32100	1557944247785	37	12	0.0037231452541536436	0.005880808080808081	14	20	0.9865303503865768
32200	1557944269671	38	10	0.0037323572956078303	0.005886868686868688	15	21	0.9864969567363053
32300	1557944291388	39	12	0.003682513571311071	0.005901683501683502	17	20	0.9865731205790426
32400	1557944313124	40	9	0.0036818555683500575	0.0058639730639730644	16	22	0.9865946701760158
32500	1557944335080	37	12	0.003699457147557164	0.005869865319865319	15	20	0.9865660470472117
32600	1557944356797	37	11	0.0037015956571804574	0.005872053872053872	14	21	0.9865678565553545
32700	1557944378573	39	10	0.003699457147557164	0.005865993265993266	16	21	0.9865879256456654
32800	1557944400238	40	13	0.003715907221582497	0.005860437710437711	17	21	0.986590228656029
32900	1557944422087	39	10	0.003703405165323244	0.005877609427609427	16	20	0.9865815101167955
33000	1557944443782	39	10	0.003713439710478697	0.005858922558922559	16	21	0.986562921533147
33100	1557944465743	38	10	0.0037129462082579373	0.005851515151515152	15	20	0.9866101332455997
33200	1557944487536	39	9	0.0037298897845040304	0.005880808080808081	15	22	0.9865222898503043
33300	1557944509458	38	19	0.0036886000987004443	0.005882491582491583	15	21	0.9865966441848988
33400	1557944531126	39	24	0.003707024181608817	0.005858080808080808	14	22	0.9866229643033394
33500	1557944552826	39	10	0.003711465701595657	0.005868013468013468	16	21	0.9865938476723145
33600	1557944574632	39	19	0.003727751274880737	0.005876262626262626	15	22	0.9865361079124856
33700	1557944596460	37	22	0.00373186379338707	0.005867340067340067	15	20	0.9865393979272906
33800	1557944618191	37	10	0.0037057081756867905	0.005894612794612795	15	20	0.9865520644842902
33900	1557944639961	46	8	0.0036971541371936174	0.005895959595959596	23	21	0.9865856226353018
34000	1557944661708	37	12	0.0037244612600756703	0.005871717171717172	15	20	0.9866102977463399
34100	1557944683472	47	18	0.0037249547622964303	0.0058947811447811445	25	20	0.9865933541700938
34200	1557944705275	38	11	0.003699457147557164	0.005881986531986532	15	21	0.9866211547951966
34300	1557944727042	47	15	0.0036981411416351375	0.005898821548821549	24	21	0.9865820036190163
34400	1557944748781	36	18	0.003693535120908044	0.005907239057239057	13	21	0.9866158907715085
34500	1557944770604	35	10	0.0036997861490376707	0.005907070707070707	14	19	0.9865647310412897
34600	1557944792306	38	12	0.0037042276690245107	0.005875252525252526	16	20	0.9866035532159895
34700	1557944814111	38	10	0.003690574107583484	0.005907070707070707	15	21	0.9866073367330153
34800	1557944835904	39	15	0.0037096561934528705	0.005875757575757576	15	22	0.9865372594176673
34900	1557944858005	36	12	0.003713768711959204	0.0058769360269360265	13	21	0.9866070077315348
35000	1557944879832	37	12	0.003717716729725284	0.005862289562289563	15	20	0.986594176673795
35100	1557944901785	40	12	0.0037379503207764435	0.005911447811447811	16	22	0.9866310248396117
35200	1557944923587	37	25	0.0037080111860503372	0.00588956228956229	15	20	0.9864979437407468
35300	1557944945292	37	14	0.0037006086527389373	0.005914309764309764	14	21	0.9866081592367165
35400	1557944967148	40	10	0.003688929100180951	0.005911784511784512	17	21	0.9866524099358447
35500	1557944988918	34	14	0.0037180457312057905	0.005897643097643097	15	17	0.9865464714591216
35600	1557945010693	39	15	0.00373087678894555	0.005869191919191919	16	21	0.9865270603717716
35700	1557945032371	37	12	0.003721664747491364	0.005886700336700337	15	20	0.9865588090146405
35800	1557945053976	38	17	0.003719361737127817	0.005908417508417508	15	21	0.9865737785820036
35900	1557945075856	44	12	0.003729231781543017	0.005911111111111112	20	22	0.9865887481493667
36000	1557945097497	46	22	0.003718210231946044	0.005913973063973063	24	20	0.9865514064813292
36100	1557945119311	38	21	0.0037037341668037507	0.005867676767676767	14	22	0.9865528869879915
36200	1557945141023	45	14	0.003704392169764764	0.005875757575757576	23	20	0.9865754235894062
36300	1557945162842	37	16	0.0037122882052969238	0.00592053872053872	15	20	0.9865609475242638
36400	1557945184717	39	11	0.0037086691890113503	0.005897306397306398	17	20	0.9865594670176016
36500	1557945206449	36	13	0.0037275867741404837	0.005903030303030303	15	19	0.9864800131600592
36600	1557945228140	41	9	0.0037239677578549102	0.005889393939393939	16	23	0.9865569995064978
36700	1557945250073	37	17	0.003710972199374897	0.005888383838383838	15	20	0.9866030597137687
36800	1557945272008	37	11	0.003736634314854417	0.00590016835016835	15	20	0.986544826451719
36900	1557945293910	37	17	0.0037050501727257774	0.0058882154882154885	15	20	0.98655848001316
37000	1557945315559	37	9	0.0037117947030761637	0.00587996632996633	14	21	0.9865866096397434
37100	1557945337271	40	10	0.0037425563415035366	0.005863804713804714	16	22	0.986583155124198
37200	1557945359132	40	12	0.0037221582497121235	0.005855555555555555	18	20	0.9866206612929758
37300	1557945381183	38	10	0.0037164007238032573	0.005869191919191919	16	20	0.98661687777595
37400	1557945403038	36	10	0.0037229807534133906	0.005865488215488215	14	20	0.986583813127159
37500	1557945424877	38	17	0.0036853100838953774	0.005859090909090908	16	20	0.9865477874650436
37600	1557945446762	38	13	0.0036802105609475243	0.005869191919191919	14	21	0.9866223063003784
37700	1557945468613	54	12	0.0037089981904918573	0.005885016835016835	32	20	0.986577233097549
37800	1557945490472	37	12	0.0037052146734660304	0.005862962962962963	14	21	0.9865140648132916
37900	1557945512068	46	12	0.0037244612600756703	0.0058730639730639736	23	21	0.9865742720842243
38000	1557945533878	39	8	0.003687119592038164	0.005852356902356902	15	22	0.9866068432307945
38100	1557945555713	37	21	0.003709820694193124	0.005847474747474748	15	20	0.986585129133081
38200	1557945577392	36	12	0.003689422602401711	0.005839057239057238	14	20	0.9865574930087185
38300	1557945599011	37	14	0.0037164007238032573	0.005835690235690236	15	20	0.98660388221747
38400	1557945620782	40	14	0.0037265997696989636	0.0058484848484848485	15	23	0.9865005757525909
38500	1557945642604	40	9	0.003708833689751604	0.0058749158249158245	17	21	0.986553873992433
38600	1557945664571	39	14	0.003729067280802764	0.005872222222222222	17	20	0.9865801941108735
38700	1557945686345	38	13	0.0037081756867905907	0.005873400673400673	15	21	0.9865152163184734
38800	1557945708169	35	7	0.0037400888303997367	0.005867676767676767	13	20	0.9866417173877282
38900	1557945729968	36	18	0.0037117947030761637	0.005865824915824916	14	20	0.9865894061523277
39000	1557945751834	38	11	0.0037520973844382298	0.005871043771043772	15	21	0.98655848001316
39100	1557945773838	40	12	0.003732686297088337	0.005867845117845117	15	23	0.9866517519328837
39200	1557945795732	39	14	0.0037261062674782035	0.005859090909090908	16	21	0.9865288698799145
39300	1557945817478	38	15	0.0037394308274387236	0.005885858585858586	16	20	0.9865216318473433
39400	1557945839398	38	21	0.0037356473104128967	0.0058489898989899	15	21	0.9865191643362395
39500	1557945861131	39	15	0.0037126172067774303	0.005854040404040405	15	22	0.9866024017108077
39600	1557945882885	46	12	0.003723309754893897	0.005882491582491583	24	20	0.9865933541700938
39700	1557945904577	36	7	0.003718210231946044	0.005893265993265994	13	21	0.9865581510116795
39800	1557945926337	38	13	0.0037338378022701104	0.005853367003367003	15	20	0.9865500904754071
39900	1557945948175	45	8	0.003701924658660964	0.005874242424242424	17	25	0.9865612765257443
40000	1557945970022	39	18	0.003696002632011844	0.005858249158249159	15	22	0.9866377693699622
40100	1557945991867	38	13	0.003717223227504524	0.0058816498316498315	15	21	0.9866274058233262
40200	1557946013860	38	17	0.003714426714920217	0.005891245791245791	15	21	0.9865369304161868
40300	1557946035968	40	14	0.003722322750452377	0.005867845117845117	14	24	0.9864938312222405
40400	1557946057852	41	13	0.0037315347919065637	0.005867340067340067	16	23	0.9865124198058891
40500	1557946079672	37	10	0.003709820694193124	0.0058574074074074075	15	20	0.986596150682678
40600	1557946101462	38	18	0.0037394308274387236	0.005856060606060605	15	20	0.9865509129791084
40700	1557946123393	37	12	0.0037239677578549102	0.005889393939393939	16	19	0.9866320118440532
40800	1557946145328	37	14	0.00373433130449087	0.005882491582491583	15	20	0.986531172890278
40900	1557946167178	38	13	0.003691561112025004	0.005891245791245791	15	21	0.9865744365849647
41000	1557946188937	37	11	0.003698470143115644	0.005887205387205387	15	20	0.9866232933048199
41100	1557946210727	38	20	0.003725777265997697	0.00587020202020202	16	20	0.9865579865109393
41200	1557946232455	37	15	0.003718868234907057	0.005896127946127947	14	21	0.9865808521138345
41300	1557946254246	60	11	0.003713933212699457	0.005908922558922558	38	20	0.9865647310412897
41400	1557946276092	39	16	0.0037060371771672975	0.005884175084175084	16	21	0.9865719690738608
41500	1557946297945	44	15	0.0036966606349728573	0.005883501683501683	23	19	0.9865540384931732
41600	1557946319569	34	15	0.0037359763118934037	0.005885521885521885	12	20	0.9866020727093272
41700	1557946341305	37	16	0.003726764270439217	0.005918518518518518	15	20	0.9865185063332785
41800	1557946363130	38	19	0.003728738279322257	0.005870875420875421	14	22	0.986468827109722
41900	1557946384902	38	19	0.0037394308274387236	0.0058840067340067345	15	21	0.9865699950649778
42000	1557946406669	38	10	0.0037241322585951637	0.005858754208754209	15	20	0.9866163842737292
42100	1557946428431	39	8	0.00376147392663267	0.005864646464646465	17	20	0.9865527224872512
42200	1557946450171	39	14	0.00375308438887975	0.005867340067340067	16	21	0.986531830893239
42300	1557946471881	37	17	0.003723309754893897	0.005847138047138047	15	20	0.986516861325876
42400	1557946493715	36	17	0.003718868234907057	0.005896801346801347	13	21	0.9865300213850963
42500	1557946515499	37	13	0.0037259417667379504	0.00586060606060606	15	20	0.9866099687448594
42600	1557946537344	35	22	0.0037469978614903766	0.0058528619528619525	15	17	0.9865783846027307
42700	1557946559142	37	12	0.00374173383780227	0.005875757575757576	15	19	0.9865996051982234
42800	1557946580750	37	13	0.0037275867741404837	0.005855555555555555	15	20	0.9865389044250699
42900	1557946602509	38	13	0.003724790261556177	0.005885016835016835	16	20	0.9864959697318638
43000	1557946624326	41	23	0.0037442013489060702	0.005886363636363637	16	23	0.9865043592696167
43100	1557946646092	39	13	0.0037239677578549102	0.00586952861952862	16	21	0.9865398914295115
43200	1557946667863	53	15	0.003745517354828097	0.005895791245791246	29	22	0.9865614410264846
43300	1557946689673	36	21	0.00375259088665899	0.00588114478114478	14	20	0.9864869221911499
43400	1557946711717	40	11	0.0037430498437242966	0.005909090909090909	16	21	0.9865650600427702
43500	1557946733647	38	13	0.0037453528540878434	0.005881313131313131	15	21	0.9865775620990295
43600	1557946755596	36	11	0.0037384438229972035	0.005880976430976431	14	20	0.9865742720842243
43700	1557946777670	39	11	0.0037289027800625103	0.0058506734006734005	16	21	0.9865843066293798
43800	1557946799321	34	8	0.0037520973844382298	0.005842255892255893	15	17	0.9865361079124856
43900	1557946820898	38	10	0.0037542358940615235	0.005867676767676767	15	20	0.9865698305642375
44000	1557946842590	37	13	0.0037414048363217634	0.005858754208754209	14	21	0.9866259253166639
44100	1557946864362	39	17	0.0037443658496463233	0.00587003367003367	15	22	0.9865366014147063
44200	1557946886043	39	16	0.0037448593518670833	0.005874074074074075	14	23	0.9865783846027307
44300	1557946907753	39	23	0.0037645994406974833	0.00589006734006734	15	22	0.9865342984043428
44400	1557946929408	39	11	0.0037711794703076166	0.005895454545454545	16	21	0.9866061852278335
44500	1557946951083	52	23	0.0037399243296594837	0.005895959595959596	27	22	0.9866002632011844
44600	1557946972821	36	12	0.003745517354828097	0.0059013468013468014	14	20	0.9865277183747326
44700	1557946994463	41	16	0.0037606514229314033	0.005894276094276094	17	21	0.986531172890278
44800	1557947016150	43	11	0.0037409113341010033	0.005886531986531987	17	24	0.986591544661951
44900	1557947037852	37	14	0.0037573614081263364	0.005884175084175084	15	20	0.9865520644842902
45000	1557947059559	39	10	0.0037428853429840436	0.005876094276094277	16	21	0.9865762460931075
45100	1557947081092	38	15	0.0037310412896858036	0.005868013468013468	15	21	0.9866005922026649
45200	1557947102709	36	22	0.003745517354828097	0.005876599326599326	16	18	0.9865777265997697
45300	1557947124654	37	16	0.0037372923178154304	0.005903198653198652	15	20	0.9865917091626912
45400	1557947146361	42	17	0.0037448593518670833	0.005890909090909091	16	24	0.9865861161375227
45500	1557947168172	38	16	0.00374666886000987	0.005873737373737374	16	20	0.986540878433953
45600	1557947189899	38	13	0.0037598289192301367	0.005883501683501683	14	20	0.9865226188517848
45700	1557947211416	39	8	0.00373531830893239	0.005882828282828283	16	21	0.9866575094587926
45800	1557947233115	45	17	0.0037483138674124033	0.005907575757575758	22	21	0.986552557986511
45900	1557947254884	38	11	0.0037256127652574435	0.005871212121212121	14	21	0.9865092942918243
46000	1557947276586	39	16	0.0037463398585293635	0.00586111111111111	16	21	0.9866015792071064
46100	1557947298372	39	11	0.0037645994406974833	0.005886363636363637	15	22	0.986456489554203
46200	1557947319981	38	11	0.0037400888303997367	0.00586060606060606	16	20	0.986553873992433
46300	1557947341625	36	11	0.0037747984865931896	0.005877441077441078	14	20	0.9865704885671985
46400	1557947363257	38	15	0.0037170587267642704	0.005912121212121212	15	21	0.986553215989472
46500	1557947384917	39	11	0.00376246093107419	0.0058794612794612795	17	20	0.9866371113670012
46600	1557947406495	36	11	0.0037364698141141633	0.005901683501683502	15	19	0.986553215989472
46700	1557947428442	40	9	0.0037696989636453364	0.005877946127946128	17	21	0.9865329823984208
46800	1557947450247	36	12	0.0037736469814114164	0.005869191919191919	14	20	0.9865484454680046
46900	1557947471892	57	11	0.0037524263859187367	0.0058703703703703695	35	20	0.9865329823984208
47000	1557947493593	38	13	0.00376246093107419	0.005898821548821549	16	19	0.986539562428031
47100	1557947515097	39	20	0.00374913637111367	0.005857744107744108	15	22	0.9865894061523277
47200	1557947536751	37	14	0.0037367988155946703	0.005892087542087542	15	20	0.9865637440368482
47300	1557947558228	38	13	0.0037822010199045895	0.0058639730639730644	16	20	0.9864768876459944
47400	1557947579958	35	9	0.003766573449580523	0.005885521885521885	13	19	0.9865012337555519
47500	1557947601647	38	15	0.0037599934199703897	0.005889225589225589	15	21	0.9865440039480178
47600	1557947623471	38	11	0.0037618029281131764	0.005893602693602694	15	21	0.9866359598618194
47700	1557947645187	38	11	0.0037608159236716563	0.005875757575757576	15	21	0.9865380819213686
47800	1557947666902	39	21	0.0037433788452048036	0.005873400673400673	15	21	0.9865288698799145
47900	1557947688423	38	10	0.00375012337555519	0.0058816498316498315	16	20	0.9864852771837473
48000	1557947710083	51	14	0.0037637769369962167	0.005893265993265994	28	21	0.9865183418325383
48100	1557947731851	38	15	0.00375653890442507	0.005913468013468013	15	21	0.9865283763776937
48200	1557947753522	38	13	0.0037922355650600427	0.00592895622895623	15	21	0.9864791906563579
48300	1557947775217	39	11	0.0037509458792564566	0.005908417508417508	15	22	0.9865061687777595
48400	1557947797070	42	12	0.003762625431814443	0.0059006734006734	17	23	0.9865871031419642
48500	1557947818942	36	12	0.00376591544661951	0.005910942760942761	14	20	0.9865132423095904
48600	1557947840996	39	13	0.0037509458792564566	0.005895454545454545	15	22	0.9864614245764106
48700	1557947862855	37	9	0.0037805560125020563	0.005892760942760943	14	21	0.986557164007238
48800	1557947884698	37	11	0.003778417502878763	0.005924074074074074	15	20	0.9865671985523935
48900	1557947906555	38	19	0.0037474913637111367	0.005865319865319866	15	21	0.986562921533147
49000	1557947928388	37	13	0.00376492844217799	0.005915488215488215	15	20	0.9865417009376543
49100	1557947950101	38	16	0.003793880572462576	0.005902188552188552	16	20	0.9865361079124856
49200	1557947971885	39	13	0.0037838460273071227	0.005922390572390573	16	20	0.9864823161704228
49300	1557947993876	50	15	0.0037826945221253495	0.00587020202020202	28	20	0.9865351209080441
49400	1557948015514	41	11	0.00376196742885343	0.005884848484848485	18	20	0.9865056752755388
49500	1557948037126	38	8	0.00376640894884027	0.005871380471380471	15	20	0.986527882875473
49600	1557948058781	38	20	0.003769040960684323	0.00589949494949495	14	22	0.9864681691067609
49700	1557948080417	38	17	0.0037539068925810165	0.005902693602693602	16	20	0.986542852442836
49800	1557948102178	38	19	0.00375505839776279	0.005917003367003367	15	21	0.9865324888962
49900	1557948123856	38	26	0.0037573614081263364	0.005909259259259259	16	20	0.9865088007896036
50000	1557948145438	37	16	0.0037685474584635632	0.00591010101010101	14	21	0.9865007402533311
50100	1557948167104	36	11	0.0037618029281131764	0.005905892255892256	14	20	0.9865670340516532
50200	1557948188868	39	21	0.0037723309754893897	0.005909090909090909	17	20	0.9865425234413555
50300	1557948210705	38	15	0.003770521467346603	0.005928282828282828	16	20	0.9865459779569008
50400	1557948232510	44	15	0.0037522618851784833	0.005926262626262626	21	21	0.9865704885671985
50500	1557948254110	38	12	0.003775620990294456	0.00592020202020202	15	21	0.9864864286889291
50600	1557948275686	36	19	0.003749465372594177	0.005913468013468013	14	20	0.9865321598947195
50700	1557948297337	37	9	0.0038001316005922027	0.005865488215488215	15	20	0.9865611120250041
50800	1557948319060	39	15	0.003766573449580523	0.005879629629629629	16	20	0.9865390689258101
50900	1557948340851	38	24	0.003786313538410923	0.0058818181818181825	15	21	0.9865079782859023
51000	1557948362602	37	16	0.003758183911827603	0.005884175084175084	14	21	0.986530514887317
51100	1557948384341	38	22	0.0037519328836979767	0.005910606060606061	13	23	0.9864977792400066
51200	1557948406166	39	15	0.003782365520644843	0.005908417508417508	16	21	0.9865869386412239
51300	1557948427843	52	18	0.003786478039151176	0.005922053872053872	29	21	0.9865459779569008
51400	1557948449548	38	13	0.0037669024510610296	0.005905555555555555	15	21	0.986468827109722
51500	1557948471248	37	14	0.003790261556177003	0.005890909090909091	14	20	0.9864859351867084
51600	1557948492989	39	12	0.003777430498437243	0.005886195286195286	16	21	0.9865088007896036
51700	1557948514745	45	8	0.003781872018424083	0.005913299663299663	16	27	0.9864801776607994
51800	1557948536447	39	13	0.0037448593518670833	0.005913131313131314	15	22	0.9865438394472775
51900	1557948558042	38	21	0.0037604869221911498	0.0059257575757575755	16	20	0.9865795361079125
52000	1557948579684	38	13	0.003771014969567363	0.005919696969696969	15	21	0.9866014147063662
52100	1557948601394	38	24	0.0037544003948017765	0.005936026936026935	16	20	0.9866022372100675
52200	1557948623341	37	16	0.003786807040631683	0.005889730639730639	15	20	0.986544826451719
52300	1557948644943	36	16	0.00376246093107419	0.0058989898989898985	16	18	0.9865430169435763
52400	1557948666684	48	14	0.003767560454022043	0.005904208754208754	26	20	0.9865573285079783
52500	1557948688464	36	17	0.003764105938476723	0.005890740740740741	14	20	0.9865839776278993
52600	1557948710297	37	14	0.0037687119592038163	0.005884848484848485	15	20	0.9865209738443823
52700	1557948732025	42	12	0.0037544003948017765	0.00588114478114478	19	21	0.9866130942589242
52800	1557948753729	39	9	0.003765586445139003	0.00585016835016835	16	21	0.9865224543510446
52900	1557948775450	38	21	0.0037548938970225366	0.005849158249158249	15	21	0.9864510610297746
53000	1557948797086	38	8	0.003759664418489883	0.005878451178451178	16	20	0.9865841421286395
53100	1557948818831	38	13	0.0037766079947359763	0.00588063973063973	15	21	0.9864703076163843
53200	1557948840410	38	13	0.003768053956242803	0.00590050505050505	15	21	0.9865680210560948
53300	1557948862452	36	22	0.0037762789932554697	0.005913131313131314	13	21	0.9865359434117453
53400	1557948884156	38	22	0.0038174041783188024	0.005876262626262626	16	20	0.9864829741733838
53500	1557948905809	49	13	0.003770027965125843	0.0058730639730639736	25	22	0.9865339694028623
53600	1557948927360	39	16	0.003781378516203323	0.005877609427609427	16	21	0.9865076492844218
53700	1557948949096	34	16	0.003789768053956243	0.005872053872053872	14	18	0.9864974502385261
53800	1557948970803	38	14	0.003790919559138016	0.005877777777777778	15	21	0.9865203158414213
53900	1557948992582	40	9	0.0037743049843724295	0.005886868686868688	18	20	0.9865527224872512
54000	1557949014473	38	14	0.0037912485606185226	0.005912962962962963	16	20	0.9865351209080441
54100	1557949036250	38	16	0.0037701924658660965	0.005903367003367003	15	20	0.9865265668695509
54200	1557949058013	39	9	0.003782859022865603	0.0059547138047138055	16	21	0.9864805066622799
54300	1557949079763	40	13	0.0037935515709820694	0.005938720538720539	15	23	0.9865048527718375
54400	1557949101464	40	27	0.0037743049843724295	0.005929124579124579	17	21	0.9864882381970719
54500	1557949123109	37	13	0.0037922355650600427	0.005923737373737374	15	20	0.9865242638591873
54600	1557949144794	38	18	0.0037798980095410427	0.005891414141414141	15	21	0.9864003948017767
54700	1557949166430	39	14	0.0037746339858529365	0.005910774410774411	16	21	0.9864974502385261
54800	1557949188136	38	12	0.003775456489554203	0.005904040404040404	15	21	0.9865593025168613
54900	1557949209828	37	20	0.0037701924658660965	0.005918686868686868	14	21	0.9864263859187367
55000	1557949231543	41	13	0.003779404507320283	0.005926767676767676	16	23	0.986531172890278
55100	1557949253136	37	14	0.0037940450732028294	0.0058989898989898985	15	19	0.9864500740253331
55200	1557949274916	37	13	0.0037731534791906563	0.005910774410774411	15	20	0.9865839776278993
55300	1557949296716	42	12	0.0037669024510610296	0.005915319865319866	19	21	0.9865326533969403
55400	1557949318506	40	8	0.0037905905576575095	0.005924579124579125	15	22	0.9864936667215003
55500	1557949340240	37	16	0.0037798980095410427	0.005930808080808081	17	17	0.9865459779569008
55600	1557949362052	36	13	0.003785820036190163	0.005911447811447811	14	20	0.9865303503865768
55700	1557949383831	50	17	0.0037703569666063495	0.005912962962962963	27	21	0.9865176838295773
55800	1557949405490	37	14	0.003737127817075177	0.0059057239057239055	16	19	0.98655189998355
55900	1557949427110	37	11	0.003787958545813456	0.005924915824915825	13	22	0.9865032077644349
56000	1557949448876	40	22	0.0037701924658660965	0.00590959595959596	15	23	0.9864859351867084
56100	1557949470596	39	10	0.0037644349399572298	0.00592020202020202	16	20	0.9865803586116138
56200	1557949492313	37	10	0.0037882875472939627	0.005902525252525253	14	21	0.9865479519657838
56300	1557949514032	39	13	0.00377331797993091	0.005917676767676768	16	21	0.9865101167955256
56400	1557949535774	38	17	0.003738114821516697	0.005913468013468013	16	19	0.9865237703569666
56500	1557949557527	38	12	0.0038080276361243627	0.005878114478114478	16	20	0.986518177331798
56600	1557949579268	40	16	0.0037935515709820694	0.005893265993265994	15	23	0.9865550254976148
56700	1557949601079	37	17	0.0037409113341010033	0.005892760942760943	14	21	0.9865259088665899
56800	1557949622850	47	11	0.0037662444481000165	0.005912626262626263	24	21	0.9864803421615397
56900	1557949644671	38	22	0.0037802270110215497	0.005897306397306398	15	21	0.9865068267807205
57000	1557949666418	53	11	0.0037514393814772166	0.005923905723905725	30	21	0.986583813127159
57100	1557949688173	36	17	0.00375801941108735	0.005892592592592593	14	20	0.9865369304161868
57200	1557949710147	45	16	0.0037692054614245764	0.005868855218855219	22	21	0.986563579536108
57300	1557949732027	37	17	0.003810659647968416	0.005858754208754209	14	21	0.9865106102977463
57400	1557949753810	40	11	0.0037767724954762298	0.005867508417508418	17	21	0.9865420299391348
57500	1557949775535	38	14	0.003801776607994736	0.0058791245791245785	15	21	0.9865122553051489
57600	1557949797142	39	13	0.0037876295443329496	0.005882491582491583	15	22	0.9865875966441849
57700	1557949818975	38	13	0.0037736469814114164	0.00587003367003367	15	20	0.9864660305971377
57800	1557949840565	39	16	0.0037757854910347097	0.005870707070707071	16	21	0.9865354499095246
57900	1557949862387	54	10	0.0037708504688271096	0.005867171717171717	30	20	0.986542852442836
58000	1557949884107	36	12	0.00375801941108735	0.005893939393939393	14	20	0.9865482809672643
58100	1557949905858	38	10	0.003768053956242803	0.005889898989898989	15	21	0.9865359434117453
58200	1557949927697	39	16	0.003810330646487909	0.0058750841750841755	16	21	0.9864714591215661
58300	1557949949524	37	17	0.0037708504688271096	0.005908249158249158	15	20	0.9864160223721007
58400	1557949971233	40	11	0.0037856555354499094	0.00591043771043771	16	21	0.9864887316992926
58500	1557949992978	39	11	0.0037682184569830563	0.005932996632996633	14	23	0.9865607830235236
58600	1557950014731	40	15	0.0038058891265010694	0.00589006734006734	16	21	0.9865005757525909
58700	1557950036546	40	12	0.003776936996216483	0.00591010101010101	17	21	0.9865517354828097
58800	1557950058213	38	17	0.0037896035532159894	0.005924747474747474	16	20	0.9865148873169929
58900	1557950080052	40	12	0.003766573449580523	0.005891582491582492	18	20	0.9865173548280968
59000	1557950101728	47	11	0.003764105938476723	0.0058769360269360265	23	21	0.9864964632340846
59100	1557950123583	38	8	0.0037563744036848167	0.005887037037037037	15	21	0.9865349564073038
59200	1557950145357	38	18	0.003790261556177003	0.005904713804713804	15	20	0.986520151340681
59300	1557950167020	36	14	0.003788781049514723	0.0059301346801346804	15	19	0.9865553544990953
59400	1557950188667	39	14	0.0038070406316828426	0.005906902356902358	16	21	0.9865438394472775
59500	1557950210382	38	15	0.0037802270110215497	0.005904040404040404	15	21	0.9865366014147063
59600	1557950232197	39	12	0.0037920710643197892	0.005883333333333334	15	22	0.9864655370949169
59700	1557950254112	41	14	0.003780062510281296	0.005888047138047138	17	21	0.986387070241816
59800	1557950275772	39	17	0.0037866425398914295	0.0058993265993265995	15	22	0.9865400559302517
59900	1557950297509	38	19	0.0037866425398914295	0.005894949494949495	14	21	0.9864921862148379
60000	1557950319347	38	11	0.0038001316005922027	0.0058791245791245785	15	21	0.9865612765257443
60100	1557950341043	49	15	0.0037877940450732027	0.005892592592592593	26	21	0.9864520480342162
60200	1557950362842	102	10	0.0037891100509952294	0.0058814814814814815	16	23	0.9865987826945222
60300	1557950384601	38	18	0.0037797335088007897	0.005911616161616162	15	21	0.9865157098206941
60400	1557950406296	37	20	0.0037871360421121896	0.00588047138047138	15	20	0.9865400559302517
60500	1557950428047	40	11	0.0037940450732028294	0.005889730639730639	17	21	0.9864477710149696
60600	1557950449846	36	8	0.0038114821516696826	0.005906734006734007	15	19	0.9864579700608652
60700	1557950471755	40	13	0.0038006251028129628	0.005916835016835017	15	22	0.98651949333772
60800	1557950493478	39	12	0.0038083566376048692	0.005922895622895623	17	20	0.9864844546800461
60900	1557950515479	39	13	0.003785820036190163	0.005915319865319866	16	21	0.9865189998354993
61000	1557950537287	48	10	0.003815265668695509	0.005912121212121212	25	21	0.9864561605527224
61100	1557950559049	36	11	0.003785326533969403	0.005926094276094277	14	20	0.9865949991774963
61200	1557950580817	40	11	0.003781872018424083	0.005929124579124579	16	22	0.986398749794374
61300	1557950602656	38	17	0.003806876130942589	0.005937878787878788	15	21	0.9865056752755388
61400	1557950624543	40	9	0.003799802599111696	0.005912962962962963	16	22	0.986457147557164
61500	1557950646486	39	22	0.0037986510939299225	0.005914141414141414	16	20	0.9864796841585787
61600	1557950668301	38	13	0.003799967099851949	0.005938047138047138	15	20	0.9864880736963316
61700	1557950689943	39	15	0.0037881230465537097	0.005914983164983165	16	21	0.9864403684816582
61800	1557950711845	38	9	0.0037961835828261227	0.005907744107744107	16	20	0.9864757361408126
61900	1557950733660	40	13	0.003787465043592696	0.005916666666666667	16	22	0.9865407139332127
62000	1557950755288	39	12	0.0037884520480342162	0.005894612794612795	16	21	0.986533146899161
62100	1557950777100	36	9	0.0037711794703076166	0.00591936026936027	14	20	0.9865760815923672
62200	1557950798775	39	15	0.0037851620332291494	0.005923737373737374	17	20	0.9865484454680046
62300	1557950820587	38	13	0.0037922355650600427	0.005915151515151516	14	22	0.9865377529198881
62400	1557950842412	38	12	0.003784010528047376	0.00588114478114478	15	21	0.9864046718210232
62500	1557950864154	39	18	0.0038080276361243627	0.005894949494949495	16	21	0.9865390689258101
62600	1557950886283	47	11	0.0037805560125020563	0.0059257575757575755	24	21	0.9864939957229808
62700	1557950908177	36	16	0.0037974995887481494	0.00592003367003367	14	20	0.9864841256785656
62800	1557950929909	33	28	0.003798322092449416	0.005916498316498316	13	18	0.9864936667215003
62900	1557950951761	36	12	0.0037871360421121896	0.0059037037037037035	14	20	0.9865083072873828
63000	1557950973635	39	17	0.0037917420628392827	0.0059171717171717176	17	20	0.9865004112518506
63100	1557950995475	39	12	0.0038058891265010694	0.005886531986531987	16	21	0.98654548445468
63200	1557951017393	38	16	0.0038076986346438557	0.00588047138047138	15	20	0.9865053462740583
63300	1557951039078	38	21	0.003786971541371936	0.0059037037037037035	15	21	0.9864739266326699
63400	1557951060885	40	11	0.003788781049514723	0.005911616161616162	17	21	0.9865364369139661
63500	1557951082707	41	9	0.0037974995887481494	0.005936700336700337	16	23	0.9865119263036684
63600	1557951104595	38	11	0.0037896035532159894	0.005944444444444445	15	21	0.9864939957229808
63700	1557951126389	40	9	0.0037905905576575095	0.005912794612794613	16	22	0.9865114328014476
63800	1557951148062	38	26	0.003802270110215496	0.005885521885521885	15	21	0.9865472939628228
63900	1557951169732	40	15	0.003821681197565389	0.005911952861952861	18	20	0.9864962987333443
64000	1557951191450	40	15	0.003795854581345616	0.005936026936026935	16	21	0.9865045237703569
64100	1557951213132	39	19	0.003805724625760816	0.00594057239057239	15	21	0.9864788616548774
64200	1557951235032	46	11	0.003797335088007896	0.005925420875420876	24	20	0.9864249054120744
64300	1557951256983	38	10	0.0038114821516696826	0.00592053872053872	15	21	0.9863923342655042
64400	1557951278762	47	15	0.0038009541042934693	0.0059281144781144785	16	29	0.9864543510445797
64500	1557951300412	39	12	0.0037924000658002962	0.005909932659932659	15	22	0.9865139003125514
64600	1557951322246	38	12	0.0038060536272413225	0.005909427609427609	14	22	0.9865191643362395
64700	1557951344244	39	14	0.003808685639085376	0.005896127946127947	15	22	0.9865056752755388
64800	1557951366206	38	11	0.003801283105773976	0.005881986531986532	15	20	0.9864987662444481
64900	1557951387990	37	16	0.003810824148708669	0.0058791245791245785	15	20	0.9865833196249383
65000	1557951409766	39	12	0.003798322092449416	0.005895286195286196	17	20	0.9865099522947853
65100	1557951431762	48	13	0.0038243132094094422	0.005917676767676768	26	20	0.9864406974831387
65200	1557951453818	37	17	0.0037876295443329496	0.005902356902356903	14	21	0.986518177331798
65300	1557951475754	42	14	0.003800296101332456	0.005937710437710438	16	24	0.9865270603717716
65400	1557951497781	38	8	0.003811153150189176	0.005944276094276094	15	21	0.9865306793880573
65500	1557951519591	37	15	0.0038229972034874156	0.005969360269360269	15	20	0.9865137358118111
65600	1557951541292	41	17	0.0037802270110215497	0.005945454545454546	18	21	0.9864888962000329
65700	1557951563077	41	22	0.003786313538410923	0.005942929292929293	17	22	0.9865890771508472
65800	1557951584973	50	13	0.003807369633163349	0.005939730639730639	28	20	0.9864566540549432
65900	1557951606602	39	9	0.003798322092449416	0.005918518518518518	15	22	0.9865130778088501
66000	1557951628449	40	10	0.003798815594670176	0.0059345117845117845	17	21	0.9864740911334101
66100	1557951650271	37	16	0.0038004606020727093	0.0059190235690235685	15	20	0.9865741075834841
66200	1557951671962	38	15	0.0038208586938641223	0.005918013468013468	15	21	0.9866198387892745
66300	1557951693794	38	13	0.003800296101332456	0.00592070707070707	14	22	0.9864954762296431
66400	1557951715822	38	14	0.0038172396775785493	0.005923737373737374	15	21	0.9865081427866426
66500	1557951737614	47	13	0.003793880572462576	0.005927441077441078	24	21	0.9864487580194111
66600	1557951759535	38	16	0.003802763612436256	0.005923063973063973	16	20	0.9864586280638263
66700	1557951781385	40	16	0.003830564237539069	0.005897474747474748	17	21	0.9864262214179964
66800	1557951803221	35	9	0.0038244777101496957	0.005912289562289562	14	19	0.9865017272577726
66900	1557951824992	39	19	0.003807205132423096	0.0059212121212121206	16	21	0.9865186708340188
67000	1557951846830	40	13	0.003801612107254483	0.005896127946127947	16	22	0.9865157098206941
67100	1557951868589	40	11	0.0038208586938641223	0.005903030303030303	17	21	0.9865180128310578
67200	1557951890276	40	18	0.003779075505839776	0.005912962962962963	16	22	0.9865117618029281
67300	1557951912088	41	14	0.0037886165487744693	0.005893265993265994	16	23	0.9865282118769535
67400	1557951933846	37	12	0.0037741404836321765	0.00592020202020202	15	20	0.9865426879420958
67500	1557951955703	40	12	0.003806218127981576	0.005873232323232324	15	23	0.9864831386741241
67600	1557951977475	37	27	0.0038132916598124693	0.005915319865319866	15	20	0.9864522125349564
67700	1557951999066	35	20	0.003797828590228656	0.0058991582491582486	13	20	0.9864507320282941
67800	1557952020930	37	13	0.003802928113176509	0.005894276094276094	15	19	0.9864309919394637
67900	1557952042755	44	15	0.003801118605033723	0.005904208754208754	22	20	0.9864875801941109
68000	1557952064491	40	16	0.0037780885013982564	0.005933164983164984	16	22	0.9865382464221089
68100	1557952086469	41	18	0.0038159236716565226	0.005915319865319866	17	21	0.9864670176015792
68200	1557952108460	39	24	0.003814114163513736	0.005954882154882155	16	21	0.9864903767066951
68300	1557952130273	38	8	0.003832209244941602	0.005925252525252525	15	21	0.9864449745023852
68400	1557952152187	38	18	0.0038042441190985357	0.005932154882154882	15	21	0.9865622635301858
68500	1557952173919	39	16	0.003810824148708669	0.005953030303030303	16	21	0.9864704721171246
68600	1557952195844	41	11	0.003813785162033229	0.005919191919191919	18	21	0.9864398749794374
68700	1557952217741	37	10	0.003796841585787136	0.005916329966329966	15	20	0.9865760815923672
68800	1557952239399	44	10	0.0038234907057081756	0.005923905723905725	22	20	0.986570817568679
68900	1557952261142	39	25	0.003814114163513736	0.005905050505050505	16	20	0.9865507484783681
69000	1557952282904	35	14	0.0038149366672150025	0.005937205387205388	13	20	0.9864740911334101
69100	1557952304737	38	13	0.0037787465043592696	0.005918686868686868	16	20	0.986542852442836
69200	1557952326549	43	14	0.0037780885013982564	0.005950673400673401	18	22	0.9865129133081099
69300	1557952348286	38	10	0.003793880572462576	0.00595925925925926	14	22	0.9864660305971377
69400	1557952370117	36	17	0.003790919559138016	0.0059654882154882155	15	19	0.9865081427866426
69500	1557952391871	49	11	0.0038262872182924824	0.005937373737373738	26	21	0.9864573120579042
69600	1557952413695	38	11	0.0037841750287876297	0.005922053872053872	15	21	0.9865833196249383
69700	1557952435525	37	10	0.003805231123540056	0.005967845117845118	15	20	0.9865249218621484
69800	1557952457638	39	13	0.003807863135384109	0.005953703703703704	17	19	0.9864953117289028
69900	1557952479440	37	18	0.0038081921368646157	0.005900336700336701	14	21	0.9865907221582497
70000	1557952501445	38	17	0.0038358282612271756	0.005892592592592593	15	21	0.9864614245764106
70100	1557952523292	39	12	0.0038024346109557495	0.005943939393939395	16	20	0.9864592860667873
70200	1557952545049	46	16	0.0037951965783846026	0.00592003367003367	24	20	0.986541536436914
70300	1557952566818	39	7	0.003794209573943083	0.0059523569023569025	16	21	0.986575917091627
70400	1557952588804	40	12	0.003803421615397269	0.005957744107744108	16	22	0.9865581510116795
70500	1557952610653	38	10	0.003808685639085376	0.0059547138047138055	15	21	0.986455831551242
70600	1557952632421	39	13	0.003813620661292976	0.005956060606060605	17	20	0.9865191643362395
70700	1557952654299	38	21	0.003787958545813456	0.005938552188552188	14	22	0.9865362724132258
70800	1557952676044	39	14	0.003819871689422602	0.005931144781144782	15	22	0.9865196578384603
70900	1557952697923	37	14	0.003821023194604376	0.0059257575757575755	14	21	0.9864523770356967
71000	1557952719774	38	9	0.0038218456983056424	0.005928787878787879	15	21	0.986553873992433
71100	1557952741764	40	9	0.003810330646487909	0.005931313131313131	17	21	0.9865125843066294
71200	1557952763823	37	21	0.0038132916598124693	0.005945959595959597	15	20	0.9865245928606678
71300	1557952785735	37	11	0.003824148708669189	0.005931649831649832	14	21	0.9864823161704228
71400	1557952807474	46	15	0.003829083730876789	0.005935016835016835	24	20	0.9864903767066951
71500	1557952829303	39	14	0.0038114821516696826	0.005949326599326599	15	22	0.9865267313702911
71600	1557952851003	42	17	0.003787465043592696	0.005945454545454546	17	23	0.986442835992762
71700	1557952872848	37	15	0.003819707188682349	0.005946801346801346	15	20	0.9865043592696167
71800	1557952894486	40	12	0.003814772166474749	0.005906734006734007	16	22	0.9864642210889949
71900	1557952916246	38	16	0.0038075341339036026	0.005939730639730639	15	21	0.9865022207599934
72000	1557952937920	37	9	0.0038090146405658823	0.005915488215488215	14	21	0.9864714591215661
72100	1557952959798	51	24	0.003806218127981576	0.005892929292929293	27	21	0.9865300213850963
72200	1557952981490	38	13	0.0038172396775785493	0.0058818181818181825	16	20	0.9864880736963316
72300	1557953003318	39	13	0.003809179141306136	0.005912289562289562	17	20	0.9864647145912157
72400	1557953025101	38	8	0.0038030926139167626	0.005924074074074074	15	21	0.9864910347096562
72500	1557953046760	38	13	0.0038284257279157757	0.00589983164983165	16	20	0.9864625760815924
72600	1557953068572	37	10	0.0038373087678894554	0.005898484848484848	15	20	0.9864908702089159
72700	1557953090109	39	12	0.0038169106760980423	0.005948653198653199	15	22	0.9864421779898009
72800	1557953111918	46	14	0.003814278664253989	0.005917845117845118	24	20	0.9863898667544004
72900	1557953133946	39	22	0.003805066622799803	0.005922390572390573	16	21	0.9864704721171246
73000	1557953155729	39	13	0.003809179141306136	0.005929797979797979	15	22	0.9864607665734496
73100	1557953177651	39	28	0.003823655206448429	0.005936026936026935	16	21	0.9864895542029939
73200	1557953199479	41	12	0.0038190491857213356	0.0059037037037037035	16	23	0.9864556670505017
73300	1557953221443	39	18	0.003822010199045896	0.005902525252525253	17	19	0.9864885671985524
73400	1557953243147	38	12	0.0038178976805395624	0.0058791245791245785	16	20	0.986516861325876
73500	1557953265120	44	14	0.003804737621319296	0.005874747474747475	24	17	0.9864601085704886
73600	1557953286879	38	15	0.0038183911827603225	0.005897643097643097	16	20	0.9864717881230466
73700	1557953308630	39	13	0.0037966770850468828	0.005895454545454545	16	21	0.986516203322915
73800	1557953330452	37	13	0.003799309096890936	0.005894949494949495	15	20	0.9865171903273565
73900	1557953352250	37	12	0.0038206941931238692	0.005875757575757576	15	20	0.9864484290179306
74000	1557953374146	38	12	0.0038160881723967757	0.0059060606060606065	16	20	0.9864599440697484
74100	1557953396076	39	14	0.0038200361901628557	0.005926094276094277	15	22	0.9864606020727094
74200	1557953417842	37	22	0.0038328672479026158	0.005892760942760943	15	20	0.9864749136371114
74300	1557953439684	39	13	0.0037951965783846026	0.005897979797979798	15	22	0.9864786971541372
74400	1557953461492	40	14	0.0037920710643197892	0.0059037037037037035	17	20	0.9865324888962
74500	1557953483286	37	12	0.003799967099851949	0.005902861952861953	15	20	0.9864775456489554
74600	1557953505009	39	15	0.003799473597631189	0.0059057239057239055	16	19	0.9865346274058233
74700	1557953526801	39	23	0.0038200361901628557	0.005904377104377105	17	20	0.9864426714920217
74800	1557953548690	38	15	0.0037996380983714426	0.005944107744107744	16	20	0.9865043592696167
74900	1557953570586	39	15	0.003801283105773976	0.00592020202020202	16	21	0.9865048527718375
75000	1557953592589	37	9	0.0038248067116302023	0.005933333333333333	15	20	0.9864099358447113
75100	1557953614404	39	18	0.003824642210889949	0.005912626262626263	16	21	0.9864273729231782
75200	1557953636159	39	16	0.0038228327027471625	0.005904545454545455	16	20	0.9864780391511762
75300	1557953658039	37	13	0.0038200361901628557	0.005914141414141414	15	20	0.9865012337555519
75400	1557953679851	38	20	0.0038109886494489226	0.005928451178451179	16	20	0.986517519328837
75500	1557953701650	36	16	0.0037935515709820694	0.00591936026936027	14	20	0.9865443329494983
75600	1557953723232	37	9	0.0038065471294620825	0.005895286195286196	15	20	0.9864576410593847
75700	1557953744868	39	13	0.003837473268629709	0.005935858585858586	16	21	0.9865010692548116
75800	1557953766624	37	19	0.003827274222734002	0.005957070707070707	15	20	0.9864589570653068
75900	1557953788313	37	9	0.003805066622799803	0.005927441077441078	15	20	0.9865566705050173
76000	1557953810056	38	9	0.0038144431649942425	0.005922053872053872	15	21	0.9865017272577726
76100	1557953831961	50	10	0.0037877940450732027	0.005918855218855219	28	20	0.9864806711630202
76200	1557953853769	40	14	0.0038348412567856555	0.005903198653198652	16	21	0.9865170258266163
76300	1557953875485	44	13	0.0038129626583319623	0.00591043771043771	18	24	0.9864240829083731
76400	1557953897225	37	12	0.003798815594670176	0.005904713804713804	15	20	0.9865010692548116
76500	1557953918985	36	9	0.0038144431649942425	0.005903367003367003	14	20	0.9864670176015792
76600	1557953940843	38	23	0.0038119756538904427	0.005906228956228956	16	20	0.9864653725941767
76700	1557953962788	37	17	0.0038284257279157757	0.005924915824915825	15	20	0.9864385589735154
76800	1557953984649	46	13	0.003817733179799309	0.005934848484848485	24	20	0.9864923507155782
76900	1557954006522	40	17	0.003823161704227669	0.005927104377104377	18	20	0.9864833031748643
77000	1557954028386	37	15	0.003803750616877776	0.005905050505050505	15	20	0.9865313373910183
77100	1557954050386	39	9	0.003848001316005922	0.005921717171717171	16	21	0.9864759006415529
77200	1557954072200	39	17	0.0038021056094752425	0.005919191919191919	16	20	0.9865257443658496
77300	1557954094202	37	15	0.003798322092449416	0.005929797979797979	14	21	0.9864900477052146
77400	1557954116051	37	14	0.003810824148708669	0.005913973063973063	15	20	0.9865574930087185
77500	1557954137790	48	17	0.003806876130942589	0.0058947811447811445	26	20	0.9865122553051489
77600	1557954159565	42	20	0.0038104951472281625	0.005924410774410775	18	22	0.986516861325876
77700	1557954181483	38	12	0.0038124691561112027	0.005922727272727272	17	19	0.9864806711630202
77800	1557954203243	37	9	0.0038053956242803093	0.005897306397306398	15	20	0.9865351209080441
77900	1557954225058	37	11	0.0038014476065142294	0.005912626262626263	15	20	0.9864895542029939
78000	1557954246902	40	22	0.003814114163513736	0.005911279461279461	16	22	0.986544826451719
78100	1557954268919	38	16	0.0037955255798651096	0.005882659932659932	15	21	0.9864553380490212
78200	1557954290689	39	9	0.003799473597631189	0.005937205387205388	17	20	0.9864193123869057
78300	1557954312591	39	19	0.003805231123540056	0.005938720538720539	16	21	0.9865380819213686
78400	1557954334332	38	13	0.0038134561605527224	0.005937878787878788	16	19	0.9865111037999671
78500	1557954356146	41	9	0.0037955255798651096	0.005941919191919192	17	21	0.9864670176015792
78600	1557954377916	40	16	0.0038063826287218295	0.005929797979797979	15	23	0.9864561605527224
78700	1557954399599	46	12	0.003810824148708669	0.0059006734006734	23	21	0.9865611120250041
78800	1557954421340	37	12	0.003818226682020069	0.00593939393939394	15	20	0.9865329823984208
78900	1557954443164	40	9	0.0038203651916433622	0.005958754208754209	17	21	0.9864632340845534
79000	1557954465127	39	25	0.0038001316005922027	0.00594057239057239	15	22	0.9865625925316663
79100	1557954486999	39	12	0.0038121401546306957	0.005952693602693603	16	21	0.9865397269287712
79200	1557954508800	37	8	0.0038021056094752425	0.005964478114478115	14	21	0.9864520480342162
79300	1557954530489	38	13	0.003795361079124856	0.005943097643097643	15	21	0.9865341339036026
79400	1557954552412	49	14	0.003829083730876789	0.005923905723905725	26	21	0.986457147557164
79500	1557954574182	37	13	0.0038325382464221088	0.005928619528619529	15	19	0.9864790261556177
79600	1557954596019	43	15	0.003814607665734496	0.005926599326599327	17	23	0.9864892252015134
79700	1557954617898	39	12	0.0037956900806053627	0.005931986531986531	15	22	0.9864708011186051
79800	1557954639764	38	16	0.0038257937160717224	0.0059102693602693605	15	21	0.9864782036519164
79900	1557954661609	40	22	0.0038045731205790427	0.0059235690235690235	16	22	0.986410429346932
80000	1557954683471	37	11	0.0038382957723309755	0.005953703703703704	15	20	0.9864911992103964
80100	1557954705249	37	10	0.0038009541042934693	0.005942424242424243	14	21	0.9865237703569666
80200	1557954727005	36	8	0.0038085211383451227	0.005945117845117845	14	20	0.9865211383451226
80300	1557954748747	39	10	0.0038190491857213356	0.005922727272727272	16	21	0.9864911992103964
80400	1557954770700	38	12	0.0037979930909689094	0.005928282828282828	14	22	0.9864905412074354
80500	1557954792537	41	8	0.0038208586938641223	0.005918686868686868	15	23	0.9865028787629544
80600	1557954814310	49	18	0.0038341832538246424	0.005922727272727272	27	20	0.9864242474091134
80700	1557954836154	41	15	0.003826616219772989	0.005926094276094277	17	22	0.9865412074354335
80800	1557954857781	37	7	0.003827603224214509	0.00592895622895623	15	20	0.9865152163184734
80900	1557954879473	37	18	0.003801612107254483	0.005901010101010101	15	20	0.9865412074354335
81000	1557954901350	39	22	0.003823655206448429	0.005911784511784512	17	20	0.9864551735482809
81100	1557954923288	40	16	0.003833031748642869	0.005932659932659933	18	20	0.9865377529198881
81200	1557954945150	36	9	0.003829083730876789	0.00594023569023569	15	19	0.9864821516696826
81300	1557954967155	43	9	0.0038178976805395624	0.005931818181818181	23	18	0.9864821516696826
81400	1557954989277	40	15	0.0038262872182924824	0.005901851851851853	17	21	0.9864833031748643
81500	1557955011192	41	22	0.003814278664253989	0.0059035353535353535	17	22	0.9864670176015792
81600	1557955033176	37	12	0.0038119756538904427	0.005905555555555555	15	20	0.9865053462740583
81700	1557955054996	39	20	0.003815759170916269	0.005917340067340068	16	21	0.9865328178976805
81800	1557955077137	40	16	0.0038193781872018426	0.005909090909090909	16	22	0.9864930087185393
81900	1557955099155	40	11	0.0037928935680210563	0.005920370370370371	17	21	0.9865288698799145
82000	1557955120951	47	8	0.003834512255305149	0.005897306397306398	21	23	0.9864281954268794
82100	1557955142788	39	11	0.0038387892745517355	0.005908585858585859	16	21	0.9865884191478862
82200	1557955164812	37	12	0.0038139496627734824	0.005893602693602694	15	20	0.9864650435926962
82300	1557955186621	36	14	0.0038058891265010694	0.0059057239057239055	14	20	0.9864810001645007
82400	1557955208304	39	19	0.003801776607994736	0.0059011784511784505	14	23	0.9865178483303175
82500	1557955230143	38	19	0.003821187695344629	0.005911447811447811	16	20	0.9864415199868399
82600	1557955252090	41	13	0.003818226682020069	0.005906228956228956	17	22	0.9864731041289686
82700	1557955274097	37	14	0.003828096726435269	0.0059057239057239055	15	20	0.986394143773647
82800	1557955296017	42	25	0.0038328672479026158	0.005902861952861953	16	24	0.9864956407303833
82900	1557955317937	38	11	0.003822174699786149	0.005925420875420876	15	20	0.9865140648132916
83000	1557955339784	39	15	0.003826616219772989	0.005919696969696969	15	22	0.9865183418325383
83100	1557955361670	39	20	0.003832209244941602	0.00588956228956229	16	21	0.9865560125020563
83200	1557955383551	45	14	0.003809672643526896	0.005932659932659933	22	21	0.9865111037999671
83300	1557955405472	37	23	0.0038394472775127486	0.005933670033670034	15	20	0.9863923342655042
83400	1557955427368	38	12	0.0038308932390195755	0.005911111111111112	16	20	0.9864459615068267
83500	1557955449168	35	16	0.003823655206448429	0.005907070707070707	14	19	0.9864902122059549
83600	1557955471092	41	10	0.0038262872182924824	0.005912962962962963	16	23	0.9865083072873828
83700	1557955493082	38	17	0.003825135713110709	0.005913973063973063	15	21	0.9865117618029281
83800	1557955514860	39	16	0.0037928935680210563	0.005941750841750841	16	21	0.9865048527718375
83900	1557955536625	50	13	0.0038144431649942425	0.0059503367003367	25	23	0.9864466195097878
84000	1557955558403	40	32	0.0038132916598124693	0.005926430976430977	17	21	0.9864283599276197
84100	1557955580052	39	15	0.0038183911827603225	0.005922053872053872	16	21	0.986420792893568
84200	1557955601803	37	10	0.003816252673137029	0.005943939393939395	15	20	0.9864811646652409
84300	1557955623597	36	24	0.0038104951472281625	0.005961952861952862	15	19	0.986444810001645
84400	1557955645408	37	22	0.0038302352360585624	0.005963636363636364	15	20	0.9864402039809179
84500	1557955667533	38	14	0.0038024346109557495	0.005942255892255892	15	21	0.9864650435926962
84600	1557955689204	63	13	0.0038205296923836157	0.005909090909090909	41	20	0.9865000822503701
84700	1557955711042	40	11	0.003826122717552229	0.00592003367003367	16	21	0.9865359434117453
84800	1557955733059	38	14	0.0038164171738772823	0.005931818181818181	16	20	0.9864647145912157
84900	1557955754910	37	12	0.003838460273071229	0.005922727272727272	15	20	0.9864601085704886
85000	1557955776725	38	14	0.003831551241980589	0.005915151515151516	16	20	0.9865341339036026
85100	1557955798493	38	15	0.003855568350057575	0.005937205387205388	16	20	0.9864586280638263
85200	1557955820314	38	12	0.0038151011679552556	0.0059255892255892255	14	22	0.9865259088665899
85300	1557955842129	47	16	0.0038239842079289357	0.005925084175084175	23	22	0.9864296759335417
85400	1557955863874	38	14	0.0038004606020727093	0.005910606060606061	15	21	0.9865588090146405
85500	1557955885563	39	7	0.003814607665734496	0.005906228956228956	15	21	0.9863663431485442
85600	1557955907589	37	13	0.0038065471294620825	0.0059277777777777775	15	20	0.9865226188517848
85700	1557955929437	38	12	0.003838953775291989	0.005938720538720539	16	20	0.9864810001645007
85800	1557955951508	40	21	0.0038285902286560288	0.005921717171717171	16	21	0.9864392169764764
85900	1557955973287	39	16	0.003818555683500576	0.005911616161616162	16	21	0.9865589735153808
86000	1557955995098	39	11	0.0038100016450074024	0.005926094276094277	14	23	0.9865221253495641
86100	1557956016906	37	18	0.0038228327027471625	0.005912962962962963	14	21	0.986421450896529
86200	1557956038751	38	11	0.0038200361901628557	0.005938047138047138	15	20	0.9865013982562921
86300	1557956060633	38	8	0.003823819707188682	0.005914983164983165	15	21	0.9865913801612107
86400	1557956082466	37	8	0.0038323737456818557	0.005918518518518518	17	18	0.9864426714920217
86500	1557956104256	37	20	0.003802928113176509	0.005916498316498316	14	21	0.9865342984043428
86600	1557956126252	39	11	0.003829577233097549	0.00588063973063973	15	21	0.9864536930416187
86700	1557956148143	38	15	0.0038259582168119755	0.005888552188552189	16	20	0.9864706366178648
86800	1557956169807	39	13	0.0038085211383451227	0.005884511784511785	15	22	0.9864658660963974
86900	1557956191604	37	11	0.0038195426879420956	0.005899663299663299	15	20	0.9864668531008389
87000	1557956213301	41	10	0.0038364862641881887	0.00588956228956229	15	24	0.9865012337555519
87100	1557956235035	38	25	0.0038035861161375226	0.005891245791245791	16	20	0.9864821516696826
87200	1557956256945	48	11	0.0038183911827603225	0.005921043771043771	25	20	0.9864579700608652
87300	1557956278710	37	16	0.003818720184240829	0.005924242424242424	15	20	0.9864117453528541
87400	1557956300629	38	13	0.003829577233097549	0.005915319865319866	16	20	0.9864648790919559
87500	1557956322473	39	12	0.003818062181279816	0.005915824915824916	17	19	0.9864846191807863
87600	1557956344397	38	10	0.003837966770850469	0.00591010101010101	16	20	0.9864770521467346
87700	1557956366297	42	20	0.0038116466524099357	0.005932491582491582	16	23	0.9864477710149696
87800	1557956388403	40	10	0.0038121401546306957	0.0059255892255892255	16	22	0.9865135713110709
87900	1557956410245	42	11	0.0038093436420463893	0.0058947811447811445	18	22	0.9864865931896694
88000	1557956432145	38	12	0.0037996380983714426	0.005931986531986531	15	21	0.9865265668695509
88100	1557956453906	40	15	0.003838624773811482	0.005934006734006733	17	21	0.986505839776279
88200	1557956475946	40	19	0.003819871689422602	0.005936700336700337	17	21	0.9865186708340188
88300	1557956497923	39	11	0.003825629215331469	0.005934006734006733	16	21	0.9865135713110709
88400	1557956519804	48	19	0.0038297417338378024	0.005956902356902357	27	19	0.9864943247244613
88500	1557956541731	38	15	0.0038151011679552556	0.005916498316498316	16	20	0.9864775456489554
88600	1557956563891	37	9	0.0038083566376048692	0.005937205387205388	15	20	0.9864612600756704
88700	1557956585795	37	11	0.003812304655370949	0.005933164983164984	15	20	0.9864951472281626
88800	1557956607599	38	18	0.003818555683500576	0.005941919191919192	16	20	0.9865366014147063
88900	1557956629950	39	13	0.003797664089488403	0.005961784511784511	16	20	0.9864421779898009
89000	1557956652005	37	25	0.003837966770850469	0.005933164983164984	15	19	0.9864589570653068
89100	1557956673912	40	11	0.003823161704227669	0.005918013468013468	15	23	0.9864244119098536
89200	1557956695910	38	24	0.003827274222734002	0.005942424242424243	15	21	0.9864722816252673
89300	1557956717877	40	10	0.0038195426879420956	0.005973063973063973	14	24	0.9864821516696826
89400	1557956739970	40	11	0.0038378022701102154	0.005904208754208754	16	21	0.9864897187037341
89500	1557956762074	40	18	0.003846027307122882	0.005921043771043771	16	22	0.9865217963480836
89600	1557956784227	37	17	0.003814278664253989	0.005936363636363636	16	19	0.9864877446948511
89700	1557956806443	41	10	0.0038193781872018426	0.0059323232323232325	16	23	0.9864872511926304
89800	1557956828587	38	13	0.003827603224214509	0.005950841750841751	16	20	0.9865114328014476
89900	1557956850768	40	19	0.0038313867412403356	0.005938552188552188	17	21	0.986518835334759
90000	1557956872694	37	14	0.0038164171738772823	0.005935185185185186	16	19	0.9865593025168613
90100	1557956894762	40	16	0.003823161704227669	0.005961111111111111	16	22	0.9865380819213686
90200	1557956916648	37	17	0.0038417502878762954	0.005927104377104377	14	21	0.9864717881230466
90300	1557956938740	47	10	0.003827109721993749	0.00591936026936027	25	20	0.9865022207599934
90400	1557956960580	38	14	0.0038126336568514558	0.005905555555555555	16	20	0.9864671821023194
90500	1557956982404	38	16	0.0038127981575917093	0.005929797979797979	14	22	0.9865436749465373
90600	1557957004273	39	16	0.003813785162033229	0.005896296296296296	16	21	0.9864579700608652
90700	1557957026046	38	10	0.003821681197565389	0.005902525252525253	15	21	0.9864862641881889
90800	1557957048002	37	13	0.003810166145747656	0.005912626262626263	15	20	0.9865267313702911
90900	1557957069873	36	15	0.0038129626583319623	0.005916498316498316	15	19	0.9865750945879257
91000	1557957092022	39	14	0.0038080276361243627	0.005918686868686868	14	23	0.9864870866918901
91100	1557957113895	37	15	0.0038093436420463893	0.005910942760942761	14	21	0.9864777101496957
91200	1557957135732	39	12	0.0038323737456818557	0.005926430976430977	16	21	0.9864229314031913
91300	1557957157531	38	13	0.003813620661292976	0.005912794612794613	15	21	0.986469485112683
91400	1557957179292	39	10	0.0038318802434610956	0.005922558922558922	16	21	0.9864897187037341
91500	1557957201188	49	21	0.003806218127981576	0.0059323232323232325	24	23	0.9864559960519822
91600	1557957223126	37	15	0.0038206941931238692	0.005918855218855219	15	20	0.9865354499095246
91700	1557957244919	38	15	0.0038174041783188024	0.005912289562289562	15	21	0.9864903767066951
91800	1557957266751	40	17	0.003821516696825136	0.005916161616161617	16	22	0.9865061687777595
91900	1557957288752	37	16	0.003803750616877776	0.005916161616161617	15	20	0.9864211218950485
92000	1557957310822	40	8	0.003848988320447442	0.005918350168350168	17	21	0.9865189998354993
92100	1557957332799	39	10	0.0038183911827603225	0.005927441077441078	17	20	0.9864762296430334
92200	1557957355199	48	11	0.003829577233097549	0.0059057239057239055	24	22	0.9864851126830071
92300	1557957377833	37	13	0.003808685639085376	0.005918181818181819	15	20	0.9864133903602567
92400	1557957399829	41	19	0.0038328672479026158	0.00592053872053872	17	22	0.9864444810001645
92500	1557957421811	39	9	0.003833525250863629	0.0059013468013468014	16	20	0.9865356144102648
92600	1557957443881	38	11	0.0037861490376706695	0.005937542087542087	14	22	0.9864740911334101
92700	1557957466309	44	21	0.003840105280473762	0.005967508417508418	16	26	0.9864622470801119
92800	1557957488307	42	9	0.0038325382464221088	0.005949158249158249	17	23	0.9864522125349564
92900	1557957510373	38	18	0.0038336897516038824	0.005938215488215489	15	21	0.9864258924165159
93000	1557957532608	39	13	0.003856884355979602	0.00592895622895623	16	21	0.986531830893239
93100	1557957554755	37	12	0.0038208586938641223	0.005954208754208754	15	20	0.9865367659154466
93200	1557957576781	39	24	0.003841421286395789	0.0059060606060606065	16	20	0.9864232604046719
93300	1557957598858	39	19	0.003851455831551242	0.005937037037037037	16	20	0.9865347919065636
93400	1557957620892	49	21	0.0038542523441355485	0.005914814814814815	26	20	0.9864482645171904
93500	1557957643081	38	15	0.0038279322256950157	0.005887373737373737	14	20	0.9864783681526567
93600	1557957665211	37	22	0.0038063826287218295	0.005927441077441078	16	19	0.9865535449909525
93700	1557957687376	39	10	0.0038371442671492023	0.0059235690235690235	16	21	0.9865267313702911
93800	1557957709545	38	13	0.003821187695344629	0.005914983164983165	16	20	0.9864633985852936
93900	1557957731524	41	19	0.003807369633163349	0.005898316498316499	17	22	0.9864982727422273
94000	1557957753571	38	8	0.003833525250863629	0.00589023569023569	15	21	0.9864270439216977
94100	1557957775688	48	9	0.003822174699786149	0.005895622895622896	23	23	0.9864852771837473
94200	1557957797539	38	14	0.003809179141306136	0.0059190235690235685	15	21	0.9865680210560948
94300	1557957819454	38	14	0.003811317650929429	0.005920875420875421	16	20	0.9864847836815266
94400	1557957841480	39	10	0.003822174699786149	0.0058991582491582486	17	20	0.9865017272577726
94500	1557957863400	39	10	0.003835663760486922	0.005914646464646465	17	19	0.9864367494653726
94600	1557957885313	43	19	0.0038253002138509623	0.005916329966329966	18	22	0.9865213028458628
94700	1557957907229	39	13	0.0038392827767724956	0.005938720538720539	15	21	0.9865018917585129
94800	1557957929128	37	12	0.003808685639085376	0.005918181818181819	14	21	0.9864767231452541
94900	1557957950963	39	20	0.003845862806382629	0.005880303030303031	16	20	0.9864502385260734
95000	1557957972899	38	12	0.0038649448922520153	0.00589983164983165	15	20	0.9864341174535285
95100	1557957994774	38	9	0.003835663760486922	0.005934343434343434	16	20	0.986391511761803
95200	1557958016743	41	10	0.0038139496627734824	0.005915824915824916	16	23	0.9864813291659813
95300	1557958038626	55	9	0.003833031748642869	0.005903030303030303	33	20	0.9863972692877118
95400	1557958060467	38	9	0.0038450403026813623	0.00591043771043771	15	21	0.9864191478861655
95500	1557958082460	38	15	0.0038262872182924824	0.005921043771043771	16	20	0.9864921862148379
95600	1557958104295	40	14	0.0038387892745517355	0.005884680134680134	16	22	0.9864326369468662
95700	1557958126019	36	13	0.003846356308603389	0.0059277777777777775	14	20	0.9865239348577068
95800	1557958147991	39	14	0.003825629215331469	0.00592003367003367	15	21	0.9864625760815924
95900	1557958169783	37	9	0.003824148708669189	0.00592003367003367	15	20	0.9864319789439052
96000	1557958191686	48	23	0.0038447113012008553	0.0059235690235690235	26	20	0.9864673466030597
96100	1557958213512	41	13	0.003849481822668202	0.005954040404040403	17	20	0.9864875801941109
96200	1557958235580	40	11	0.0038466853100838955	0.00590016835016835	16	21	0.9864505675275539
96300	1557958257257	38	10	0.0038577068596808684	0.0059232323232323225	16	20	0.9864734331304491
96400	1557958279069	40	12	0.003859516367823655	0.005902020202020202	17	20	0.9863795032077645
96500	1557958301121	39	20	0.0038343477545648955	0.005932996632996633	16	20	0.9864609310741899
96600	1557958322923	37	24	0.0038432307945385756	0.0059057239057239055	15	20	0.9864336239513077
96700	1557958344727	35	9	0.0038471788123046555	0.005911952861952861	14	19	0.9864813291659813
96800	1557958366780	36	12	0.0038609968744859353	0.005935521885521885	16	18	0.9864413554860997
96900	1557958388661	40	12	0.0038442177989800952	0.005945454545454546	17	20	0.9864332949498272
97000	1557958410476	39	18	0.0038394472775127486	0.005943939393939395	15	21	0.9864249054120744
97100	1557958432471	37	8	0.003818062181279816	0.005943939393939395	15	20	0.9865319953939793
97200	1557958454409	49	12	0.0038456983056423754	0.005921885521885523	26	21	0.9864773811482151
97300	1557958476294	40	13	0.003811317650929429	0.005939730639730639	16	22	0.9864903767066951
97400	1557958498182	37	14	0.003838460273071229	0.005939730639730639	14	21	0.9864846191807863
97500	1557958520231	36	11	0.003830564237539069	0.005952693602693603	16	18	0.9864964632340846
97600	1557958542115	38	12	0.0038382957723309755	0.005932828282828283	15	21	0.986433130449087
97700	1557958563949	41	18	0.0038540878433952954	0.0059171717171717176	17	21	0.9864288534298404
97800	1557958585856	40	14	0.003858858364862642	0.005955050505050505	16	21	0.9864818226682021
97900	1557958607816	40	14	0.0038205296923836157	0.005955387205387205	16	20	0.9865033722651751
98000	1557958629899	39	10	0.0038512913308109886	0.005937373737373738	16	21	0.9864703076163843
98100	1557958651980	37	10	0.003845862806382629	0.005926767676767676	16	18	0.9864101003454515
98200	1557958673898	37	16	0.003850468827109722	0.005942424242424243	15	20	0.9864527060371772
98300	1557958695857	39	9	0.0038468498108241485	0.0059521885521885524	16	21	0.9864587925645666
98400	1557958717889	46	9	0.003849481822668202	0.005980303030303031	24	20	0.9864309919394637
98500	1557958739577	39	23	0.0038292482316170423	0.005943097643097643	15	21	0.9864069748313867
98600	1557958761472	40	19	0.003839118276032242	0.005957744107744108	18	20	0.9865245928606678
98700	1557958783548	38	15	0.003837966770850469	0.0059565656565656565	15	21	0.9864436584964632
98800	1557958805419	38	19	0.0038506333278499755	0.005958585858585858	16	20	0.9864678401052804
98900	1557958827178	48	12	0.003849317321927949	0.005957407407407408	26	20	0.9864821516696826
99000	1557958848919	38	15	0.0038289192301365358	0.005925084175084175	16	20	0.9864253989142951
99100	1557958870709	36	11	0.0038405987826945222	0.005949158249158249	15	19	0.9864494160223721
99200	1557958892526	42	10	0.0038537588419147884	0.005933670033670034	17	23	0.9864610955749301
99300	1557958914177	37	7	0.003829577233097549	0.005941245791245791	15	19	0.9865033722651751
99400	1557958935928	40	13	0.0038491528211876953	0.005906228956228956	16	22	0.9864135548609969
99500	1557958957632	38	13	0.0038542523441355485	0.005950841750841751	16	20	0.9864403684816582
99600	1557958979509	38	19	0.003858529363382135	0.005932828282828283	15	21	0.9864267149202172
99700	1557959001494	38	16	0.003829083730876789	0.005923063973063973	15	20	0.9864737621319296
99800	1557959023344	37	15	0.0038284257279157757	0.0059323232323232325	15	20	0.9865573285079783
99900	1557959045247	38	13	0.0038605033722651752	0.00592070707070707	15	21	0.9864053298239842
100000	1557959067153	37	11	0.003847014311564402	0.005958080808080808	15	20	0.9864550090475407
