iteration	timestamp	zTotalTime	phiTotalTime	typeTokenDensity	documentDensity	z-0	countUpdate-0	phiDensity
0	1601289408393	0	0	0.001	0.0	0	0	0.9890440861983879
100	1601289435103	40	5	0.0010768218456983056	0.0011065656565656566	9	27	0.9890355321598947
200	1601289457669	38	7	0.0012436255963151834	0.0013782828282828282	10	28	0.9888805724625761
300	1601289477510	44	6	0.00150074025333114	0.0019304713804713805	10	33	0.988554531995394
400	1601289497372	44	11	0.001780391511761803	0.0025343434343434346	13	30	0.9883276854745846
500	1601289517222	49	7	0.0020131600592202667	0.0030402356902356903	14	35	0.9880817568679059
600	1601289536551	41	8	0.0021771672972528376	0.0034358585858585856	11	30	0.9879728573778582
700	1601289556806	53	13	0.002285573285079783	0.003677946127946128	20	32	0.9878312222405001
800	1601289577153	57	8	0.002379832209244942	0.003854882154882155	22	34	0.9877529198881395
900	1601289597482	41	9	0.002453693041618687	0.004001010101010101	16	25	0.9876529034380654
1000	1601289618876	49	10	0.002514229314031913	0.004141077441077441	14	34	0.9876626089817404
1100	1601289639187	47	11	0.0025719690738608323	0.004201010101010101	15	31	0.9875573285079783
1200	1601289661006	45	10	0.0026196742885342982	0.004302356902356902	15	30	0.9875111037999671
1300	1601289681846	57	9	0.002677085046882711	0.004361447811447812	17	34	0.9875096232933048
1400	1601289702526	44	8	0.0027285737785820038	0.004447474747474748	15	28	0.9875063332784998
1500	1601289723650	67	10	0.0027519328836979767	0.004536531986531986	31	33	0.9874007238032572
1600	1601289746157	61	10	0.0027731534791906563	0.004594444444444444	17	42	0.9874650435926962
1700	1601289815749	43	13	0.0028159236716565226	0.004622053872053872	17	25	0.9873230794538576
1800	1601289890629	43	10	0.0028415857871360423	0.00466060606060606	16	26	0.9873109063990788
1900	1601289942185	61	14	0.0028660963974337884	0.0047006734006734005	23	31	0.9873230794538576
2000	1601289966527	76	18	0.0028879749958874816	0.004747811447811448	25	34	0.9872367165652245
2100	1601289997432	75	9	0.002928113176509294	0.004808417508417508	19	33	0.9871728902780063
2200	1601290023690	53	10	0.0029646323408455337	0.004811279461279462	17	33	0.9872745517354828
2300	1601290048392	52	10	0.0029674288534298405	0.004871717171717171	20	30	0.9872539891429511
2400	1601290073438	60	11	0.002997861490376707	0.0049082491582491585	17	41	0.9871755222898503
2500	1601290098148	49	10	0.0030082250370126666	0.004951346801346802	17	30	0.9872525086362889
2600	1601290120591	46	10	0.0030095410429346933	0.0049988215488215495	18	27	0.9872049679223557
2700	1601290143338	49	10	0.0030271426221417995	0.005009259259259259	20	28	0.9871755222898503
2800	1601290165628	50	11	0.0030661292975818393	0.00502979797979798	19	31	0.9871408126336568
2900	1601290192218	50	10	0.003055765750945879	0.005041077441077441	17	28	0.9870880078960356
3000	1601290219122	58	207	0.003063661786478039	0.005056565656565657	19	30	0.9871154795196578
3100	1601290255781	74	11	0.0030791248560618524	0.005067340067340068	37	34	0.987124691561112
3200	1601290279063	64	10	0.0030978779404507322	0.005111616161616162	19	30	0.9870205625925317
3300	1601290318023	84	9	0.0030972199374897187	0.005112962962962962	18	61	0.9870824148708669
3400	1601290342236	48	9	0.0031182760322421453	0.005126936026936027	17	30	0.9871011679552558
3500	1601290369733	90	9	0.003138509623293305	0.005143602693602694	23	55	0.9870830728738279
3600	1601290396289	70	9	0.003152985688435598	0.005172222222222222	23	43	0.9871161375226188
3700	1601290420323	122	10	0.0031408126336568516	0.005203030303030303	20	76	0.9870908044086198
3800	1601290444627	50	11	0.003171903273564731	0.005222727272727273	19	29	0.9870658002961014
3900	1601290471217	48	9	0.0031765092942918245	0.005222895622895623	18	28	0.9870924494160224
4000	1601290505863	68	20	0.0031939463727586772	0.0052745791245791245	23	42	0.9870021385096233
4100	1601290534317	66	10	0.003180950814278664	0.005280639730639731	28	29	0.9870205625925317
4200	1601290560734	70	10	0.0032123704556670505	0.005277441077441077	21	33	0.9869654548445468
4300	1601290588426	63	11	0.0031982233920052642	0.005302525252525252	31	30	0.9870217140977134
4400	1601290613273	58	10	0.003211712452706037	0.005317171717171717	18	38	0.9870200690903109
4500	1601290644338	58	11	0.003227998025991117	0.005311279461279461	21	31	0.9870036190162855
4600	1601290667835	53	10	0.00323951307780885	0.005332491582491583	23	29	0.9870180950814279
4700	1601290692307	68	10	0.00324346109557493	0.005295117845117845	32	35	0.986953939792729
4800	1601290718297	61	12	0.003223392005264024	0.0053207070707070704	19	33	0.9870526402368811
4900	1601290744244	53	9	0.003255140648132917	0.00537003367003367	21	31	0.9870078960355322
5000	1601290770702	65	10	0.003238855074847837	0.0053496632996632995	31	33	0.9870134890607007
5100	1601290797366	51	10	0.0032689587103141965	0.005375252525252525	20	29	0.9869088665898996
5200	1601290823143	73	11	0.0032784997532488897	0.005377272727272727	41	29	0.9869212041454186
5300	1601290850454	52	9	0.0032827767724954763	0.005387878787878788	17	29	0.9870207270932719
5400	1601290875994	48	9	0.0033072873827932224	0.0054	19	28	0.9869291001809508
5500	1601290918021	55	11	0.0032952788287547293	0.005404882154882155	20	33	0.9868744859351867
5600	1601290941075	44	10	0.0032985688435597962	0.005414814814814815	17	25	0.9869378187201843
5700	1601290965248	51	9	0.0032872182924823163	0.005443771043771043	17	33	0.9869651258430663
5800	1601290990876	66	11	0.003320447442013489	0.005441414141414142	32	32	0.9868769534462906
5900	1601291017101	442	9	0.0033359105115973024	0.005433333333333333	20	30	0.9869114986017437
6000	1601291045474	49	10	0.003319953939792729	0.005430808080808081	18	29	0.9869138016121073
6100	1601291073734	58	9	0.003344300049350222	0.005421885521885522	21	34	0.9869032735647311
6200	1601291098670	57	9	0.003312880407961836	0.00545993265993266	21	29	0.9869302516861326
6300	1601291127385	59	9	0.0033265339694028622	0.0054666666666666665	21	30	0.986838295772331
6400	1601291152202	58	9	0.0033385425234413557	0.00548973063973064	17	39	0.9869190656357953
6500	1601291176670	48	18	0.0033324559960519824	0.005471043771043771	20	27	0.9869300871853923
6600	1601291201621	63	9	0.003361737127817075	0.00546919191919192	24	34	0.9869024510610298
6700	1601291226326	48	9	0.0033485770685968085	0.005469023569023569	19	27	0.9868966935351209
6800	1601291252973	49	10	0.0033528540878433955	0.005488552188552188	18	29	0.9868373087678894
6900	1601291282588	89	14	0.0033660141470636617	0.005502356902356902	19	69	0.9869054120743543
7000	1601291314417	56	9	0.0033748971870373417	0.005499158249158249	19	35	0.9868976805395624
7100	1601291344940	45	10	0.0033747326862970882	0.005505723905723906	17	27	0.9869024510610298
7200	1601291374541	55	9	0.0033852607336733015	0.00551043771043771	21	32	0.9868950485277184
7300	1601291407440	71	9	0.0033773646981411416	0.005511447811447812	32	36	0.9869087020891594
7400	1601291437055	131	18	0.0033808192136864615	0.005548484848484849	24	72	0.9868795854581346
7500	1601291465257	68	10	0.0033877282447771014	0.005546632996632997	36	29	0.9868351702582662
7600	1601291493237	57	9	0.0034035203158414213	0.005519023569023569	22	33	0.9868241487086692
7700	1601291522933	49	9	0.003409771343971048	0.005534343434343435	19	29	0.9868243132094094
7800	1601291552626	60	11	0.0034160223721006744	0.005553198653198653	34	24	0.9867645994406975
7900	1601291581464	73	9	0.0034229314031913143	0.0055171717171717165	23	34	0.9867486428688929
8000	1601291609738	60	9	0.0033972692877117946	0.0055616161616161616	21	31	0.9867698634643856
8100	1601291640340	49	11	0.003417831880243461	0.00558989898989899	20	28	0.9868593518670834
8200	1601291669731	58	19	0.0033916762625431814	0.005584006734006734	28	29	0.9868287547293962
8300	1601291698461	48	10	0.0034084553380490214	0.005565488215488215	18	29	0.9868616548774469
8400	1601291728174	52	11	0.003412732357295608	0.0056144781144781145	21	26	0.9868580358611614
8500	1601291758524	45	9	0.0033977627899325546	0.005577441077441078	17	26	0.9868568843559796
8600	1601291783475	76	9	0.0034079618358282614	0.0055991582491582495	28	48	0.9868511268300707
8700	1601291809731	42	9	0.0034430004935022207	0.005586700336700337	19	21	0.986839611778253
8800	1601291835261	63	9	0.003416844875801941	0.005588720538720539	20	39	0.9868057246257608
8900	1601291859255	61	8	0.0034179963809837146	0.005587542087542087	19	41	0.986803257114657
9000	1601291884771	58	9	0.003420134890607008	0.005600000000000001	23	30	0.9868067116302023
9100	1601291910085	78	12	0.003428688929100181	0.005621548821548822	34	39	0.9868542523441356
9200	1601291937228	67	9	0.003427537423918408	0.005637373737373737	22	43	0.9868535943411746
9300	1601291961094	57	12	0.003441026484619181	0.005659932659932659	18	29	0.9868108241487087
9400	1601291988677	48	9	0.0034191478861654878	0.005648989898989899	18	28	0.9868248067116302
9500	1601292012774	53	9	0.003442671492021714	0.005625757575757576	17	34	0.9867647639414378
9600	1601292038135	47	9	0.0034309919394637277	0.005626767676767677	19	26	0.9868067116302023
9700	1601292063042	69	9	0.0034469485112683007	0.00563013468013468	26	33	0.9867611449251522
9800	1601292086086	50	11	0.0034596150682678073	0.005643097643097643	22	28	0.9867215002467511
9900	1601292112766	60	8	0.0034288534298404344	0.00562070707070707	28	30	0.986777265997697
10000	1601292138456	46	11	0.003480342161539727	0.005622390572390572	18	26	0.9867802270110215
10100	1601292163319	70	9	0.0034711301200855403	0.005625252525252525	27	33	0.9868205296923837
10200	1601292212928	50	9	0.0034531995393979275	0.0056124579124579126	19	27	0.9868034216153972
10300	1601292243555	95	10	0.0034642210889949004	0.005606228956228957	34	55	0.9867826945221253
10400	1601292273371	67	12	0.0034597795690080604	0.0056212121212121215	28	31	0.9867438723474256
10500	1601292303778	81	9	0.0034319789439052474	0.005653535353535353	34	35	0.9868341832538247
10600	1601292331695	60	10	0.0034693206119427535	0.0056407407407407404	21	38	0.9868193781872019
10700	1601292359912	53	10	0.0034459615068267806	0.005682659932659933	20	31	0.9867540713933213
10800	1601292386103	65	11	0.0034629050830728737	0.005663973063973064	24	39	0.9868193781872019
10900	1601292414287	62	9	0.0034786971541371937	0.005643771043771044	23	37	0.9867703569666063
11000	1601292441746	69	11	0.003475900641552887	0.005641582491582492	25	43	0.9867803915117618
11100	1601292468318	71	9	0.0034846191807863134	0.005631986531986532	29	39	0.9867822010199045
11200	1601292502859	51	10	0.003458628063826287	0.005668855218855219	22	27	0.9868063826287218
11300	1601292528269	60	9	0.0034951472281625267	0.005671043771043771	23	36	0.9867361408126336
11400	1601292555173	47	10	0.00348593518670834	0.005643771043771044	19	25	0.9867336733015298
11500	1601292584810	77	21	0.0034770521467346605	0.005649158249158248	22	28	0.9867366343148544
11600	1601292614691	57	11	0.003491692712617207	0.005627777777777778	22	34	0.9868325382464221
11700	1601292642147	65	9	0.0034856061852278335	0.005648653198653198	31	31	0.9867098206941931
11800	1601292669355	53	10	0.003488238197071887	0.0056915824915824914	20	32	0.9868585293633821
11900	1601292695069	71	10	0.0034941602237210066	0.005662457912457912	27	41	0.9868096726435269
12000	1601292736194	61	10	0.0035232768547458462	0.005678282828282828	22	37	0.9866879420957394
12100	1601292762989	56	9	0.003509294291824313	0.005675757575757575	21	29	0.98672725777266
12200	1601292792375	78	10	0.003506826780720513	0.0056436026936026945	25	48	0.9868068761309425
12300	1601292846243	718	99	0.0035009047540713934	0.005652356902356903	659	44	0.9867749629873335
12400	1601292880318	59	10	0.0034760651422931403	0.005673905723905724	22	30	0.9867721664747492
12500	1601292914775	73	12	0.003489225201513407	0.0056762626262626265	24	30	0.9867774304984372
12600	1601292943188	78	11	0.0034735976311893405	0.005665488215488216	39	33	0.9868294127323572
12700	1601292966580	61	12	0.0034884026978121404	0.005668013468013468	25	34	0.9867981575917092
12800	1601292990305	61	11	0.003492679717058727	0.005686868686868687	20	41	0.9867757854910347
12900	1601293012256	60	9	0.003513242309590393	0.0057116161616161615	28	32	0.98681822668202
13000	1601293033563	64	9	0.0035033722651751933	0.005684848484848485	38	26	0.9867290672808028
13100	1601293054965	40	9	0.00349975324888962	0.005670875420875421	18	22	0.9867404178318803
13200	1601293076365	42	10	0.00352048034216154	0.0056850168350168345	19	23	0.986755222898503
13300	1601293098507	50	9	0.0035162033229149533	0.005680639730639731	18	31	0.9867571969073861
13400	1601293121038	79	25	0.0035106102977463397	0.005696464646464647	41	36	0.9867486428688929
13500	1601293142972	73	9	0.00352048034216154	0.005676936026936026	25	48	0.9866675440039481
13600	1601293163066	56	9	0.0035157098206941933	0.005686363636363637	32	24	0.9867315347919066
13700	1601293184858	49	10	0.0035344629050830727	0.005681986531986531	22	27	0.9867673959532818
13800	1601293206765	54	9	0.0035030432636946867	0.00569074074074074	23	31	0.986777924000658
13900	1601293227784	40	9	0.003540878433952953	0.0056898989898989906	21	18	0.9866673795032078
14000	1601293248219	58	10	0.0035354499095245928	0.005678787878787879	26	31	0.9867006086527389
14100	1601293269823	52	9	0.0035311728902780062	0.005688552188552188	25	27	0.9867423918407633
14200	1601293291466	75	9	0.0035158743214344463	0.005662626262626263	22	53	0.9866950156275703
14300	1601293313503	38	13	0.0035214673466030595	0.005685353535353536	17	20	0.9867520973844383
14400	1601293334537	46	8	0.003525579865109393	0.005722053872053871	20	24	0.9867363053133739
14500	1601293354792	63	18	0.003530514887316993	0.0056850168350168345	32	31	0.9866935351209081
14600	1601293375312	62	9	0.0035477874650435928	0.0056941077441077445	19	43	0.9867570324066458
14700	1601293396955	56	10	0.0035254153643691395	0.0057006734006734006	24	32	0.9866680375061688
14800	1601293418803	60	10	0.003544990952459286	0.005722895622895623	20	40	0.9867203487415693
14900	1601293439921	72	10	0.0035291988813949664	0.005689393939393939	32	40	0.9867578549103471
15000	1601293460311	47	9	0.0035155453199539398	0.005687542087542088	18	29	0.9867198552393486
15100	1601293481136	63	22	0.0035476229643033393	0.005687710437710437	27	36	0.9867367988155946
15200	1601293502091	71	12	0.0035412074354334595	0.005693939393939394	20	50	0.9867641059384767
15300	1601293522713	51	8	0.003535943411745353	0.0057181818181818184	20	30	0.9867427208422438
15400	1601293544217	54	10	0.0035417009376542195	0.0057138047138047135	22	31	0.9867178812304656
15500	1601293566097	42	8	0.003546635959861819	0.005704713804713805	18	23	0.9866986346438559
15600	1601293588203	74	10	0.003538575423589406	0.005735353535353535	34	40	0.986654548445468
15700	1601293609218	62	15	0.0035143938147721666	0.005717171717171717	29	32	0.9867497943740747
15800	1601293632288	51	10	0.0035308438887974997	0.005732154882154882	21	28	0.9867580194110873
15900	1601293653509	47	9	0.0035183418325382466	0.0057052188552188556	20	27	0.9867430498437243
16000	1601293674550	55	9	0.0035451554531995394	0.005702693602693603	21	33	0.9867228162526731
16100	1601293697902	47	10	0.003540384931732193	0.005682491582491582	24	23	0.9866310248396117
16200	1601293718881	40	8	0.003568679059055766	0.005724747474747475	20	20	0.9867443658496463
16300	1601293739248	67	9	0.003539068925810166	0.005726599326599326	24	43	0.9867270932719198
16400	1601293759390	56	10	0.0035685145583155124	0.005714983164983165	17	39	0.9866112847507814
16500	1601293780814	76	11	0.0035463069583813126	0.005728282828282829	33	43	0.9866869550912979
16600	1601293806175	45	9	0.0035382464221088996	0.005731649831649832	20	23	0.9867432143444645
16700	1601293826946	37	8	0.0035400559302516863	0.005715656565656565	17	19	0.9867293962822833
16800	1601293847119	44	8	0.0035546964961342326	0.005725420875420876	17	27	0.9867497943740747
16900	1601293867814	46	17	0.0035849646323408454	0.005722222222222222	17	29	0.9866344793551571
17000	1601293888850	64	8	0.003553380490212206	0.005737373737373737	33	31	0.9866877775949991
17100	1601293909363	48	8	0.0035797006086527388	0.00574057239057239	22	26	0.9866756045402204
17200	1601293929542	49	9	0.0035701595657180456	0.005725420875420876	21	28	0.986779898009541
17300	1601293950221	69	16	0.0035512419805889127	0.0057185185185185195	19	50	0.9867070241816088
17400	1601293969724	54	9	0.003564237539068926	0.005715993265993266	25	29	0.9867399243296595
17500	1601293991374	50	12	0.0035793716071722322	0.005713468013468014	20	28	0.986703240664583
17600	1601294020786	70	11	0.003568350057575259	0.005723905723905724	26	42	0.9867159072215825
17700	1601294042280	51	9	0.003575259088665899	0.005713468013468014	25	26	0.9867183747326863
17800	1601294064235	56	11	0.003553380490212206	0.00573013468013468	23	32	0.9866565224543511
17900	1601294089067	56	10	0.0035527224872511924	0.005723737373737374	22	33	0.9866672150024675
18000	1601294111145	45	21	0.0035542029939134726	0.005741414141414141	20	25	0.9867450238526073
18100	1601294133168	52	11	0.0035644020398091793	0.005754713804713805	26	25	0.9867731534791907
18200	1601294157694	92	10	0.0035734495805231125	0.005719865319865319	31	51	0.986691561112025
18300	1601294185086	57	10	0.0035569995064977794	0.005717003367003368	22	33	0.9866966606349729
18400	1601294209899	75	9	0.0035974666886000985	0.005729797979797979	33	41	0.9866795525579866
18500	1601294235444	135	21	0.0035701595657180456	0.005765824915824916	28	27	0.9866320118440532
18600	1601294260348	78	11	0.0035594670176015792	0.00573973063973064	38	39	0.9866705050172726
18700	1601294285487	62	12	0.0035680210560947523	0.005725420875420876	28	32	0.9866690245106103
18800	1601294308424	64	12	0.0035933541700937655	0.005701010101010101	29	35	0.9867280802763613
18900	1601294330872	43	10	0.003578220101990459	0.005721548821548821	20	23	0.9866367823655207
19000	1601294353183	50	10	0.0035739430827438725	0.005737710437710438	22	27	0.9866387563744037
19100	1601294378389	62	10	0.0035887481493666724	0.005711111111111111	24	38	0.9866854745846356
19200	1601294401793	55	10	0.0035667050501727257	0.005714983164983165	20	35	0.9866876130942589
19300	1601294426593	68	10	0.0035736140812633655	0.005721380471380471	20	48	0.9866700115150518
19400	1601294451073	58	9	0.003575752590886659	0.00573080808080808	24	32	0.9866282283270275
19500	1601294475752	90	9	0.003582168119756539	0.005736700336700337	23	44	0.986739595328179
19600	1601294500052	53	18	0.0035797006086527388	0.0057402356902356904	21	31	0.9866830070735318
19700	1601294525459	49	10	0.003572627076821846	0.005793434343434343	22	26	0.9867187037341668
19800	1601294552665	88	9	0.003574765586445139	0.005754040404040405	23	31	0.9866604704721171
19900	1601294579861	67	13	0.003548938970225366	0.0057313131313131305	27	38	0.9867015956571804
20000	1601294607244	67	10	0.0035736140812633655	0.00575	22	43	0.98674025333114
20100	1601294635064	91	10	0.0035769040960684324	0.005745622895622895	45	46	0.9866867905905576
20200	1601294661291	58	10	0.003585293633821352	0.005706397306397306	21	35	0.9866522454351044
20300	1601294685108	51	12	0.0036058562263530185	0.005762289562289562	22	28	0.9866825135713111
20400	1601294711077	55	10	0.0036012502056259254	0.005738552188552189	27	28	0.9866866260898174
20500	1601294734279	61	9	0.0035734495805231125	0.005729797979797979	30	31	0.9867310412896858
20600	1601294755746	51	10	0.003603224214508965	0.005748484848484848	26	25	0.9867113012008554
20700	1601294778095	52	9	0.0035831551241980587	0.005777946127946128	22	29	0.9866576739595329
20800	1601294800361	48	10	0.0035696660634972855	0.005775252525252525	26	21	0.9867423918407633
20900	1601294821849	65	9	0.003580194110873499	0.005780976430976431	26	38	0.9867208422437901
21000	1601294843575	58	9	0.003582332620496792	0.0057735690235690236	21	37	0.986715578220102
21100	1601294864860	60	12	0.0035604540220430993	0.005750505050505051	26	34	0.9867104786971541
21200	1601294886741	41	10	0.0035884191478861654	0.0057424242424242425	21	19	0.9866846520809344
21300	1601294907999	50	8	0.0035889126501069254	0.005726936026936027	20	29	0.9866948511268301
21400	1601294928636	52	9	0.0035798651093929923	0.005722222222222222	25	27	0.986643526895871
21500	1601294950870	52	9	0.003593683171574272	0.005726767676767677	20	31	0.9867183747326863
21600	1601294973457	74	9	0.0035824971212370456	0.005744949494949495	41	32	0.9866645829906234
21700	1601294994355	77	9	0.0035874321434446457	0.005754377104377104	37	40	0.9866941931238691
21800	1601295015539	56	9	0.003569830564237539	0.0057427609427609435	21	34	0.9866639249876624
21900	1601295036786	41	9	0.003584142128639579	0.005753030303030303	20	21	0.9867083401875308
22000	1601295057836	41	10	0.003606514229314032	0.005738552188552189	22	19	0.9866966606349729
22100	1601295079591	37	9	0.0035834841256785657	0.005761111111111111	18	19	0.9866690245106103
22200	1601295100587	48	9	0.003603224214508965	0.005746632996632996	25	23	0.9867055436749466
22300	1601295121212	45	9	0.003592696167132752	0.005737710437710438	22	23	0.9867356473104129
22400	1601295142215	64	10	0.0036033887152492187	0.005747979797979798	37	26	0.9866877775949991
22500	1601295163393	58	9	0.003590722158249712	0.005751683501683502	28	29	0.9866935351209081
22600	1601295184502	37	9	0.0035977956900806055	0.005767676767676767	18	19	0.9866561934528706
22700	1601295206232	68	11	0.0036058562263530185	0.005773737373737374	47	21	0.9866017437078467
22800	1601295228135	38	10	0.0035785491034709656	0.005795454545454545	19	19	0.9867244612600756
22900	1601295249536	65	8	0.003609968744859352	0.00575976430976431	29	36	0.9867557164007238
23000	1601295270220	54	10	0.0036102977463398586	0.005775084175084175	23	31	0.9867425563415035
23100	1601295291506	56	9	0.003593683171574272	0.005777441077441077	23	32	0.9866476394143774
23200	1601295314051	65	8	0.003593683171574272	0.005778451178451178	31	33	0.9866683665076493
23300	1601295337424	58	9	0.0035956571804573122	0.005768855218855219	26	32	0.9866706695180129
23400	1601295363035	65	10	0.0035928606678730054	0.005741919191919192	29	35	0.9866382628721829
23500	1601295391271	64	9	0.0035900641552886986	0.0057535353535353535	20	42	0.9866690245106103
23600	1601295418192	59	9	0.003613094258924165	0.00575	22	37	0.986620167790755
23700	1601295444978	86	9	0.0036117782530021387	0.00572946127946128	45	41	0.9866739595328179
23800	1601295469906	48	10	0.0035871031419641387	0.005764141414141413	20	28	0.986703240664583
23900	1601295494937	56	10	0.0035973021878598454	0.0057493265993265995	25	31	0.9866920546142458
24000	1601295519264	53	11	0.003621483796677085	0.005725757575757576	24	29	0.9866514229314032
24100	1601295544182	51	14	0.003598124691561112	0.005761784511784512	22	29	0.9866935351209081
24200	1601295568916	61	13	0.0036038822174699787	0.005774579124579125	27	33	0.9866073367330153
24300	1601295593134	65	10	0.003626418818884685	0.005756734006734007	32	31	0.9867137687119591
24400	1601295617575	63	9	0.0036083237374568184	0.005762626262626262	25	38	0.9866940286231288
24500	1601295642532	49	9	0.003589241651587432	0.005752020202020203	19	30	0.9866907386083238
24600	1601295668761	52	11	0.0036014147063661785	0.00576969696969697	20	32	0.9866359598618194
24700	1601295693009	54	10	0.003599605198223392	0.005765656565656565	20	33	0.9867496298733345
24800	1601295718061	64	9	0.003604046718210232	0.005774242424242424	21	43	0.9866081592367165
24900	1601295739633	39	9	0.0036223063003783516	0.005762289562289562	17	21	0.986592202664912
25000	1601295760475	58	9	0.0035999341997038988	0.0057579124579124575	28	30	0.9867410758348413
25100	1601295781655	47	9	0.0036098042441190985	0.0057404040404040405	24	22	0.9866252673137029
25200	1601295803690	45	9	0.0035954926797170587	0.005786026936026936	17	27	0.9866560289521303
25300	1601295824736	61	8	0.003602566211547952	0.0057624579124579125	22	38	0.9866385918736634
25400	1601295846663	74	8	0.003627405823326205	0.00576936026936027	22	50	0.9866361243625597
25500	1601295868018	49	9	0.003598782694522125	0.00577912457912458	19	26	0.9866507649284422
25600	1601295889695	62	10	0.003603059713768712	0.005770875420875421	33	28	0.9866810330646488
25700	1601295911544	65	10	0.0036048692219114984	0.005762962962962963	33	32	0.9867106431978944
25800	1601295932771	63	9	0.003621483796677085	0.005769191919191919	34	29	0.9866002632011844
25900	1601295957035	48	10	0.0036152327685474587	0.005788888888888889	23	25	0.9866331633492351
26000	1601295978751	75	9	0.003606678730054285	0.005796296296296296	34	41	0.986750616877776
26100	1601295999583	69	16	0.0036160552722487253	0.00575976430976431	22	47	0.9866841585787136
26200	1601296020786	68	9	0.003632340845533805	0.0057599326599326595	29	39	0.9866945221253496
26300	1601296042432	73	10	0.0036177002796512585	0.0058043771043771045	23	50	0.9865754235894062
26400	1601296063485	59	10	0.0036459944069748315	0.005807575757575758	25	34	0.9867205132423096
26500	1601296085372	63	9	0.003616384273729232	0.0058264309764309765	37	25	0.9866364533640402
26600	1601296107028	64	10	0.0036236223063003782	0.005795791245791246	38	26	0.9866828425727916
26700	1601296128132	46	9	0.003628392827767725	0.0058131313131313134	20	25	0.9865645665405495
26800	1601296150305	53	8	0.003616384273729232	0.005797643097643098	25	27	0.9865834841256785
26900	1601296171451	45	15	0.0036277348248067117	0.005805723905723905	19	25	0.9866484619180786
27000	1601296195609	61	9	0.003636782365520645	0.005776094276094277	24	35	0.9866550419476887
27100	1601296217899	78	14	0.0036137522618851785	0.005796969696969696	45	33	0.9866121072544827
27200	1601296239311	47	9	0.0036275703240664582	0.0057848484848484856	24	22	0.9866640894884027
27300	1601296260699	47	9	0.003621483796677085	0.005772390572390572	22	24	0.9866515874321434
27400	1601296283202	53	10	0.003612929758183912	0.0057360269360269365	23	28	0.9867473268629708
27500	1601296305411	53	9	0.003623128804079618	0.005758922558922559	25	28	0.9866209902944564
27600	1601296326684	40	35	0.0036188517848330316	0.005763131313131313	20	20	0.9866862970883369
27700	1601296348322	53	9	0.0036356308603388717	0.005769865319865321	19	34	0.9866853100838954
27800	1601296370020	55	12	0.0036306958381312716	0.005761447811447811	33	22	0.9866634314854417
27900	1601296390631	44	8	0.003630037835170258	0.005761952861952861	23	21	0.9866492844217799
28000	1601296411825	53	19	0.003647310412896858	0.0057533670033670025	24	28	0.986616219772989
28100	1601296434025	69	9	0.003646323408455338	0.005790909090909091	30	32	0.9866994571475571
28200	1601296455139	53	10	0.0036302023359105116	0.00577070707070707	27	26	0.9867001151505181
28300	1601296476062	48	9	0.0036325053462740583	0.0057579124579124575	27	21	0.9866591544661951
28400	1601296497084	58	9	0.0036316828425727917	0.005789225589225589	23	35	0.9866494489225202
28500	1601296518930	73	8	0.003619509787794045	0.005761784511784512	32	41	0.9866466524099359
28600	1601296540967	46	10	0.0036193452870537917	0.005740740740740741	25	21	0.9866369468662609
28700	1601296562285	65	9	0.0036351373581181116	0.005794781144781144	20	45	0.9867007731534791
28800	1601296583302	58	9	0.0036455009047540714	0.005781481481481481	19	38	0.9866339858529364
28900	1601296604248	52	8	0.003637933870702418	0.0057867003367003365	20	31	0.9865775620990295
29000	1601296626406	48	9	0.0036556999506497777	0.005791245791245791	21	26	0.9866135877611449
29100	1601296650875	51	11	0.0036436913966112847	0.005781313131313131	24	27	0.9866033887152492
29200	1601296674361	55	10	0.003638920875143938	0.00579074074074074	26	27	0.9866241158085212
29300	1601296697999	68	9	0.003630531337391018	0.005807407407407408	36	31	0.9866093107418984
29400	1601296722732	63	18	0.003637440368481658	0.005791245791245791	23	39	0.986631189340352
29500	1601296746878	54	9	0.0036292153314689914	0.005821885521885522	23	31	0.9865801941108735
29600	1601296771121	62	17	0.003628721829248232	0.0058107744107744105	23	39	0.9867111367001151
29700	1601296794469	43	9	0.003623951307780885	0.005811447811447812	19	23	0.9866135877611449
29800	1601296816027	59	14	0.0036326698470143114	0.005799326599326599	17	42	0.9867139332126995
29900	1601296838235	91	10	0.003632340845533805	0.005833333333333333	57	34	0.9866221417996381
30000	1601296862272	67	10	0.003629379832209245	0.005780303030303031	21	46	0.9866382628721829
30100	1601296885419	56	9	0.003657673959532818	0.0058	22	33	0.9866418818884685
30200	1601296908518	45	8	0.0036282283270274718	0.005776767676767677	19	25	0.9866242803092614
30300	1601296932346	64	18	0.003642868892910018	0.005805555555555555	25	37	0.9866821845698306
30400	1601296956403	64	9	0.0036517519328836978	0.005806397306397306	34	29	0.9866580029610134
30500	1601296978296	46	9	0.0036431978943905247	0.005818013468013468	26	20	0.986615561770028
30600	1601297000978	40	8	0.0036550419476887646	0.005788047138047138	19	20	0.986589570653068
30700	1601297024027	50	10	0.0036688600098700444	0.005803030303030303	22	28	0.9865841421286395
30800	1601297047445	68	14	0.0036356308603388717	0.0058240740740740735	38	29	0.9866723145254154
30900	1601297069718	42	8	0.003633821352196085	0.005797979797979798	24	18	0.9865917091626912
31000	1601297092873	59	13	0.0036506004277019246	0.005770538720538721	20	39	0.986620825793716
31100	1601297116885	58	10	0.003632834347754565	0.005813636363636364	26	32	0.9865821681197565
31200	1601297141409	79	28	0.0036800460602072708	0.005816498316498316	24	55	0.9866533969402862
31300	1601297165563	53	8	0.003669682513571311	0.005808080808080808	26	26	0.9866879420957394
31400	1601297189174	50	9	0.0036450074025333114	0.005839057239057238	20	30	0.9866440203980917
31500	1601297212575	46	10	0.003649284421779898	0.0058489898989899	23	23	0.9866635959861819
31600	1601297235053	53	9	0.003652738937325218	0.005845622895622895	20	33	0.9865969731863793
31700	1601297257904	60	10	0.0036476394143773647	0.005865488215488215	23	37	0.98661687777595
31800	1601297280780	78	9	0.003646816910676098	0.005824915824915825	24	54	0.9866244448100017
31900	1601297304274	61	15	0.0036733015298568844	0.005809259259259259	30	30	0.9865949991774963
32000	1601297327220	70	12	0.0036629379832209246	0.005821043771043771	26	43	0.9866229643033394
32100	1601297350776	57	16	0.003690080605362724	0.005829797979797979	27	30	0.9865724625760816
32200	1601297373784	39	9	0.0036869550912979106	0.005842592592592592	20	19	0.9866484619180786
32300	1601297395269	49	9	0.003676920546142458	0.005827609427609427	25	24	0.9866328343477546
32400	1601297417437	51	9	0.0036479684158578713	0.005840909090909091	21	30	0.9866395788781049
32500	1601297439632	55	9	0.0036718210231946042	0.005815151515151515	27	28	0.986601250205626
32600	1601297461945	58	11	0.0036626089817404176	0.005831313131313131	26	31	0.9866446784010529
32700	1601297483428	55	9	0.003669518012831058	0.005866161616161616	26	29	0.9866619509787794
32800	1601297505077	73	9	0.0036461589077150846	0.00583973063973064	21	51	0.9865887481493667
32900	1601297526968	55	9	0.003676591544661951	0.005821380471380471	30	24	0.986588254647146
33000	1601297549385	50	11	0.0036887645994406974	0.005833670033670034	20	30	0.9866237868070407
33100	1601297571871	63	9	0.0036709985194933376	0.005836531986531986	25	37	0.9866359598618194
33200	1601297593658	53	9	0.0036594834676756047	0.005832659932659932	24	29	0.9866473104128969
33300	1601297615291	53	10	0.003658331962493831	0.005853535353535354	24	29	0.9866473104128969
33400	1601297637445	59	10	0.0036723145254153643	0.005842929292929293	34	25	0.9865938476723145
33500	1601297658783	44	18	0.003669024510610298	0.005842424242424243	20	21	0.9865933541700938
33600	1601297680148	46	14	0.003683007073531831	0.005845791245791245	19	27	0.9866297088336897
33700	1601297701506	66	10	0.0036793880572462577	0.005841077441077441	34	31	0.986539562428031
33800	1601297723553	60	16	0.003669518012831058	0.005871548821548822	19	40	0.9866121072544827
33900	1601297745230	50	9	0.003684981082414871	0.0058353535353535355	24	26	0.9865178483303175
34000	1601297766919	53	9	0.0036843230794538578	0.00587003367003367	22	30	0.986590228656029
34100	1601297789312	56	10	0.0036673795032077646	0.005843265993265994	23	32	0.9866185227833525
34200	1601297811674	65	9	0.003682020069090311	0.005848148148148148	21	43	0.9866015792071064
34300	1601297833171	56	8	0.0036869550912979106	0.00585	21	35	0.9865945056752755
34400	1601297854295	74	8	0.003694028623128804	0.005818013468013468	36	37	0.9865790426056917
34500	1601297877166	54	10	0.003690574107583484	0.005834680134680135	20	33	0.9866264188188847
34600	1601297900104	38	10	0.003662773482480671	0.005829797979797979	18	20	0.9865252508636289
34700	1601297921497	49	9	0.003661128475078138	0.005831649831649832	19	30	0.9866325053462741
34800	1601297942728	55	9	0.0036499424247409115	0.005840235690235691	30	25	0.986606514229314
34900	1601297964853	42	10	0.003692877117947031	0.005838720538720539	22	19	0.9866047047211712
35000	1601297989183	57	9	0.003683665076492844	0.005823400673400673	25	32	0.9865836486264188
35100	1601298010567	38	15	0.0036835005757525907	0.005826767676767677	19	19	0.9865443329494983
35200	1601298030753	58	11	0.0036665569995064976	0.005865488215488215	20	38	0.9865550254976148
35300	1601298050832	53	8	0.003696825135713111	0.005854377104377104	20	32	0.9865973021878598
35400	1601298071780	59	9	0.003707517683829577	0.005864141414141414	20	38	0.9866259253166639
35500	1601298092472	57	10	0.0036912321105444976	0.005862962962962963	31	26	0.9866392498766244
35600	1601298113190	89	8	0.0036890936009212043	0.005863804713804714	56	32	0.9865788781049515
35700	1601298134123	62	8	0.0036723145254153643	0.005852020202020202	20	41	0.9866221417996381
35800	1601298154730	49	9	0.003674124033558151	0.00585	24	24	0.9866356308603389
35900	1601298175691	51	9	0.003688929100180951	0.005850841750841751	23	27	0.9866204967922355
36000	1601298196921	59	8	0.0036718210231946042	0.0058496632996633	30	28	0.986608488238197
36100	1601298218370	63	11	0.003697976640894884	0.005841414141414141	23	39	0.9865349564073038
36200	1601298239257	69	8	0.003675275538739924	0.005862626262626262	35	34	0.9866458299062346
36300	1601298260029	80	9	0.0036663924987662445	0.0058616161616161615	21	58	0.9866198387892745
36400	1601298280599	53	11	0.0036604704721171243	0.005863636363636363	28	25	0.9865920381641717
36500	1601298300950	49	9	0.0036634314854416847	0.0058816498316498315	25	23	0.9866380983714427
36600	1601298321562	64	9	0.0036879420957394307	0.0058772727272727275	35	28	0.9866749465372594
36700	1601298343544	47	8	0.0036846520809343643	0.005858417508417508	22	24	0.9865820036190163
36800	1601298364090	53	8	0.003663760486922191	0.005853367003367003	22	30	0.9866379338707024
36900	1601298384612	61	9	0.0036678730054285243	0.005875252525252526	40	20	0.9866035532159895
37000	1601298405651	67	10	0.003696825135713111	0.00588063973063973	33	34	0.986566869550913
37100	1601298426716	55	10	0.0036867905905576576	0.005852525252525253	21	31	0.9866221417996381
37200	1601298447409	61	10	0.003685474584635631	0.005864983164983165	19	42	0.9865875966441849
37300	1601298468017	52	20	0.003675111037999671	0.005855050505050505	20	32	0.9866522454351044
37400	1601298488898	63	20	0.0036816910676098044	0.00588063973063973	19	44	0.9866981411416351
37500	1601298509663	38	9	0.003673137029116631	0.005873905723905724	19	19	0.9866487909195591
37600	1601298530717	51	17	0.0036798815594670177	0.005877441077441078	19	32	0.9866020727093272
37700	1601298552118	52	10	0.0036976476394143774	0.005868013468013468	27	25	0.9865951636782365
37800	1601298572647	56	19	0.003712781707517684	0.005863468013468013	27	29	0.9865943411745353
37900	1601298593615	37	9	0.0037187037341668036	0.005875420875420875	17	20	0.9866321763447935
38000	1601298614335	48	10	0.0037259417667379504	0.005867845117845117	20	28	0.9865303503865768
38100	1601298636317	80	10	0.0037006086527389373	0.005856397306397306	24	56	0.9865653890442507
38200	1601298658232	57	9	0.0036848165816746174	0.005853703703703704	32	25	0.9865958216811975
38300	1601298680712	66	9	0.0036665569995064976	0.005856902356902356	27	39	0.9866835005757526
38400	1601298702422	72	9	0.003687613094258924	0.005842592592592592	42	26	0.986569501562757
38500	1601298723313	47	9	0.003691561112025004	0.005845117845117845	24	23	0.9866214837966771
38600	1601298743664	53	9	0.0036879420957394307	0.0058331649831649835	27	25	0.9865834841256785
38700	1601298764156	62	11	0.0037042276690245107	0.005857575757575757	33	28	0.9865446619509788
38800	1601298784796	57	10	0.003707517683829577	0.005847811447811447	30	27	0.9865963151834183
38900	1601298806203	79	10	0.0037145912156604705	0.005859090909090908	33	45	0.9865959861819378
39000	1601298826727	64	8	0.0037055436749465374	0.005851851851851851	27	37	0.9865112683007073
39100	1601298847592	71	9	0.003700773153479191	0.005845622895622895	30	37	0.9866063497285738
39200	1601298868251	69	9	0.0036642539891429513	0.005859259259259259	19	46	0.9865770685968087
39300	1601298888799	48	9	0.0036956736305313372	0.005872390572390572	26	22	0.986566211547952
39400	1601298909752	52	9	0.003713933212699457	0.005842592592592592	30	21	0.9865193288369798
39500	1601298930076	46	9	0.003684981082414871	0.005884343434343435	21	25	0.9866476394143774
39600	1601298952022	43	18	0.003695015627570324	0.00587003367003367	21	22	0.9865823326204968
39700	1601298973710	52	9	0.0037165652245435103	0.0059080808080808084	25	27	0.986516203322915
39800	1601298994588	66	10	0.003682020069090311	0.00589040404040404	38	28	0.9866708340187531
39900	1601299016198	59	10	0.003689916104622471	0.005856397306397306	25	34	0.9866165487744695
40000	1601299037352	59	10	0.0037055436749465374	0.005889730639730639	26	33	0.9865374239184076
40100	1601299057900	41	17	0.0036808685639085374	0.005878114478114478	19	22	0.9865625925316663
40200	1601299078342	53	9	0.003702418160881724	0.005867340067340067	30	23	0.9865573285079783
40300	1601299099699	78	12	0.003691067609804244	0.0058594276094276095	43	34	0.9866270768218457
40400	1601299120625	37	8	0.003704885671985524	0.005856397306397306	18	19	0.9866242803092614
40500	1601299141569	80	9	0.0036862970883368975	0.005855050505050505	28	52	0.9865583155124198
40600	1601299162708	79	11	0.0037131107089981904	0.005848821548821549	22	57	0.9864716236223063
40700	1601299183461	44	10	0.0036839940779733508	0.0058836700336700335	20	24	0.9866010857048857
40800	1601299204657	46	8	0.0036739595328178975	0.005882996632996633	26	19	0.9866591544661951
40900	1601299225538	49	9	0.003682513571311071	0.005867171717171717	25	24	0.9865808521138345
41000	1601299246467	45	9	0.003709985194933377	0.005846127946127946	22	23	0.9866073367330153
41100	1601299267714	60	8	0.003685474584635631	0.005866329966329966	33	27	0.9865843066293798
41200	1601299289083	46	9	0.0037042276690245107	0.005854377104377104	20	26	0.9865803586116138
41300	1601299309668	59	8	0.0036953446290508307	0.0058530303030303035	26	33	0.9866499424247409
41400	1601299331760	47	9	0.0036754400394801777	0.0058595959595959595	18	29	0.9866728080276361
41500	1601299356582	47	9	0.0036737950320776445	0.005876767676767677	21	26	0.9865887481493667
41600	1601299383798	60	9	0.003687119592038164	0.005874242424242424	24	36	0.9866565224543511
41700	1601299410956	86	10	0.003702582661621977	0.005851515151515152	39	47	0.9865240993584471
41800	1601299436819	62	10	0.003708833689751604	0.005880808080808081	19	43	0.9866400723803257
41900	1601299460836	51	9	0.003718374732686297	0.005872558922558923	23	28	0.9865736140812633
42000	1601299484966	52	16	0.0037349893074518836	0.005851683501683502	20	29	0.9865568350057575
42100	1601299509411	62	11	0.003708833689751604	0.0058791245791245785	25	37	0.9865660470472117
42200	1601299534575	64	9	0.0037113012008554037	0.005905387205387206	24	40	0.9865050172725778
42300	1601299559938	49	9	0.003695509129791084	0.005893602693602694	23	26	0.9865690080605363
42400	1601299588246	50	17	0.003699621648297417	0.005887542087542088	21	29	0.986581839118276
42500	1601299615778	56	10	0.0036948511268300706	0.005891077441077442	23	33	0.9864750781378516
42600	1601299643731	54	10	0.0037006086527389373	0.005924242424242424	22	32	0.986617535778911
42700	1601299669728	56	11	0.003721664747491364	0.005910774410774411	22	32	0.9865966441848988
42800	1601299695472	74	11	0.0036920546142457642	0.005944612794612795	32	41	0.9866269123211054
42900	1601299722121	73	13	0.0036971541371936174	0.005938888888888889	23	50	0.9865477874650436
43000	1601299745437	77	9	0.0037076821845698307	0.00594057239057239	46	31	0.9864943247244613
43100	1601299767196	59	10	0.0037071886823490706	0.005915151515151516	31	28	0.9866073367330153
43200	1601299789128	69	9	0.0037101496956736305	0.0059346801346801354	23	45	0.9865397269287712
43300	1601299812358	49	10	0.003710314196413884	0.005884175084175084	22	26	0.9866190162855732
43400	1601299835047	55	9	0.0037136042112189504	0.005907744107744107	25	29	0.9865456489554203
43500	1601299857423	64	9	0.0037006086527389373	0.0059171717171717176	25	38	0.9865973021878598
43600	1601299879273	66	12	0.003709327191972364	0.005926430976430977	24	42	0.986542194439875
43700	1601299902389	52	10	0.003713768711959204	0.005923737373737374	26	25	0.9866395788781049
43800	1601299926757	60	11	0.0036992926468169107	0.005912457912457912	27	31	0.9865713110708998
43900	1601299950768	60	10	0.003706366178647804	0.005897474747474748	31	29	0.9865431814443165
44000	1601299975222	79	13	0.003706859680868564	0.0058840067340067345	35	43	0.9865099522947853
44100	1601300000946	55	18	0.003707517683829577	0.005911111111111112	23	31	0.9864999177496299
44200	1601300027792	65	11	0.0037152492186214837	0.005915824915824916	33	32	0.9865583155124198
44300	1601300053118	58	17	0.003718868234907057	0.005933670033670034	26	32	0.9865199868399408
44400	1601300078691	52	10	0.0036897516038822175	0.005907912457912458	26	25	0.9865706530679388
44500	1601300103046	62	28	0.003725283763776937	0.005908754208754209	25	37	0.986569501562757
44600	1601300128356	88	13	0.003704885671985524	0.005948484848484849	22	66	0.9865797006086527
44700	1601300153715	80	9	0.003699621648297417	0.005953198653198654	29	50	0.9865477874650436
44800	1601300186520	70	19	0.0037157427208422437	0.0059565656565656565	26	43	0.9865341339036026
44900	1601300212155	77	9	0.0037071886823490706	0.005931144781144782	28	49	0.986583813127159
45000	1601300242682	81	12	0.003720842243790097	0.0059011784511784505	27	53	0.9865601250205626
45100	1601300273815	68	12	0.003718374732686297	0.005910606060606061	33	34	0.9865653890442507
45200	1601300301692	53	12	0.00373482480671163	0.005937878787878788	22	30	0.9865907221582497
45300	1601300327179	58	9	0.003715413719361737	0.005937205387205388	25	32	0.9865749300871854
45400	1601300353581	60	14	0.003730712288205297	0.005922558922558922	27	32	0.9865871031419642
45500	1601300379537	61	12	0.003708833689751604	0.0059478114478114475	27	34	0.986605856226353
45600	1601300406686	62	10	0.0037165652245435103	0.005938552188552188	21	41	0.9865787136042112
45700	1601300433626	58	10	0.0037006086527389373	0.005933333333333333	25	33	0.9865742720842243
45800	1601300461211	61	17	0.0037310412896858036	0.005928282828282828	28	33	0.9865986181937819
45900	1601300487370	47	11	0.003717387728244777	0.00592962962962963	23	24	0.9865492679717058
46000	1601300513727	47	11	0.003713768711959204	0.005903198653198652	22	24	0.9866410593847672
46100	1601300541689	55	12	0.003721664747491364	0.0059015151515151515	28	27	0.986580523112354
46200	1601300568074	74	10	0.003725283763776937	0.005896296296296296	39	35	0.986592860667873
46300	1601300596100	84	12	0.00373087678894555	0.005895791245791246	30	44	0.9865843066293798
46400	1601300627593	86	10	0.0037111367001151506	0.005904882154882155	45	39	0.98658447113012
46500	1601300666470	87	31	0.003689422602401711	0.005932828282828283	37	50	0.986553873992433
46600	1601300701317	61	10	0.003708833689751604	0.005912794612794613	28	32	0.9865112683007073
46700	1601300725102	54	9	0.0037190327356473106	0.005894444444444444	20	34	0.9865964796841585
46800	1601300748741	60	10	0.0037121237045566707	0.005915319865319866	21	39	0.9866379338707024
46900	1601300775614	68	13	0.0037221582497121235	0.005904713804713804	36	32	0.9865140648132916
47000	1601300802945	55	11	0.0037469978614903766	0.005890572390572391	24	31	0.9865897351538082
47100	1601300829776	66	11	0.003709327191972364	0.005918855218855219	33	33	0.9865711465701595
47200	1601300855719	62	11	0.0037372923178154304	0.005898653198653198	31	30	0.9865431814443165
47300	1601300880528	55	17	0.003697483138674124	0.005896127946127947	26	29	0.9865604540220431
47400	1601300906739	72	13	0.003688929100180951	0.005886363636363637	29	42	0.9865834841256785
47500	1601300933611	66	10	0.003729725283763777	0.0059013468013468014	28	37	0.98657147557164
47600	1601300960844	79	12	0.003717881230465537	0.005867676767676767	33	46	0.9865436749465373
47700	1601300985612	68	10	0.0037279157756209902	0.005924242424242424	36	31	0.9865387399243296
47800	1601301010842	54	9	0.0037395953281789767	0.00590016835016835	23	30	0.9865352854087843
47900	1601301036422	57	10	0.0037224872511926305	0.00591043771043771	25	31	0.9865885836486264
48000	1601301061863	63	10	0.0037147557164007236	0.005892424242424242	24	39	0.9866397433788452
48100	1601301087023	63	10	0.003722322750452377	0.00591043771043771	22	41	0.9866323408455338
48200	1601301112488	59	10	0.0037265997696989636	0.0058991582491582486	25	33	0.9866121072544827
48300	1601301139719	75	10	0.003722816252673137	0.00591952861952862	23	51	0.9865898996545485
48400	1601301166657	88	10	0.003721335746010857	0.005898316498316499	52	35	0.9865338049021221
48500	1601301192744	74	9	0.003728738279322257	0.005908417508417508	31	42	0.9865859516367823
48600	1601301217094	71	10	0.0036922191149860173	0.005894949494949495	23	48	0.9865657180457312
48700	1601301240886	52	10	0.0037241322585951637	0.005895286195286196	22	30	0.9865936831715743
48800	1601301267065	71	11	0.0037162362230630038	0.005876430976430976	39	32	0.9865795361079125
48900	1601301292593	51	11	0.0037066951801283106	0.00587003367003367	26	24	0.9866165487744695
49000	1601301317116	78	8	0.0037126172067774303	0.005890572390572391	37	40	0.9866035532159895
49100	1601301344826	63	12	0.0037015956571804574	0.005879629629629629	30	32	0.9866060207270932
49200	1601301370770	60	10	0.0036943576246093106	0.005911279461279461	20	39	0.9866348083566376
49300	1601301396669	76	11	0.003693535120908044	0.005889393939393939	25	50	0.9865222898503043
49400	1601301422939	53	10	0.003716729725283764	0.00586902356902357	22	31	0.9866024017108077
49500	1601301447913	55	20	0.0037349893074518836	0.005901010101010101	24	31	0.9864884026978121
49600	1601301472744	79	10	0.003734660305971377	0.005876430976430976	40	39	0.986557822010199
49700	1601301496994	51	10	0.0037180457312057905	0.005896296296296296	20	31	0.9866242803092614
49800	1601301520737	46	9	0.003721829248231617	0.005917508417508417	25	21	0.9865375884191478
49900	1601301544047	55	10	0.003721664747491364	0.0059102693602693605	22	33	0.986568843559796
50000	1601301571186	57	11	0.003713768711959204	0.005918855218855219	22	32	0.9865275538739924
50100	1601301598964	57	26	0.0037140977134397105	0.005941582491582492	21	35	0.986567527553874
50200	1601301624136	61	10	0.003717881230465537	0.005918350168350168	25	35	0.9864908702089159
50300	1601301647105	49	9	0.003730218785984537	0.005934848484848485	18	31	0.9866073367330153
50400	1601301670671	71	12	0.0037037341668037507	0.0059742424242424244	35	36	0.9866377693699622
50500	1601301694704	54	16	0.0037293962822832704	0.005931818181818181	20	34	0.9866379338707024
50600	1601301718422	58	10	0.0037293962822832704	0.005932996632996633	34	24	0.9865864451390032
50700	1601301741640	65	12	0.0037280802763612437	0.005895959595959596	32	33	0.9866030597137687
50800	1601301764540	46	9	0.003715413719361737	0.005891582491582492	22	24	0.9865352854087843
50900	1601301787507	64	9	0.0037440368481658167	0.00586902356902357	24	39	0.9865533804902122
51000	1601301810965	69	13	0.0037367988155946703	0.005906734006734007	30	39	0.9866007567034052
51100	1601301836513	56	13	0.00373482480671163	0.005924579124579125	23	32	0.986557164007238
51200	1601301862608	62	9	0.0037073531830893237	0.005932996632996633	27	35	0.9866405658825464
51300	1601301888313	55	18	0.0037264352689587105	0.005917845117845118	23	32	0.9865213028458628
51400	1601301913004	57	18	0.003721664747491364	0.005918518518518518	21	36	0.9865097877940451
51500	1601301937956	87	11	0.0037428853429840436	0.005937205387205388	34	51	0.986552557986511
51600	1601301967129	95	11	0.00375357789110051	0.005911111111111112	33	28	0.9865829906234578
51700	1601301995370	98	10	0.00374666886000987	0.005898821548821549	67	30	0.9865300213850963
51800	1601302023260	61	15	0.0037081756867905907	0.005902188552188552	26	34	0.986590228656029
51900	1601302050506	77	10	0.0037418983385425235	0.005933164983164984	29	48	0.9865839776278993
52000	1601302077451	55	9	0.003741075834841257	0.005918518518518518	23	31	0.9865296923836158
52100	1601302102984	70	11	0.003751768382957723	0.005912457912457912	25	41	0.9865630860338872
52200	1601302139410	83	12	0.0037514393814772166	0.005918350168350168	33	49	0.9864714591215661
52300	1601302169261	62	12	0.0037219937489718705	0.0058947811447811445	23	36	0.9865696660634973
52400	1601302196400	70	28	0.0037316992926468167	0.005938215488215489	26	32	0.9865069912814608
52500	1601302224326	56	10	0.00373877282447771	0.005898316498316499	29	26	0.986505839776279
52600	1601302249330	67	32	0.0037369633163349234	0.005923905723905725	35	32	0.9865790426056917
52700	1601302275894	67	14	0.003731205790426057	0.005937037037037037	24	42	0.9865390689258101
52800	1601302302840	54	12	0.0037706859680868565	0.005926262626262626	31	22	0.9865247573614081
52900	1601302330150	77	10	0.0037474913637111367	0.005924747474747474	23	54	0.9864976147392663
53000	1601302354945	53	9	0.003723309754893897	0.005936026936026935	25	28	0.9865369304161868
53100	1601302383553	183	56	0.0037201842408290837	0.00593097643097643	141	39	0.9864599440697484
53200	1601302415904	67	24	0.00374124033558151	0.005934006734006733	34	32	0.9864752426385919
53300	1601302445215	70	11	0.0037116302023359107	0.0059489898989899	28	41	0.9866283928277677
53400	1601302474270	68	11	0.0037359763118934037	0.005954208754208754	29	37	0.9865836486264188
53500	1601302502073	70	10	0.0037236387563744037	0.0059478114478114475	38	30	0.9865061687777595
53600	1601302529218	71	9	0.0037453528540878434	0.005929797979797979	39	31	0.9865245928606678
53700	1601302554588	47	17	0.003762131929593683	0.005971548821548821	22	25	0.986540220430992
53800	1601302582137	70	10	0.00374321434446455	0.005922727272727272	25	44	0.9865022207599934
53900	1601302608909	67	10	0.0037379503207764435	0.005946801346801346	37	30	0.986555848001316
54000	1601302635275	62	10	0.0037363053133739102	0.005942760942760942	27	32	0.9865749300871854
54100	1601302661185	59	9	0.0037241322585951637	0.005942255892255892	22	37	0.9864982727422273
54200	1601302686590	57	10	0.0037310412896858036	0.0059765993265993266	24	32	0.9865750945879257
54300	1601302713748	62	11	0.003711465701595657	0.005951346801346801	25	35	0.9865660470472117
54400	1601302741168	89	10	0.0037356473104128967	0.00593047138047138	25	63	0.9865507484783681
54500	1601302767112	89	10	0.0037316992926468167	0.00595993265993266	42	47	0.9866140812633657
54600	1601302792828	75	11	0.0037305477874650435	0.005931986531986531	40	31	0.986559138016121
54700	1601302818126	61	9	0.0037573614081263364	0.005905892255892256	26	34	0.9865602895213028
54800	1601302843580	76	11	0.0037150847178812306	0.005934343434343434	27	45	0.9866239513077809
54900	1601302871017	81	10	0.00374765586445139	0.00591986531986532	39	42	0.9864525415364369
55000	1601302899007	70	11	0.00372347425563415	0.0059489898989899	25	45	0.9865907221582497
55100	1601302923474	55	10	0.0037669024510610296	0.005944781144781144	26	29	0.9865474584635631
55200	1601302948562	78	14	0.0037369633163349234	0.00596902356902357	53	22	0.9865969731863793
55300	1601302973162	58	18	0.0037593354170093766	0.005970202020202021	20	36	0.9865456489554203
55400	1601302996702	74	10	0.0037443658496463233	0.005970875420875421	32	42	0.9865300213850963
55500	1601303022892	77	10	0.00376246093107419	0.005948653198653199	46	31	0.9865754235894062
55600	1601303050433	83	10	0.0037673959532817896	0.00593989898989899	53	30	0.9865091297910841
55700	1601303075974	66	10	0.0037563744036848167	0.005965824915824916	32	33	0.9864972857377858
55800	1601303102724	60	10	0.0037196907386083237	0.005947138047138047	25	35	0.9865354499095246
55900	1601303127857	71	10	0.00374913637111367	0.00591010101010101	24	46	0.9864823161704228
56000	1601303151589	68	9	0.0037440368481658167	0.005941750841750841	34	34	0.9865892416515875
56100	1601303175761	48	14	0.0037438723474255632	0.005946464646464647	21	27	0.9865310083895378
56200	1601303202401	71	10	0.00375111037999671	0.005939057239057239	30	40	0.9865848001316005
56300	1601303228432	62	10	0.0037438723474255632	0.005941245791245791	28	34	0.9865492679717058
56400	1601303251906	69	10	0.00373087678894555	0.005955387205387205	41	27	0.9865907221582497
56500	1601303276292	59	10	0.00375555189998355	0.005953535353535353	30	29	0.9865722980753413
56600	1601303306994	62	15	0.0037484783681526568	0.005956060606060605	23	37	0.9865114328014476
56700	1601303334198	69	10	0.00374864286889291	0.005946632996632997	28	41	0.986618851784833
56800	1601303359749	54	11	0.0037203487415693372	0.005946801346801346	30	24	0.9865245928606678
56900	1601303384987	58	12	0.0037022536601414705	0.005972558922558922	25	33	0.9866356308603389
57000	1601303410888	72	10	0.0037363053133739102	0.005957912457912458	34	38	0.9866288863299885
57100	1601303437222	59	10	0.0037488073696331633	0.005939730639730639	25	33	0.9864860996874486
57200	1601303465656	191	27	0.003724625760815924	0.005957407407407408	115	70	0.9865186708340188
57300	1601303500157	52	10	0.0037254482645171904	0.005934343434343434	23	29	0.9865329823984208
57400	1601303532551	79	10	0.0037497943740746834	0.00591952861952862	33	45	0.9865813456160553
57500	1601303565068	74	11	0.003741075834841257	0.005955050505050505	41	33	0.9865515709820695
57600	1601303595422	77	10	0.00372347425563415	0.005951683501683502	24	53	0.9865308438887975
57700	1601303624260	54	17	0.0037468333607501235	0.00596043771043771	22	28	0.9865443329494983
57800	1601303652254	56	11	0.00374272084224379	0.0059299663299663295	23	33	0.9864949827274223
57900	1601303683543	95	10	0.0037445303503865768	0.005945117845117845	50	45	0.9865374239184076
58000	1601303713631	58	11	0.0037443658496463233	0.005937037037037037	24	33	0.9865846356308603
58100	1601303748502	68	20	0.0037106431978943906	0.005955555555555555	35	32	0.986605856226353
58200	1601303783053	73	12	0.0037504523770356965	0.005928451178451179	42	31	0.9865703240664583
58300	1601303814416	66	15	0.003734660305971377	0.005947138047138047	28	37	0.9865754235894062
58400	1601303844467	57	11	0.0037539068925810165	0.005961279461279461	23	34	0.986588912650107
58500	1601303872806	68	12	0.0037468333607501235	0.00594949494949495	34	31	0.9864719526237868
58600	1601303899641	70	11	0.00374913637111367	0.005964141414141414	23	47	0.9865823326204968
58700	1601303924318	57	9	0.003720677743049844	0.00595925925925926	23	34	0.986603224214509
58800	1601303948606	80	13	0.0037395953281789767	0.005918518518518518	31	48	0.986518177331798
58900	1601303973993	56	20	0.0037229807534133906	0.0059299663299663295	26	29	0.9866213192959369
59000	1601303998471	56	10	0.003751274880736963	0.005967003367003367	21	35	0.9865757525908867
59100	1601304022021	67	10	0.0037514393814772166	0.005964141414141414	34	32	0.9865451554531995
59200	1601304046103	70	10	0.003713275209738444	0.005965824915824916	21	49	0.9865744365849647
59300	1601304070445	75	11	0.003717881230465537	0.005951851851851851	25	49	0.9865645665405495
59400	1601304094755	81	10	0.003720842243790097	0.005934006734006733	30	51	0.9865494324724461
59500	1601304118364	65	14	0.0037404178318802433	0.005942760942760942	30	34	0.9865099522947853
59600	1601304141717	51	12	0.003730712288205297	0.005928787878787879	21	30	0.9864949827274223
59700	1601304166023	78	11	0.0037239677578549102	0.005892592592592593	32	39	0.9865527224872512
59800	1601304189416	81	9	0.0037338378022701104	0.005928451178451179	20	60	0.9865940121730548
59900	1601304213833	64	11	0.0037080111860503372	0.005944949494949495	24	31	0.9866185227833525
60000	1601304238837	71	9	0.0037524263859187367	0.005967003367003367	41	29	0.986444810001645
60100	1601304263383	61	10	0.0037395953281789767	0.005923905723905725	29	32	0.9865617700279651
60200	1601304286513	49	9	0.0037119592038164172	0.0059301346801346804	23	25	0.986594176673795
60300	1601304309541	54	9	0.00374814936667215	0.0059080808080808084	22	32	0.9864482645171904
60400	1601304333666	55	43	0.003729067280802764	0.0059432659932659926	21	34	0.9865639085375885
60500	1601304356548	66	10	0.0037221582497121235	0.005909764309764309	35	31	0.9865749300871854
60600	1601304378785	48	9	0.0037504523770356965	0.00594006734006734	22	25	0.9865690080605363
60700	1601304401527	64	16	0.0037402533311399902	0.005922558922558922	34	30	0.986540220430992
60800	1601304427088	60	10	0.00373531830893239	0.005914141414141414	27	32	0.9865209738443823
60900	1601304454489	59	9	0.0037468333607501235	0.0059235690235690235	22	36	0.9865109392992268
61000	1601304478297	54	21	0.0037611449251521633	0.005918686868686868	21	32	0.9865553544990953
61100	1601304500583	54	8	0.00375456489554203	0.0059232323232323225	30	23	0.9865364369139661
61200	1601304521320	51	8	0.0037340023030103635	0.005937037037037037	26	24	0.9865815101167955
61300	1601304543641	56	9	0.0037594999177496297	0.005954545454545454	27	28	0.9864859351867084
61400	1601304565806	44	18	0.00374666886000987	0.005943939393939395	20	24	0.9864933377200198
61500	1601304587205	56	9	0.003734166803750617	0.0059301346801346804	23	33	0.9866075012337555
61600	1601304609141	76	12	0.0037433788452048036	0.005928451178451179	21	54	0.9865517354828097
61700	1601304630785	43	34	0.0037389373252179636	0.005898484848484848	20	21	0.9865627570324067
61800	1601304652606	66	9	0.0037435433459450567	0.005907070707070707	40	26	0.9865387399243296
61900	1601304673740	76	8	0.0037532488896200034	0.005915319865319866	34	42	0.986530514887317
62000	1601304695775	70	8	0.00374765586445139	0.005894276094276094	31	31	0.9865857871360421
62100	1601304717934	66	8	0.0037453528540878434	0.005932996632996633	22	43	0.986588912650107
62200	1601304739222	57	8	0.0037544003948017765	0.00594057239057239	29	27	0.986542852442836
62300	1601304759896	59	8	0.0037395953281789767	0.0059235690235690235	32	26	0.9866219772988979
62400	1601304781103	55	10	0.0037474913637111367	0.005932491582491582	28	27	0.9864972857377858
62500	1601304802200	54	10	0.00374814936667215	0.00593047138047138	29	25	0.9865634150353677
62600	1601304823359	60	8	0.003769534462905083	0.005926936026936027	26	33	0.9864953117289028
62700	1601304843922	55	9	0.003729231781543017	0.005929461279461279	28	26	0.9865826616219773
62800	1601304865827	68	9	0.00375357789110051	0.00593047138047138	28	39	0.9865390689258101
62900	1601304887657	57	9	0.00374962987333443	0.005947138047138047	20	36	0.9865148873169929
63000	1601304908638	46	9	0.003764105938476723	0.005929797979797979	21	24	0.9865367659154466
63100	1601304929957	42	10	0.0037458463563086034	0.005944276094276094	19	23	0.9866061852278335
63200	1601304952673	94	9	0.003741075834841257	0.005951683501683502	55	38	0.9866236223063004
63300	1601304975918	49	9	0.0037507813785162035	0.005939057239057239	21	27	0.9865166968251358
63400	1601304996798	44	8	0.0037743049843724295	0.005911447811447811	26	18	0.9864620825793716
63500	1601305016813	46	9	0.0037766079947359763	0.005906397306397307	25	21	0.9865645665405495
63600	1601305038108	40	16	0.0037692054614245764	0.005931313131313131	20	20	0.9864864286889291
63700	1601305059777	41	9	0.00374913637111367	0.005926936026936027	20	21	0.9865369304161868
63800	1601305080968	55	10	0.00373778582003619	0.005937542087542087	31	24	0.9864476065142294
63900	1601305102427	57	11	0.003728738279322257	0.005934848484848485	31	26	0.9865986181937819
64000	1601305124508	47	9	0.00374814936667215	0.0059653198653198646	22	25	0.9865724625760816
64100	1601305145576	47	8	0.00374370784668531	0.005971043771043772	21	26	0.986516861325876
64200	1601305166542	71	9	0.0037335088007896034	0.005954882154882155	43	28	0.9865387399243296
64300	1601305187785	57	9	0.00374222734002303	0.005963131313131313	23	34	0.986615561770028
64400	1601305208890	40	9	0.0037361408126336568	0.0059718855218855215	19	21	0.9865155453199539
64500	1601305230404	56	9	0.0037703569666063495	0.005945454545454546	28	28	0.9865476229643033
64600	1601305251328	81	14	0.003758677414048363	0.005946632996632997	51	29	0.9865627570324067
64700	1601305271803	39	13	0.0037696989636453364	0.005930639730639731	19	19	0.9865010692548116
64800	1601305293249	47	10	0.00375801941108735	0.005963299663299663	21	26	0.9865527224872512
64900	1601305315169	72	10	0.003738608323737457	0.005948821548821549	45	27	0.9865426879420958
65000	1601305336680	43	11	0.003763612436255963	0.005917003367003367	19	24	0.986577233097549
65100	1601305357499	56	10	0.0037632834347754566	0.0059190235690235685	32	24	0.986565553544991
65200	1601305378258	52	9	0.003756867905905577	0.005946464646464647	25	26	0.9865810166145748
65300	1601305400317	80	12	0.0037708504688271096	0.005940404040404041	55	25	0.9865472939628228
65400	1601305421543	43	12	0.0037522618851784833	0.005911111111111112	18	23	0.9866094752426386
65500	1601305442621	52	9	0.00376640894884027	0.005905218855218855	29	23	0.9865250863628886
65600	1601305464255	133	12	0.003751768382957723	0.005951178451178451	24	33	0.9865224543510446
65700	1601305485965	42	9	0.00375407139332127	0.005966329966329966	20	22	0.9865446619509788
65800	1601305507571	44	9	0.003779569008060536	0.0059456228956228955	21	22	0.986527882875473
65900	1601305529005	48	8	0.0037616384273729234	0.005935185185185186	27	21	0.9864837966770851
66000	1601305549753	57	9	0.0037532488896200034	0.0059547138047138055	29	28	0.986553215989472
66100	1601305570833	51	9	0.00375505839776279	0.005931818181818181	19	32	0.9864966277348248
66200	1601305592563	68	8	0.0037594999177496297	0.005961447811447812	33	34	0.9865084717881231
66300	1601305613757	51	9	0.0037522618851784833	0.005938888888888889	25	26	0.9865563415035368
66400	1601305634550	45	8	0.003755716400723803	0.005937542087542087	21	23	0.9866463234084554
66500	1601305655795	43	9	0.0037558809014640567	0.0059479797979797985	24	19	0.9865816746175358
66600	1601305677931	60	8	0.003786971541371936	0.005927946127946128	20	39	0.9865370949169271
66700	1601305698100	98	8	0.0037682184569830563	0.005966666666666667	66	31	0.9865843066293798
66800	1601305718879	61	9	0.0037465043592696166	0.005948148148148149	23	38	0.9865523934857707
66900	1601305739594	56	8	0.003783023523605856	0.005931481481481481	26	30	0.986552557986511
67000	1601305760987	58	10	0.003783517025826616	0.005948316498316498	28	30	0.9865561770027965
67100	1601305782542	68	12	0.003768053956242803	0.005955050505050505	36	32	0.9865634150353677
67200	1601305802971	45	8	0.003768053956242803	0.005961111111111111	18	27	0.9865204803421616
67300	1601305824035	51	9	0.00375801941108735	0.005951683501683502	23	28	0.9865625925316663
67400	1601305844391	52	9	0.00373975982891923	0.005946969696969697	28	24	0.9865548609968745
67500	1601305880016	82	10	0.003770027965125843	0.0059520202020202015	37	35	0.9866098042441191
67600	1601305904683	65	10	0.0037736469814114164	0.005954040404040403	22	42	0.9864867576904096
67700	1601305928980	60	18	0.003770521467346603	0.005955387205387205	29	31	0.9866209902944564
67800	1601305952270	57	9	0.003773482480671163	0.005936531986531986	28	29	0.9865060042770193
67900	1601305985323	62	12	0.00376542194439875	0.005934343434343434	29	32	0.9864931732192795
68000	1601306013094	49	16	0.003772988978450403	0.005930639730639731	22	26	0.9864930087185393
68100	1601306038306	60	9	0.0037560454022043097	0.00593939393939394	25	34	0.9864472775127489
68200	1601306065579	54	9	0.0037567034051653233	0.005928787878787879	26	27	0.9864990952459286
68300	1601306096284	156	10	0.00374864286889291	0.005944949494949495	44	31	0.9865012337555519
68400	1601306122095	60	21	0.00374568185556835	0.005943097643097643	27	32	0.9865334759006416
68500	1601306147312	55	10	0.00374765586445139	0.005906397306397307	25	29	0.9865056752755388
68600	1601306172333	50	10	0.0037721664747491362	0.005914983164983165	22	28	0.9865385754235894
68700	1601306197332	59	10	0.00376887645994407	0.0059102693602693605	29	30	0.9864987662444481
68800	1601306223694	58	10	0.0037593354170093766	0.005915488215488215	23	35	0.9864860996874486
68900	1601306248581	55	10	0.00374272084224379	0.005907575757575758	28	27	0.986546142457641
69000	1601306274809	62	11	0.00373581181115315	0.005918855218855219	28	33	0.9865216318473433
69100	1601306302490	58	30	0.0037502878762954435	0.005904208754208754	26	31	0.986570159565718
69200	1601306328328	61	17	0.0037703569666063495	0.005926262626262626	25	36	0.9864591215660471
69300	1601306357181	62	11	0.0037856555354499094	0.005934175084175084	31	30	0.9865273893732521
69400	1601306382892	48	11	0.003773975982891923	0.005931313131313131	22	25	0.9864536930416187
69500	1601306408990	57	13	0.003771672972528376	0.00593956228956229	24	33	0.9865221253495641
69600	1601306436535	58	11	0.00375900641552887	0.00593956228956229	24	34	0.986527882875473
69700	1601306462960	64	35	0.0037647639414377363	0.005936700336700337	34	29	0.9866288863299885
69800	1601306489253	82	12	0.0037418983385425235	0.005950841750841751	42	40	0.9865069912814608
69900	1601306514880	53	9	0.0037798980095410427	0.0059102693602693605	24	28	0.9865900641552887
70000	1601306540630	90	10	0.00375111037999671	0.005913131313131314	39	51	0.9865729560783023
70100	1601306566222	58	10	0.003759664418489883	0.0059060606060606065	24	34	0.9865624280309261
70200	1601306592732	74	12	0.0037677249547622966	0.0059281144781144785	30	44	0.9865438394472775
70300	1601306621314	51	10	0.0037522618851784833	0.005926767676767676	23	28	0.9865782201019905
70400	1601306647609	83	11	0.00375900641552887	0.005921717171717171	23	59	0.9864905412074354
70500	1601306674540	63	10	0.00375407139332127	0.005932491582491582	33	30	0.9865550254976148
70600	1601306700275	64	10	0.003769040960684323	0.005933838383838384	30	34	0.9865385754235894
70700	1601306725416	52	14	0.003763612436255963	0.0059212121212121206	23	29	0.9864582990623458
70800	1601306751014	58	12	0.003784010528047376	0.005933164983164984	26	32	0.9865543674946538
70900	1601306776100	49	16	0.0037678894555025497	0.005930639730639731	21	27	0.98649350222076
71000	1601306801430	53	10	0.003772988978450403	0.005901683501683502	27	24	0.9865481164665241
71100	1601306826911	59	12	0.003786478039151176	0.005912626262626263	24	35	0.9864224379009705
71200	1601306851564	57	15	0.003791413061358776	0.005945791245791246	33	24	0.986397433788452
71300	1601306876594	65	10	0.003776936996216483	0.005931481481481481	27	38	0.9865787136042112
71400	1601306901477	59	13	0.0037613094258924164	0.005964478114478115	29	30	0.986408455338049
71500	1601306926324	90	10	0.0037905905576575095	0.005931481481481481	24	65	0.9864216153972692
71600	1601306952370	60	11	0.00375308438887975	0.005930808080808081	25	34	0.9865046882710973
71700	1601306977875	86	12	0.003756867905905577	0.0059520202020202015	50	35	0.986544168448758
71800	1601307002664	69	10	0.0037558809014640567	0.005929292929292929	25	44	0.9864365849646324
71900	1601307028004	80	11	0.0037606514229314033	0.00596043771043771	39	41	0.9865055107747985
72000	1601307052982	61	11	0.0037499588748149365	0.0059567340067340074	28	33	0.986588254647146
72100	1601307079159	59	12	0.00377282447771015	0.005938215488215489	28	31	0.9864423424905412
72200	1601307104774	76	12	0.0037497943740746834	0.005973905723905723	40	36	0.9865871031419642
72300	1601307129400	65	9	0.0037453528540878434	0.005936195286195286	34	31	0.986468827109722
72400	1601307154525	58	9	0.0037603224214508967	0.00594074074074074	27	30	0.9865872676427044
72500	1601307179856	61	12	0.003737621319295937	0.005914646464646465	21	40	0.9865037012666557
72600	1601307206193	69	12	0.0037657509458792564	0.0059255892255892255	39	30	0.9866206612929758
72700	1601307231928	62	16	0.0037606514229314033	0.005896296296296296	23	29	0.9865084717881231
72800	1601307255879	59	10	0.0037520973844382298	0.005937542087542087	23	35	0.9865296923836158
72900	1601307280956	64	11	0.0037708504688271096	0.005923737373737374	25	39	0.9865588090146405
73000	1601307306955	59	10	0.0037563744036848167	0.0059303030303030305	27	31	0.9865729560783023
73100	1601307333117	66	11	0.003747326862970883	0.005928787878787879	31	35	0.9865634150353677
73200	1601307359274	71	12	0.00375801941108735	0.005917676767676768	31	40	0.9865530514887317
73300	1601307386298	60	9	0.0037718374732686297	0.005940909090909091	30	29	0.9865346274058233
73400	1601307412549	49	13	0.0037669024510610296	0.005912962962962963	22	27	0.9865216318473433
73500	1601307438492	49	11	0.003768053956242803	0.005918686868686868	26	23	0.9866083237374568
73600	1601307464974	50	11	0.0037504523770356965	0.0059565656565656565	23	26	0.9865671985523935
73700	1601307490159	52	10	0.003772001974008883	0.005929797979797979	22	29	0.9865400559302517
73800	1601307514155	68	10	0.003759170916269123	0.005918350168350168	34	34	0.986566211547952
73900	1601307541435	85	13	0.0037692054614245764	0.005962626262626262	37	47	0.9865384109228491
74000	1601307571120	77	11	0.00376492844217799	0.0059232323232323225	44	33	0.9865986181937819
74100	1601307602192	71	13	0.0037645994406974833	0.005939730639730639	36	35	0.9865357789110051
74200	1601307633291	63	11	0.0037644349399572298	0.005941750841750841	33	29	0.9865561770027965
74300	1601307663459	59	9	0.0037560454022043097	0.005935521885521885	27	30	0.9865234413554861
74400	1601307693167	59	18	0.0037611449251521633	0.00593939393939394	24	35	0.9865007402533311
74500	1601307729504	64	10	0.0037843395295278828	0.005915151515151516	22	40	0.9864716236223063
74600	1601307759081	71	9	0.0037743049843724295	0.0059432659932659926	22	47	0.9865257443658496
74700	1601307789550	59	22	0.003778911005099523	0.005931144781144782	26	33	0.9865061687777595
74800	1601307822702	80	12	0.003770521467346603	0.005915993265993266	35	43	0.9865385754235894
74900	1601307852744	56	9	0.0037762789932554697	0.005914983164983165	22	33	0.9864810001645007
75000	1601307879563	73	10	0.0037922355650600427	0.005935858585858586	38	35	0.9864943247244613
75100	1601307910259	50	10	0.0037678894555025497	0.0059057239057239055	21	29	0.9865111037999671
75200	1601307940746	57	11	0.003785984536930416	0.005918686868686868	24	33	0.9864926797170587
75300	1601307975853	64	22	0.003756867905905577	0.005911952861952861	25	32	0.986540220430992
75400	1601308005205	65	9	0.003778911005099523	0.005915656565656566	24	40	0.9864607665734496
75500	1601308034932	84	11	0.003779569008060536	0.005939730639730639	25	56	0.98656489554203
75600	1601308064678	61	10	0.0037558809014640567	0.005946969696969697	28	32	0.9864541865438394
75700	1601308093758	68	9	0.0037746339858529365	0.005922053872053872	30	36	0.9865245928606678
75800	1601308120161	78	10	0.0037896035532159894	0.005917340067340068	34	41	0.9865096232933048
75900	1601308147565	54	11	0.0037817075176838294	0.005909764309764309	22	32	0.9865264023688106
76000	1601308174011	72	10	0.0037632834347754566	0.005911279461279461	31	40	0.9865420299391348
76100	1601308200344	78	11	0.0037537423918407634	0.005904040404040404	41	37	0.9865176838295773
76200	1601308226757	44	11	0.0037479848659318967	0.005927946127946128	24	20	0.986581839118276
76300	1601308251524	64	17	0.00376986346438559	0.005921043771043771	29	34	0.9865500904754071
76400	1601308277085	62	10	0.003755222898503043	0.0059301346801346804	31	30	0.986531172890278
76500	1601308308926	60	10	0.003767066951801283	0.005891245791245791	23	34	0.9865630860338872
76600	1601308371056	92	11	0.003774469485112683	0.005932659932659933	25	64	0.9865815101167955
76700	1601308423102	76	22	0.0037618029281131764	0.005912626262626263	25	49	0.9865336404013818
76800	1601308468333	62	10	0.0037488073696331633	0.0059479797979797985	27	34	0.9865875966441849
76900	1601308504958	69	13	0.00374370784668531	0.005917340067340068	33	35	0.9865788781049515
77000	1601308532432	77	11	0.00375900641552887	0.0058771043771043766	43	32	0.9864752426385919
77100	1601308556775	47	11	0.0037644349399572298	0.005912289562289562	22	25	0.986556506004277
77200	1601308583940	57	10	0.003777924000658003	0.005924915824915825	24	32	0.9865216318473433
77300	1601308610708	58	43	0.003773975982891923	0.005917845117845118	25	32	0.9865145583155124
77400	1601308637848	67	12	0.0037882875472939627	0.005903367003367003	32	35	0.9864612600756704
77500	1601308662322	48	10	0.00376492844217799	0.005925252525252525	21	27	0.9865487744694851
77600	1601308688967	65	11	0.003797335088007896	0.005894949494949495	26	37	0.9864665240993584
77700	1601308716628	57	19	0.003774469485112683	0.005945454545454546	24	32	0.9865451554531995
77800	1601308743821	59	10	0.0037645994406974833	0.005926094276094277	27	30	0.9865117618029281
77900	1601308770741	62	10	0.0038014476065142294	0.005943939393939395	26	34	0.9865124198058891
78000	1601308798555	129	12	0.003771508471788123	0.0059434343434343435	29	34	0.9865324888962
78100	1601308826081	46	10	0.003780885013982563	0.00596060606060606	22	23	0.9865206448429018
78200	1601308852144	49	9	0.0037499588748149365	0.005968855218855218	20	28	0.9865810166145748
78300	1601308877859	54	10	0.0037741404836321765	0.005995791245791246	23	30	0.9865232768547458
78400	1601308905913	58	10	0.0037428853429840436	0.005985016835016835	28	30	0.9864768876459944
78500	1601308931418	55	10	0.003795361079124856	0.005962289562289562	25	29	0.9864961342326041
78600	1601308956456	79	10	0.003780885013982563	0.0059479797979797985	25	53	0.9865114328014476
78700	1601308980821	53	10	0.003799802599111696	0.005943939393939395	26	27	0.9865359434117453
78800	1601309007449	66	11	0.0037798980095410427	0.005938888888888889	31	32	0.9865619345287053
78900	1601309035954	80	10	0.0037812140154630694	0.005953535353535353	28	51	0.9864497450238526
79000	1601309062194	64	11	0.0037657509458792564	0.00593097643097643	30	33	0.9865568350057575
79100	1601309091120	53	10	0.0037711794703076166	0.005915319865319866	20	33	0.9865032077644349
79200	1601309115423	54	9	0.0037573614081263364	0.005940909090909091	24	30	0.9865444974502385
79300	1601309140858	55	18	0.00375703240664583	0.005953030303030303	23	32	0.9866086527389373
79400	1601309170724	68	10	0.0037706859680868565	0.005944444444444445	34	32	0.9864528705379174
79500	1601309195484	49	10	0.00376887645994407	0.005935858585858586	25	23	0.9865520644842902
79600	1601309218920	50	10	0.0037843395295278828	0.005937037037037037	22	28	0.986444151998684
79700	1601309243092	94	10	0.003778417502878763	0.005932828282828283	41	53	0.9866153972692877
79800	1601309268715	82	10	0.00375407139332127	0.005912289562289562	49	32	0.986581839118276
79900	1601309293974	52	10	0.00376098042441191	0.00591936026936027	23	28	0.9865176838295773
80000	1601309319360	68	10	0.003791906563579536	0.00592962962962963	32	34	0.9865711465701595
80100	1601309345692	68	11	0.003782365520644843	0.005954040404040403	44	23	0.9864999177496299
80200	1601309373027	52	19	0.00375703240664583	0.005935690235690236	22	30	0.9865698305642375
80300	1601309398770	53	10	0.003772988978450403	0.005933501683501683	25	27	0.986518177331798
80400	1601309425332	52	18	0.0037608159236716563	0.005904882154882155	22	29	0.9864851126830071
80500	1601309456674	62	10	0.003770521467346603	0.005924410774410775	22	39	0.9865407139332127
80600	1601309506395	65	10	0.0037866425398914295	0.005910774410774411	21	43	0.9865770685968087
80700	1601309541854	65	10	0.0037838460273071227	0.0058769360269360265	21	43	0.9865866096397434
80800	1601309587601	67	11	0.00377726599769699	0.005901851851851853	25	41	0.9864887316992926
80900	1601309629743	60	19	0.0037647639414377363	0.005946464646464647	24	34	0.9866132587596644
81000	1601309674675	66	10	0.003783517025826616	0.005912794612794613	27	36	0.986555189998355
81100	1601309715381	95	11	0.0037905905576575095	0.005908754208754209	58	36	0.9865757525908867
81200	1601309754382	66	11	0.003778911005099523	0.005882828282828283	26	38	0.9864652080934364
81300	1601309793930	86	11	0.003767560454022043	0.005922727272727272	47	38	0.9865420299391348
81400	1601309832856	54	24	0.003772988978450403	0.00591043771043771	20	33	0.9865574930087185
81500	1601309872298	81	9	0.00376887645994407	0.005929461279461279	34	45	0.9865505839776278
81600	1601309912175	64	11	0.0037578549103470965	0.00591043771043771	24	37	0.9865328178976805
81700	1601309954961	79	10	0.0037644349399572298	0.005945454545454546	22	55	0.9865346274058233
81800	1601309991327	60	10	0.0037507813785162035	0.005897643097643097	22	38	0.9865275538739924
81900	1601310021774	85	11	0.00377282447771015	0.005942424242424243	29	44	0.9865012337555519
82000	1601310055463	58	11	0.0037611449251521633	0.005916666666666667	23	34	0.9865604540220431
82100	1601310089885	93	33	0.003769534462905083	0.005951851851851851	39	52	0.9865346274058233
82200	1601310119896	66	11	0.003789932554696496	0.0059345117845117845	27	32	0.9865083072873828
82300	1601310151771	62	10	0.0037692054614245764	0.005935185185185186	25	36	0.9865537094916927
82400	1601310182469	72	10	0.0037882875472939627	0.0059696969696969695	27	41	0.9865342984043428
82500	1601310210819	59	11	0.0038065471294620825	0.00593989898989899	25	33	0.9864724461260076
82600	1601310237498	73	14	0.0037618029281131764	0.005955387205387205	28	40	0.9865945056752755
82700	1601310265432	66	11	0.003781872018424083	0.005948316498316498	34	32	0.9864472775127489
82800	1601310292054	68	20	0.0037752919888139496	0.005934343434343434	36	31	0.9865135713110709
82900	1601310319374	72	12	0.0037947030761638426	0.005937710437710438	29	34	0.9864897187037341
83000	1601310349106	91	10	0.0037802270110215497	0.005953872053872054	24	46	0.9864885671985524
83100	1601310385730	58	12	0.0037667379503207765	0.005938720538720539	24	34	0.9864740911334101
83200	1601310422908	60	11	0.003772988978450403	0.0059520202020202015	25	35	0.9864837966770851
83300	1601310464939	77	10	0.003793387070241816	0.005965824915824916	27	49	0.9864818226682021
83400	1601310505920	83	11	0.003774962987333443	0.005951683501683502	35	45	0.9864635630860339
83500	1601310545675	75	11	0.003820200690903109	0.005922895622895623	39	34	0.9865359434117453
83600	1601310596944	76	12	0.003779404507320283	0.005924242424242424	26	49	0.9865683500575753
83700	1601310636710	59	10	0.0037642704392169763	0.005968350168350168	24	34	0.9865273893732521
83800	1601310676996	58	19	0.0037762789932554697	0.005928282828282828	22	35	0.9864411909853594
83900	1601310715335	66	10	0.0037723309754893897	0.0059213804713804715	22	43	0.9865104457970061
84000	1601310753332	66	10	0.003787465043592696	0.005914478114478114	24	41	0.9864411909853594
84100	1601310792238	62	9	0.003794867576904096	0.005933333333333333	24	37	0.9865504194768876
84200	1601310829669	72	10	0.0037803915117618028	0.005912794612794613	37	35	0.986505839776279
84300	1601310868829	62	10	0.003768053956242803	0.005922222222222222	24	37	0.9865125843066294
84400	1601310899655	69	13	0.0037854910347096564	0.005909259259259259	26	42	0.9865152163184734
84500	1601310929080	120	10	0.0037884520480342162	0.005913804713804714	33	84	0.9865017272577726
84600	1601310956327	46	9	0.003773482480671163	0.005942087542087542	20	26	0.9865245928606678
84700	1601310983153	82	10	0.00377282447771015	0.005932996632996633	51	31	0.9865107747984866
84800	1601311010165	57	11	0.0037711794703076166	0.005932659932659933	22	35	0.9865032077644349
84900	1601311037262	58	10	0.0037576904096068434	0.005918181818181819	21	26	0.9865397269287712
85000	1601311067355	58	11	0.003768053956242803	0.005910774410774411	25	31	0.9865905576575095
85100	1601311096905	170	18	0.0037553873992432966	0.005914814814814815	21	41	0.9865375884191478
85200	1601311127369	68	10	0.0037706859680868565	0.005924410774410775	22	45	0.9865736140812633
85300	1601311155526	102	10	0.0037805560125020563	0.005910942760942761	33	38	0.9865250863628886
85400	1601311186636	210	39	0.0037803915117618028	0.005922222222222222	176	33	0.9864502385260734
85500	1601311217769	61	19	0.0037905905576575095	0.005925252525252525	22	37	0.9864240829083731
85600	1601311246423	137	22	0.0037960190820858692	0.005922053872053872	25	102	0.9865178483303175
85700	1601311274146	53	10	0.0037854910347096564	0.005916329966329966	20	32	0.9865959861819378
85800	1601311301471	55	11	0.00374617535778911	0.005931649831649832	21	33	0.9865178483303175
85900	1601311330227	70	12	0.003776443493995723	0.005914814814814815	39	30	0.9865706530679388
86000	1601311358956	74	10	0.0037718374732686297	0.00592962962962963	22	50	0.9865755880901464
86100	1601311385565	76	10	0.0037766079947359763	0.0059255892255892255	25	51	0.9865456489554203
86200	1601311413768	62	10	0.00375259088665899	0.005940404040404041	24	37	0.9865644020398092
86300	1601311443483	61	16	0.0037956900806053627	0.005953872053872054	29	32	0.9864916927126172
86400	1601311476353	57	9	0.0037687119592038163	0.005937037037037037	28	28	0.9864775456489554
86500	1601311507076	76	9	0.003794867576904096	0.005940909090909091	36	38	0.9864859351867084
86600	1601311534752	56	12	0.0037947030761638426	0.005932491582491582	23	32	0.9864249054120744
86700	1601311588877	63	14	0.003798322092449416	0.005942255892255892	29	32	0.9865517354828097
86800	1601311616805	77	10	0.0037752919888139496	0.0059212121212121206	44	33	0.9864770521467346
86900	1601311645187	64	10	0.0037907550583977626	0.005951851851851851	29	33	0.9864816581674618
87000	1601311691177	56	11	0.0037736469814114164	0.005913804713804714	23	32	0.9865017272577726
87100	1601311734510	233	80	0.003795361079124856	0.005945791245791246	190	40	0.9864857706859681
87200	1601311804680	86	10	0.0037945385754235895	0.005931986531986531	40	37	0.9865943411745353
87300	1601311844734	71	11	0.003776936996216483	0.005972558922558922	31	39	0.9865326533969403
87400	1601311893868	71	11	0.00377726599769699	0.005953198653198654	23	45	0.9865124198058891
87500	1601311928839	83	10	0.003751768382957723	0.005943939393939395	45	36	0.9865451554531995
87600	1601311985245	81	10	0.0037838460273071227	0.005928451178451179	46	34	0.9864668531008389
87700	1601312017910	71	10	0.0037435433459450567	0.005945791245791246	29	41	0.9864999177496299
87800	1601312056050	68	11	0.0037726599769698963	0.005938047138047138	27	39	0.986520151340681
87900	1601312109708	61	10	0.0037746339858529365	0.005930639730639731	29	30	0.9865769040960685
88000	1601312171715	61	11	0.0037802270110215497	0.005880976430976431	28	32	0.98650649777924
88100	1601312208356	62	10	0.003766573449580523	0.005920370370370371	29	32	0.9866033887152492
88200	1601312262269	56	10	0.003776443493995723	0.005908417508417508	23	31	0.9865252508636289
88300	1601312306939	72	10	0.003806876130942589	0.0059234006734006734	37	32	0.9865977956900807
88400	1601312342047	99	10	0.003775620990294456	0.005921717171717171	44	53	0.986543510445797
88500	1601312378194	90	14	0.0038021056094752425	0.005933501683501683	29	51	0.9864584635630861
88600	1601312435391	63	10	0.003771672972528376	0.0059301346801346804	24	30	0.9865185063332785
88700	1601312469880	89	10	0.003770521467346603	0.005914309764309764	37	51	0.986531172890278
88800	1601312503094	75	11	0.0037642704392169763	0.005912794612794613	31	43	0.9864754071393321
88900	1601312537013	66	14	0.003773482480671163	0.005920370370370371	29	37	0.9864406974831387
89000	1601312569189	64	11	0.0037692054614245764	0.005937037037037037	21	42	0.9865527224872512
89100	1601312597738	78	12	0.0037876295443329496	0.005943939393939395	42	32	0.9865484454680046
89200	1601312626824	58	9	0.0037981575917091625	0.005930808080808081	23	34	0.9865005757525909
89300	1601312694640	65	11	0.0037910840598782696	0.0059232323232323225	27	35	0.9864829741733838
89400	1601312737611	64	11	0.003797664089488403	0.0059255892255892255	29	34	0.9864833031748643
89500	1601312772779	81	10	0.00375456489554203	0.005909932659932659	37	42	0.9865520644842902
89600	1601312802716	86	11	0.003790426056917256	0.005908417508417508	28	56	0.9865193288369798
89700	1601312839480	78	10	0.0037882875472939627	0.0059277777777777775	23	53	0.9864806711630202
89800	1601312869222	52	26	0.0037991445961506826	0.005924747474747474	25	26	0.9864839611778253
89900	1601312900394	123	9	0.003781872018424083	0.005943939393939395	89	33	0.9864972857377858
90000	1601312930543	74	10	0.0037723309754893897	0.005917845117845118	24	49	0.986554531995394
90100	1601312962058	79	12	0.0037991445961506826	0.00591043771043771	48	29	0.9865537094916927
90200	1601312996112	82	10	0.003790426056917256	0.005922558922558922	37	29	0.9865135713110709
90300	1601313026564	100	13	0.003801612107254483	0.005912289562289562	60	38	0.9864790261556177
90400	1601313056172	76	13	0.0037996380983714426	0.005909764309764309	28	45	0.9865221253495641
90500	1601313083972	58	11	0.0037955255798651096	0.005927946127946128	29	29	0.986529856884356
90600	1601313113632	82	11	0.003783023523605856	0.0059281144781144785	37	44	0.9865477874650436
90700	1601313144862	247	13	0.0037877940450732027	0.005926430976430977	206	34	0.9865834841256785
90800	1601313177275	85	10	0.003805724625760816	0.005935521885521885	36	47	0.9865364369139661
90900	1601313223053	372	121	0.003779075505839776	0.005921548821548822	328	41	0.9864780391511762
91000	1601313271364	56	9	0.0038095081427866424	0.0059345117845117845	24	30	0.9865413719361737
91100	1601313300229	60	10	0.003783023523605856	0.005926430976430977	29	31	0.9865216318473433
91200	1601313331718	64	11	0.00377726599769699	0.0059565656565656565	28	35	0.9864810001645007
91300	1601313360622	79	11	0.003786313538410923	0.005922895622895623	25	49	0.9865206448429018
91400	1601313437803	58	10	0.003781378516203323	0.005924242424242424	26	31	0.9865060042770193
91500	1601313467740	612	12	0.0037966770850468828	0.0059498316498316495	326	283	0.9866288863299885
91600	1601313501074	94	14	0.0038081921368646157	0.005941414141414142	50	41	0.9865283763776937
91700	1601313530793	61	11	0.003775620990294456	0.005922895622895623	25	36	0.9864949827274223
91800	1601313559607	64	10	0.0038019411087349894	0.005936195286195286	31	32	0.9865242638591873
91900	1601313588534	55	19	0.0038239842079289357	0.005914141414141414	21	33	0.986430498437243
92000	1601313618672	69	10	0.0037950320776443495	0.005926094276094277	24	44	0.986551241980589
92100	1601313647313	67	29	0.0038095081427866424	0.00593989898989899	24	36	0.9864286889291002
92200	1601313675549	57	12	0.0037974995887481494	0.0059232323232323225	23	32	0.9864568185556835
92300	1601313704552	65	10	0.0037966770850468828	0.0059434343434343435	29	35	0.9865028787629544
92400	1601313734483	57	10	0.0038030926139167626	0.005931481481481481	24	33	0.9865543674946538
92500	1601313761438	65	9	0.0037915775620990296	0.0059520202020202015	24	40	0.9864816581674618
92600	1601313789529	56	11	0.003786478039151176	0.005933670033670034	25	30	0.9865732850797828
92700	1601313818131	124	11	0.0037785820036190165	0.0059323232323232325	39	44	0.9865041947688764
92800	1601313848889	71	20	0.0037905905576575095	0.005928282828282828	26	45	0.986546142457641
92900	1601313876383	57	10	0.0037836815265668696	0.005932659932659933	23	34	0.9865308438887975
93000	1601313903277	55	12	0.0037831880243461096	0.00591010101010101	24	31	0.9865880901464057
93100	1601313948442	92	10	0.00377331797993091	0.005946127946127946	29	61	0.986530514887317
93200	1601313973121	51	9	0.003793387070241816	0.00592895622895623	25	25	0.9864698141141636
93300	1601313997926	56	9	0.003809179141306136	0.00591952861952862	24	31	0.9864836321763448
93400	1601314024058	69	9	0.0037955255798651096	0.005924074074074074	27	41	0.986531172890278
93500	1601314049932	54	9	0.003798815594670176	0.005917676767676768	24	29	0.9865273893732521
93600	1601314075084	54	10	0.0038019411087349894	0.005922390572390573	24	30	0.9865111037999671
93700	1601314099891	53	16	0.0038124691561112027	0.005935353535353536	24	29	0.9864734331304491
93800	1601314124759	58	9	0.0037912485606185226	0.0059478114478114475	23	31	0.9865426879420958
93900	1601314149425	51	9	0.003810330646487909	0.005944276094276094	21	29	0.9865272248725119
94000	1601314175402	56	12	0.0037989800954104295	0.00593097643097643	27	29	0.9864984372429676
94100	1601314199803	53	9	0.0038262872182924824	0.005954208754208754	19	33	0.9865609475242638
94200	1601314226518	57	9	0.003805724625760816	0.005910942760942761	24	31	0.9864788616548774
94300	1601314260043	65	10	0.0037920710643197892	0.00592053872053872	23	40	0.9865046882710973
94400	1601314284657	52	15	0.003803750616877776	0.005915824915824916	23	29	0.9865361079124856
94500	1601314308764	63	9	0.0038053956242803093	0.005914478114478114	22	41	0.9864833031748643
94600	1601314334823	71	54	0.0038049021220595493	0.0059255892255892255	30	40	0.9864995887481494
94700	1601314360578	55	9	0.0038060536272413225	0.005931818181818181	22	32	0.9864903767066951
94800	1601314384303	84	10	0.0038004606020727093	0.005916666666666667	29	47	0.9865359434117453
94900	1601314409123	63	10	0.003797170587267643	0.00592003367003367	31	32	0.9864714591215661
95000	1601314434275	69	10	0.003802763612436256	0.005917340067340068	37	31	0.9865046882710973
95100	1601314465255	102	17	0.003821023194604376	0.005912289562289562	23	63	0.9865148873169929
95200	1601314488741	58	11	0.0037894390524757363	0.005933333333333333	31	27	0.9865092942918243
95300	1601314511852	48	20	0.003790426056917256	0.005962457912457913	26	21	0.9865385754235894
95400	1601314534564	48	9	0.003789768053956243	0.005935185185185186	21	27	0.9864836321763448
95500	1601314557349	48	10	0.0037866425398914295	0.005908417508417508	24	24	0.9865260733673301
95600	1601314584447	74	11	0.003785984536930416	0.0059299663299663295	31	39	0.9864969567363053
95700	1601314608163	46	9	0.003777924000658003	0.00592962962962963	21	25	0.9865214673466031
95800	1601314629829	53	9	0.003813620661292976	0.005953703703703704	22	30	0.9865306793880573
95900	1601314656084	79	10	0.003806876130942589	0.005958585858585858	43	34	0.9865143938147721
96000	1601314678782	61	9	0.0037951965783846026	0.005948653198653199	22	39	0.9864786971541372
96100	1601314700124	43	9	0.0038233262049679226	0.005958754208754209	21	22	0.9865632505346275
96200	1601314721000	57	9	0.003821187695344629	0.005953703703703704	25	32	0.9865617700279651
96300	1601314743857	77	9	0.003768053956242803	0.005929461279461279	23	54	0.9864977792400066
96400	1601314766745	54	9	0.003798815594670176	0.0059102693602693605	29	25	0.9865204803421616
96500	1601314787769	52	8	0.0037896035532159894	0.005887542087542088	26	26	0.9865017272577726
96600	1601314809485	67	13	0.0037618029281131764	0.005909764309764309	23	44	0.9865252508636289
96700	1601314831379	48	8	0.003818720184240829	0.005912289562289562	22	26	0.9864604375719691
96800	1601314853178	60	9	0.0038058891265010694	0.0059011784511784505	23	36	0.9864819871689423
96900	1601314874641	55	10	0.0038093436420463893	0.005900336700336701	29	26	0.9865718045731205
97000	1601314896772	61	9	0.003823655206448429	0.00589983164983165	30	30	0.986530514887317
97100	1601314919306	59	9	0.0037979930909689094	0.005903367003367003	31	28	0.9865213028458628
97200	1601314942387	66	10	0.0038045731205790427	0.0059234006734006734	36	30	0.9864508965290344
97300	1601314965545	69	8	0.003813620661292976	0.005936531986531986	25	43	0.9864660305971377
97400	1601314988469	51	9	0.003806218127981576	0.005898316498316499	23	27	0.9864872511926304
97500	1601315011525	67	9	0.0037820365191643364	0.005904040404040404	26	40	0.9865453199539398
97600	1601315034281	59	9	0.003813785162033229	0.005936700336700337	30	29	0.9864926797170587
97700	1601315056358	69	8	0.0038225037012666555	0.005939057239057239	41	27	0.9864525415364369
97800	1601315077362	62	9	0.0037981575917091625	0.00592962962962963	32	24	0.9865359434117453
97900	1601315100338	55	22	0.003803750616877776	0.005941414141414142	22	33	0.9865790426056917
98000	1601315122179	68	8	0.0038371442671492023	0.005924074074074074	20	48	0.9864949827274223
98100	1601315143687	42	18	0.003821187695344629	0.005930639730639731	20	21	0.9864545155453199
98200	1601315165731	55	9	0.0037965125843066293	0.0059232323232323225	28	27	0.9865647310412897
98300	1601315187535	55	8	0.003799802599111696	0.005917676767676768	26	29	0.9865510774798487
98400	1601315208365	51	14	0.0037905905576575095	0.005906734006734007	24	27	0.9864831386741241
98500	1601315232580	64	9	0.003810330646487909	0.005911447811447811	29	34	0.9865736140812633
98600	1601315256036	57	9	0.0038165816746175358	0.0059013468013468014	25	31	0.9864750781378516
98700	1601315279648	49	9	0.0037803915117618028	0.005929461279461279	21	28	0.9865407139332127
98800	1601315300990	53	12	0.0038155946701760157	0.005918686868686868	22	31	0.9865440039480178
98900	1601315322212	74	8	0.003808685639085376	0.005916835016835017	30	43	0.9865061687777595
99000	1601315344168	64	9	0.003829083730876789	0.005906397306397307	20	44	0.9864888962000329
99100	1601315365848	59	10	0.0038090146405658823	0.0059346801346801354	33	26	0.9864907057081757
99200	1601315384720	55	9	0.0038253002138509623	0.0059232323232323225	23	32	0.9864686626089817
99300	1601315404343	44	9	0.003805231123540056	0.005931649831649832	23	21	0.9864510610297746
99400	1601315422042	43	7	0.003797828590228656	0.0059232323232323225	21	21	0.9865038657673959
99500	1601315436574	35	9	0.003803421615397269	0.005918350168350168	18	17	0.9864921862148379
99600	1601315450809	34	7	0.003793222569501563	0.00592070707070707	17	16	0.9865053462740583
99700	1601315463048	39	7	0.003801776607994736	0.005886531986531987	23	16	0.9865306793880573
99800	1601315475405	35	8	0.003807369633163349	0.005892255892255892	19	16	0.9864997532488896
99900	1601315487892	34	8	0.0037657509458792564	0.005907744107744107	18	16	0.9864999177496299
100000	1601315500455	39	7	0.0037996380983714426	0.005902525252525253	23	16	0.9865152163184734
