0	-1.5416781443024246E7
100	-1.5407622711006975E7
200	-1.5352029463216225E7
300	-1.53226830514967E7
400	-1.5344975259098412E7
500	-1.5348583383875443E7
600	-1.5319340275387475E7
700	-1.5292834397787426E7
800	-1.5265478208665054E7
900	-1.5230812889367403E7
1000	-1.5212163973719183E7
1100	-1.5186006936662719E7
1200	-1.5166739902874645E7
1300	-1.515604810462815E7
1400	-1.514774888284544E7
1500	-1.5135279782635324E7
1600	-1.5138679699858004E7
1700	-1.5126322535605185E7
1800	-1.5125866929740211E7
1900	-1.5124684993114565E7
2000	-1.512473372691342E7
2100	-1.5116447504401155E7
2200	-1.5110403121940093E7
2300	-1.5104037489646738E7
2400	-1.5108393488007668E7
2500	-1.5105654229704559E7
2600	-1.5098913234776702E7
2700	-1.5097651862888647E7
2800	-1.5099855793224271E7
2900	-1.5094221711345997E7
3000	-1.5094642540428389E7
3100	-1.509708321458662E7
3200	-1.5093880197602037E7
3300	-1.5089610630248768E7
3400	-1.5092021732801683E7
3500	-1.5090310889015265E7
3600	-1.5090721401068393E7
3700	-1.509005280685259E7
3800	-1.5090684527750686E7
3900	-1.5085654235219132E7
4000	-1.5081836421873178E7
4100	-1.5086022999836428E7
4200	-1.5084450670158476E7
4300	-1.5084793675038636E7
4400	-1.5084491925409801E7
4500	-1.5079082765975697E7
4600	-1.5077351342287473E7
4700	-1.5076918626014372E7
4800	-1.5074878032275315E7
4900	-1.5073178446239045E7
5000	-1.5074098264527122E7
5100	-1.5067978100718405E7
5200	-1.5069326337904394E7
5300	-1.5067495532367824E7
5400	-1.5068118233926594E7
5500	-1.5069656673369125E7
5600	-1.506311972660175E7
5700	-1.5059427608269531E7
5800	-1.5062729049173042E7
5900	-1.5060857902319575E7
6000	-1.5059315402782926E7
6100	-1.5063324832983106E7
6200	-1.5062701939895527E7
6300	-1.5062983040842174E7
6400	-1.506372071554634E7
6500	-1.5066155057725582E7
6600	-1.506472912360179E7
6700	-1.5068317735730374E7
6800	-1.5067274499883823E7
6900	-1.5069392216817524E7
7000	-1.5067758421954824E7
7100	-1.5066209346536696E7
7200	-1.506530936613256E7
7300	-1.5063535488216218E7
7400	-1.5066707139651954E7
7500	-1.5061971545111626E7
7600	-1.5061139769182552E7
7700	-1.5067781437360704E7
7800	-1.5073064430553956E7
7900	-1.5067763419843301E7
8000	-1.5060315064031936E7
8100	-1.5057747567156568E7
8200	-1.5056765197341437E7
8300	-1.505147837137524E7
8400	-1.5056656487921579E7
8500	-1.5053638942635758E7
8600	-1.5046556138440305E7
8700	-1.505507900657089E7
8800	-1.5050118724697428E7
8900	-1.5047639277377792E7
9000	-1.5049237003295358E7
9100	-1.50509564106673E7
9200	-1.505337870209296E7
9300	-1.5049700328384396E7
9400	-1.5048443154042494E7
9500	-1.5045296137131404E7
9600	-1.5047826872803966E7
9700	-1.5050147310635142E7
9800	-1.5048950893438479E7
9900	-1.5050109256706769E7
10000	-1.5049270669023374E7
10100	-1.5044167852979638E7
10200	-1.504763638503519E7
10300	-1.5041432663421955E7
10400	-1.5046611647479001E7
10500	-1.5050921443634396E7
10600	-1.504772749202856E7
10700	-1.5047269051998988E7
10800	-1.5047336315578012E7
10900	-1.5045504439380093E7
11000	-1.5050993309094714E7
11100	-1.5050264753363729E7
11200	-1.5046871905070456E7
11300	-1.5044376170257725E7
11400	-1.504974050663003E7
11500	-1.5048186395938892E7
11600	-1.504041969871988E7
11700	-1.504313817556409E7
11800	-1.5046713587826947E7
11900	-1.5048711589413002E7
12000	-1.5047216754653392E7
12100	-1.5044455395677583E7
12200	-1.5040367359515486E7
12300	-1.5042386322087392E7
12400	-1.5046774308924953E7
12500	-1.5040205122441867E7
12600	-1.5044080990659103E7
12700	-1.5039730791420171E7
12800	-1.5041295519867798E7
12900	-1.5039610464141225E7
13000	-1.5040633823923904E7
13100	-1.504127683404734E7
13200	-1.5039221654533127E7
13300	-1.5042525146509157E7
13400	-1.5038902783600282E7
13500	-1.5037516635956684E7
13600	-1.5043253494361104E7
13700	-1.5042662220218832E7
13800	-1.504333217288133E7
13900	-1.5046185069997966E7
14000	-1.5046055211036716E7
14100	-1.5044896821417606E7
14200	-1.5042648618751999E7
14300	-1.5043646042379206E7
14400	-1.5044321968751227E7
14500	-1.5041981881043449E7
14600	-1.5043191520792387E7
14700	-1.5044231565110873E7
14800	-1.5042792803476287E7
14900	-1.5038113528810587E7
15000	-1.5036717814895036E7
15100	-1.5035150387495773E7
15200	-1.5039798587457007E7
15300	-1.5040186049654333E7
15400	-1.5036608923582068E7
15500	-1.5037747599679545E7
15600	-1.5037958280449774E7
15700	-1.5038587680353936E7
15800	-1.5039182171972023E7
15900	-1.5040146384559365E7
16000	-1.504304390601061E7
16100	-1.5039077268534033E7
16200	-1.503712502143571E7
16300	-1.5035969993568877E7
16400	-1.5033163955494462E7
16500	-1.5035645882235754E7
16600	-1.5036872622579837E7
16700	-1.5029738202562053E7
16800	-1.5032074101151071E7
16900	-1.5029395509779485E7
17000	-1.503461011331569E7
17100	-1.5032898415698111E7
17200	-1.5034156124918157E7
17300	-1.5032357337538121E7
17400	-1.502947360007676E7
17500	-1.5033070360182948E7
17600	-1.503209817824996E7
17700	-1.5031362101959853E7
17800	-1.5026654333010279E7
17900	-1.5028467898454208E7
18000	-1.5031103841807947E7
18100	-1.5024937396255638E7
18200	-1.502688977152E7
18300	-1.5029231053785197E7
18400	-1.5024605452872358E7
18500	-1.5030368547595777E7
18600	-1.5026747815376319E7
18700	-1.5027239424148155E7
18800	-1.502845480617672E7
18900	-1.5031376290220968E7
19000	-1.5031263362578355E7
19100	-1.5022342700205896E7
19200	-1.5026373208307117E7
19300	-1.5028015265211184E7
19400	-1.5019157144963391E7
19500	-1.5023333485051408E7
19600	-1.5019394819764055E7
19700	-1.5018660378876165E7
19800	-1.501730960269456E7
19900	-1.5024841582696006E7
20000	-1.5023805074591324E7
20100	-1.5022508152956553E7
20200	-1.5020832451390143E7
20300	-1.502404700231618E7
20400	-1.502249688428787E7
20500	-1.5020968492256114E7
20600	-1.5023654861113675E7
20700	-1.5024414883753985E7
20800	-1.5024845545486892E7
20900	-1.5018911809201075E7
21000	-1.502030445538614E7
21100	-1.501664041459654E7
21200	-1.5019839427386548E7
21300	-1.5021644298656996E7
21400	-1.5022542493706206E7
21500	-1.5023581278310603E7
21600	-1.502057925709157E7
21700	-1.5024025139573889E7
21800	-1.5021173105984049E7
21900	-1.501860988219631E7
22000	-1.5021830213110723E7
22100	-1.5016903991450014E7
22200	-1.5015317271852585E7
22300	-1.5016971041161679E7
22400	-1.5014020867652467E7
22500	-1.5011456998358928E7
22600	-1.5014565098277507E7
22700	-1.5012705520529319E7
22800	-1.50085173869238E7
22900	-1.5011469434695855E7
23000	-1.5015696615603412E7
23100	-1.5011429411568124E7
23200	-1.500981960045154E7
23300	-1.501046993072574E7
23400	-1.5013384805928908E7
23500	-1.5012275334398074E7
23600	-1.5010202812532848E7
23700	-1.5011945045434298E7
23800	-1.500733492332817E7
23900	-1.5011503790560521E7
24000	-1.5008154510844406E7
24100	-1.50150670705358E7
24200	-1.5016050356765322E7
24300	-1.5012471868673615E7
24400	-1.5008725401867503E7
24500	-1.5011160397361495E7
24600	-1.5011786768247461E7
24700	-1.5013524966395441E7
24800	-1.5008896234086785E7
24900	-1.5012286562776735E7
25000	-1.5007048513442716E7
25100	-1.5014269032985844E7
25200	-1.5013713651817957E7
25300	-1.5007778148755942E7
25400	-1.5009359541338617E7
25500	-1.5008288189612137E7
25600	-1.501119591242633E7
25700	-1.5011104023731038E7
25800	-1.5011457309280206E7
25900	-1.50099633686949E7
26000	-1.5011860811837979E7
26100	-1.5010131242668647E7
26200	-1.5005752122048704E7
26300	-1.5008251056235213E7
26400	-1.5004614197373938E7
26500	-1.501003150240639E7
26600	-1.5005559048633374E7
26700	-1.5007421657052543E7
26800	-1.500627577203564E7
26900	-1.5008871768759357E7
27000	-1.5008538607764758E7
27100	-1.5007296443803854E7
27200	-1.5010151878926761E7
27300	-1.5007433336936183E7
27400	-1.5006201692799604E7
27500	-1.5005203702262927E7
27600	-1.5006877479024582E7
27700	-1.5005713203527804E7
27800	-1.5007060011397572E7
27900	-1.5009233548853422E7
28000	-1.5006136831323272E7
28100	-1.5001876757294558E7
28200	-1.5005363782878121E7
28300	-1.5007939425338268E7
28400	-1.5002958134307211E7
28500	-1.5008743599094072E7
28600	-1.5001101056937566E7
28700	-1.5002598834036471E7
28800	-1.5001456001044076E7
28900	-1.5001894552758912E7
29000	-1.5007661586587561E7
29100	-1.5003324985838123E7
29200	-1.5002900381289553E7
29300	-1.5004115694430847E7
29400	-1.500308304357761E7
29500	-1.5005218105507145E7
29600	-1.501106172692844E7
29700	-1.5003312693700984E7
29800	-1.5003614326061357E7
29900	-1.5008422707142957E7
30000	-1.5008769888116121E7
30100	-1.5010494096180659E7
30200	-1.5002233528809283E7
30300	-1.5010694102180934E7
30400	-1.50046583587191E7
30500	-1.5005386123744296E7
30600	-1.5005816821323032E7
30700	-1.5001916588722415E7
30800	-1.5002562282952504E7
30900	-1.499928455662235E7
31000	-1.4998983365647357E7
31100	-1.5001359655477257E7
31200	-1.5002983612415973E7
31300	-1.5005362897996692E7
31400	-1.5006353316575266E7
31500	-1.5004194982577408E7
31600	-1.500409005230678E7
31700	-1.5004652396330368E7
31800	-1.5005792588459762E7
31900	-1.5004140561959576E7
32000	-1.5002493898120133E7
32100	-1.5002375186499093E7
32200	-1.500201389309815E7
32300	-1.5002615376954203E7
32400	-1.5002441202944452E7
32500	-1.5000605203171935E7
32600	-1.500198095338773E7
32700	-1.499845508079281E7
32800	-1.5007793166427536E7
32900	-1.500401021148214E7
33000	-1.500766846879091E7
33100	-1.5006506586947951E7
33200	-1.5004352316645317E7
33300	-1.5006928629450232E7
33400	-1.5003852117606143E7
33500	-1.5004959509114206E7
33600	-1.5000617960497787E7
33700	-1.5006308736833444E7
33800	-1.5007040174480902E7
33900	-1.5000769602462513E7
34000	-1.500032750079566E7
34100	-1.500046324820675E7
34200	-1.5000188637607656E7
34300	-1.5001476353052191E7
34400	-1.5000753240382805E7
34500	-1.5003157229809834E7
34600	-1.5000766990984604E7
34700	-1.5000629589437366E7
34800	-1.4997882011720022E7
34900	-1.5000078326018805E7
35000	-1.499852160386961E7
35100	-1.5004184119161136E7
35200	-1.4998850409097495E7
35300	-1.500300873045649E7
35400	-1.500210695452552E7
35500	-1.5006459638081795E7
35600	-1.499869722158638E7
35700	-1.5001401939774333E7
35800	-1.5003034730213013E7
35900	-1.5003705559034882E7
36000	-1.5000335174077671E7
36100	-1.5003168991593085E7
36200	-1.5005014672369117E7
36300	-1.5001232684865257E7
36400	-1.4995626268000241E7
36500	-1.5000561289777536E7
36600	-1.5001780670647802E7
36700	-1.50032093497433E7
36800	-1.5003608916395197E7
36900	-1.5000549734952958E7
37000	-1.4999314065218128E7
37100	-1.5002384290242366E7
37200	-1.4998007558550846E7
37300	-1.4998955834517414E7
37400	-1.4996571209804438E7
37500	-1.5000605708218038E7
37600	-1.4994431386937499E7
37700	-1.4995758049743133E7
37800	-1.4993280457857873E7
37900	-1.4994328606773973E7
38000	-1.4998135143628418E7
38100	-1.4999253320030319E7
38200	-1.4995662380787859E7
38300	-1.499440923131357E7
38400	-1.5000971898034502E7
38500	-1.4992995495952472E7
38600	-1.499583595403354E7
38700	-1.4996230766492978E7
38800	-1.4993517384901894E7
38900	-1.4990508151394295E7
39000	-1.4993640186620595E7
39100	-1.4995375219082396E7
39200	-1.4996807600867147E7
39300	-1.49931807721205E7
39400	-1.5002376073261525E7
39500	-1.4997212162960898E7
39600	-1.4998722599413099E7
39700	-1.4993160578738028E7
39800	-1.499454029530598E7
39900	-1.499842955551157E7
40000	-1.499754079368325E7
40100	-1.499431931579089E7
40200	-1.4997711372935355E7
40300	-1.4994345130452044E7
40400	-1.4995936019200778E7
40500	-1.4993752887004752E7
40600	-1.499640532701715E7
40700	-1.4995749989466757E7
40800	-1.4997627043485748E7
40900	-1.500048970281451E7
41000	-1.49934795652742E7
41100	-1.4995905976462537E7
41200	-1.4995390154475946E7
41300	-1.4997032214821577E7
41400	-1.4993385512527457E7
41500	-1.4992565133957827E7
41600	-1.4997708966395315E7
41700	-1.499878995472134E7
41800	-1.5000397564268649E7
41900	-1.4999519711821135E7
42000	-1.5002308497068861E7
42100	-1.4997607819395397E7
42200	-1.5000584117869956E7
42300	-1.4997222411063394E7
42400	-1.4996140221803576E7
42500	-1.4997464662891122E7
42600	-1.4999937286237588E7
42700	-1.4999764603015998E7
42800	-1.5001557626492755E7
42900	-1.4999732964696126E7
43000	-1.4997247734519858E7
43100	-1.4997707052888822E7
43200	-1.4997328800665345E7
43300	-1.4995264975524109E7
43400	-1.499701232547554E7
43500	-1.4997085511638833E7
43600	-1.5001153406118687E7
43700	-1.5000423776910981E7
43800	-1.4998698515130099E7
43900	-1.4993891369384564E7
44000	-1.4997932872022381E7
44100	-1.499598920035475E7
44200	-1.4997627866186531E7
44300	-1.5000011260362584E7
44400	-1.4997969350280061E7
44500	-1.4997067913703013E7
44600	-1.4997695746188423E7
44700	-1.49964555533074E7
44800	-1.4995745006285848E7
44900	-1.4989049168009628E7
45000	-1.4995801719919303E7
45100	-1.4998708343069507E7
45200	-1.4993870290688962E7
45300	-1.4999422654652897E7
45400	-1.4999488818345923E7
45500	-1.5001098359228263E7
45600	-1.4994684689505136E7
45700	-1.499456439296546E7
45800	-1.4993296531660201E7
45900	-1.4994648284264509E7
46000	-1.4998579176262183E7
46100	-1.4996100198983205E7
46200	-1.4998429750336675E7
46300	-1.4990551556241566E7
46400	-1.4994308303047124E7
46500	-1.4995459502866004E7
46600	-1.4996009017688345E7
46700	-1.499292850572966E7
46800	-1.4996032153511789E7
46900	-1.4997117959495854E7
47000	-1.4994712241266264E7
47100	-1.499676022986339E7
47200	-1.4999098691055665E7
47300	-1.4994092370355953E7
47400	-1.4991620384515354E7
47500	-1.4991479942957234E7
47600	-1.4990716268778268E7
47700	-1.4992132624920491E7
47800	-1.4989042161356194E7
47900	-1.4992431173846358E7
48000	-1.4992769989085265E7
48100	-1.498912568661738E7
48200	-1.499215312066183E7
48300	-1.4997665340286529E7
48400	-1.499263908812483E7
48500	-1.4992890025703812E7
48600	-1.4995039102377072E7
48700	-1.4991166337103458E7
48800	-1.4998188701452933E7
48900	-1.4993619678916657E7
49000	-1.4988917440856405E7
49100	-1.4991578322513202E7
49200	-1.4991660804560184E7
49300	-1.4994688751974883E7
49400	-1.4985097844477024E7
49500	-1.4988475855904538E7
49600	-1.499189560324876E7
49700	-1.4989326797178607E7
49800	-1.4987125429261332E7
49900	-1.4992598465820983E7
50000	-1.498998904228107E7
50100	-1.498260866171744E7
50200	-1.498883090818763E7
50300	-1.4991044462999064E7
50400	-1.499145245943064E7
50500	-1.499168342430435E7
50600	-1.4996678805671688E7
50700	-1.4995761888719976E7
50800	-1.5002622792159943E7
50900	-1.4997787542343685E7
51000	-1.4998948011129033E7
51100	-1.499647135172026E7
51200	-1.4997514819692686E7
51300	-1.4996264696750611E7
51400	-1.499730221587033E7
51500	-1.4995074853199212E7
51600	-1.499720471875903E7
51700	-1.4999866730200928E7
51800	-1.4993616919905828E7
51900	-1.4997089409102505E7
52000	-1.4994292551698284E7
52100	-1.4998737087124065E7
52200	-1.4997893789401598E7
52300	-1.499484190314489E7
52400	-1.4996178807605313E7
52500	-1.4991974911153385E7
52600	-1.4994455088927161E7
52700	-1.4992977151583813E7
52800	-1.4999751645000542E7
52900	-1.4988044594068287E7
53000	-1.4993847687921887E7
53100	-1.4991896053899381E7
53200	-1.4999870238149889E7
53300	-1.4995385139028225E7
53400	-1.4992155058762081E7
53500	-1.499529231302136E7
53600	-1.4995046944796154E7
53700	-1.499847269900557E7
53800	-1.4995705983597863E7
53900	-1.4990782544727387E7
54000	-1.4994457424672235E7
54100	-1.4996686928003656E7
54200	-1.4994997432154818E7
54300	-1.4994013078040635E7
54400	-1.4996294182256334E7
54500	-1.4996941607658327E7
54600	-1.4999515275044993E7
54700	-1.4997272552622722E7
54800	-1.4998696513291039E7
54900	-1.4997312267773204E7
55000	-1.4992446457959801E7
55100	-1.4996346908560153E7
55200	-1.4994780176504973E7
55300	-1.4997216703237288E7
55400	-1.4995932424369045E7
55500	-1.4994585401647178E7
55600	-1.4993552942093287E7
55700	-1.4996046737760779E7
55800	-1.499473186023502E7
55900	-1.4993326938463328E7
56000	-1.4994284594580261E7
56100	-1.4998375903396167E7
56200	-1.4998657354831288E7
56300	-1.4995505677267186E7
56400	-1.499485791607257E7
56500	-1.499641547358261E7
56600	-1.4994686864180349E7
56700	-1.4996321300189247E7
56800	-1.4998410066681206E7
56900	-1.4995433911102688E7
57000	-1.4996033716551367E7
57100	-1.4992020600732448E7
57200	-1.4988871094814908E7
57300	-1.499005078847346E7
57400	-1.4992287963870231E7
57500	-1.4991991004606066E7
57600	-1.4994755532953592E7
57700	-1.4991296385548545E7
57800	-1.4990544096424166E7
57900	-1.4993484847301625E7
58000	-1.499522490415878E7
58100	-1.4988588487062894E7
58200	-1.4991185852421848E7
58300	-1.4993961167684823E7
58400	-1.4991281514344666E7
58500	-1.4989179789666655E7
58600	-1.499062964400866E7
58700	-1.4988084169312548E7
58800	-1.4989602371298345E7
58900	-1.4993382924570149E7
59000	-1.4993230403376747E7
59100	-1.4996588448177693E7
59200	-1.499356838137856E7
59300	-1.4990655146444354E7
59400	-1.4994414175124517E7
59500	-1.4992167164876558E7
59600	-1.4989327465138342E7
59700	-1.4991399766243735E7
59800	-1.4984898168023022E7
59900	-1.4988317160163525E7
60000	-1.4987688338930346E7
60100	-1.4984215344698839E7
60200	-1.4987028281708837E7
60300	-1.4985491649541432E7
60400	-1.4981975749070153E7
60500	-1.4985724275936715E7
60600	-1.4987166875950616E7
60700	-1.4986799852727864E7
60800	-1.4988756542616298E7
60900	-1.4990032947142089E7
61000	-1.499274457344368E7
61100	-1.4992649169176962E7
61200	-1.499433309234005E7
61300	-1.4993699593175964E7
61400	-1.49872330219106E7
61500	-1.4991486135180408E7
61600	-1.4992275753964078E7
61700	-1.4992496851368636E7
61800	-1.4991496641619628E7
61900	-1.4991500400265554E7
62000	-1.4991943828620145E7
62100	-1.4991238406282071E7
62200	-1.498813058348123E7
62300	-1.4987878093544012E7
62400	-1.4986837240650496E7
62500	-1.4989878704484057E7
62600	-1.4988110871603021E7
62700	-1.4993042562697783E7
62800	-1.4989550366670063E7
62900	-1.4987452329537943E7
63000	-1.4991682764140805E7
63100	-1.4991549585661655E7
63200	-1.4990824983873485E7
63300	-1.499500673228392E7
63400	-1.4988182097233152E7
63500	-1.4990220925935922E7
63600	-1.4990552679652818E7
63700	-1.498947732798408E7
63800	-1.4987717918363987E7
63900	-1.4987967565881975E7
64000	-1.4989719042184485E7
64100	-1.4988903696771929E7
64200	-1.4986680529964404E7
64300	-1.4984328498817181E7
64400	-1.49860795793063E7
64500	-1.4980627585577408E7
64600	-1.4978379970683476E7
64700	-1.4980882558758972E7
64800	-1.498241693398139E7
64900	-1.4988016403279666E7
65000	-1.4985135148991283E7
65100	-1.4986613158597687E7
65200	-1.4985707114170345E7
65300	-1.498937067721702E7
65400	-1.4985431510009732E7
65500	-1.4980921813501092E7
65600	-1.4985139416109012E7
65700	-1.498469295157434E7
65800	-1.4983502722927153E7
65900	-1.4984377117223896E7
66000	-1.4984034250750585E7
66100	-1.4981070912071126E7
66200	-1.4984492441190496E7
66300	-1.4982676808663037E7
66400	-1.4980868853318393E7
66500	-1.4979913215677697E7
66600	-1.4986672245210512E7
66700	-1.4986511170597965E7
66800	-1.498259092760254E7
66900	-1.4986890975993933E7
67000	-1.4985865646738222E7
67100	-1.498771176895997E7
67200	-1.4982696807560435E7
67300	-1.4984796998921728E7
67400	-1.4987229159430228E7
67500	-1.4989030169430163E7
67600	-1.4983667794852994E7
67700	-1.4987702497312842E7
67800	-1.4987775696571289E7
67900	-1.4987626416256385E7
68000	-1.4992411168686187E7
68100	-1.498564015535511E7
68200	-1.4989788290152567E7
68300	-1.4984635817311987E7
68400	-1.4986203690229906E7
68500	-1.4984813735737259E7
68600	-1.4985301585339962E7
68700	-1.498054208403189E7
68800	-1.4980626867106209E7
68900	-1.4981291172962112E7
69000	-1.4989240438851783E7
69100	-1.4984535458558893E7
69200	-1.4986397703058504E7
69300	-1.4984735653260907E7
69400	-1.4984451057556123E7
69500	-1.498216459418822E7
69600	-1.4984739860731564E7
69700	-1.498934371820092E7
69800	-1.4988457790691799E7
69900	-1.4986989039199797E7
70000	-1.4986742940056173E7
70100	-1.4989110445467977E7
70200	-1.4987064632808171E7
70300	-1.4988996027847368E7
70400	-1.4989919342381991E7
70500	-1.4987676377341285E7
70600	-1.4983512030577859E7
70700	-1.4986596564100686E7
70800	-1.4983732940029858E7
70900	-1.4985292241514068E7
71000	-1.4980029386326991E7
71100	-1.4985359979202632E7
71200	-1.4983253789064215E7
71300	-1.498503633403721E7
71400	-1.4990571654918807E7
71500	-1.4985525626560537E7
71600	-1.498780001620535E7
71700	-1.4989004313091254E7
71800	-1.4984264308775786E7
71900	-1.498744523237592E7
72000	-1.4985679526561582E7
72100	-1.4985362821222505E7
72200	-1.4984717642955873E7
72300	-1.49808122259127E7
72400	-1.4986415360922981E7
72500	-1.4984809302572561E7
72600	-1.498489270151249E7
72700	-1.4986140079500575E7
72800	-1.4984711643407458E7
72900	-1.4984129038793394E7
73000	-1.497933401086567E7
73100	-1.4983442282405227E7
73200	-1.4981714081986258E7
73300	-1.4988574255645169E7
73400	-1.4984678082210004E7
73500	-1.4981276373828407E7
73600	-1.4978589008825064E7
73700	-1.497783181583518E7
73800	-1.4980490229727453E7
73900	-1.4985637221043788E7
74000	-1.4984627834621122E7
74100	-1.4982915886737173E7
74200	-1.4984786442718618E7
74300	-1.498028769928196E7
74400	-1.4983225143868364E7
74500	-1.4986191216974463E7
74600	-1.4987205697850369E7
74700	-1.4980865323295867E7
74800	-1.4981668038425297E7
74900	-1.4985076225307455E7
75000	-1.49861363264722E7
75100	-1.4982812978375051E7
75200	-1.4986912571566837E7
75300	-1.4989537223872596E7
75400	-1.4981205809195986E7
75500	-1.49848963223706E7
75600	-1.4984184970531195E7
75700	-1.4983114138957603E7
75800	-1.497891481337523E7
75900	-1.4979686139673248E7
76000	-1.4980959783210773E7
76100	-1.4981111677691849E7
76200	-1.4980770830897938E7
76300	-1.4980387238990813E7
76400	-1.4984820008354768E7
76500	-1.497894626165597E7
76600	-1.4978762630168399E7
76700	-1.4985070006172115E7
76800	-1.498909058293743E7
76900	-1.4984498221451052E7
77000	-1.4985983763254644E7
77100	-1.4984873202382581E7
77200	-1.4987813037264897E7
77300	-1.4984483631442973E7
77400	-1.4985235805653503E7
77500	-1.4985928677072605E7
77600	-1.4985146420462342E7
77700	-1.4978809231231932E7
77800	-1.4981980085339332E7
77900	-1.4981884568743587E7
78000	-1.4979068755958384E7
78100	-1.4985480574978165E7
78200	-1.4985044877956085E7
78300	-1.4978106152726773E7
78400	-1.497961298182949E7
78500	-1.498455808137842E7
78600	-1.4977262854440592E7
78700	-1.4980580129941922E7
78800	-1.4979089081935847E7
78900	-1.4981207988159444E7
79000	-1.4985768012646256E7
79100	-1.4983600245676542E7
79200	-1.498639584683989E7
79300	-1.498968495651255E7
79400	-1.4985631625033403E7
79500	-1.4983359660427762E7
79600	-1.4978164867968678E7
79700	-1.4984327489091637E7
79800	-1.4982422325780451E7
79900	-1.498293357326114E7
80000	-1.4981775669560352E7
80100	-1.497569030973025E7
80200	-1.4979690890669113E7
80300	-1.4979420577926528E7
80400	-1.4978253697591176E7
80500	-1.4974623849107549E7
80600	-1.4975712099245956E7
80700	-1.4979344945284462E7
80800	-1.4982517717987044E7
80900	-1.4978896063484734E7
81000	-1.4983165652469764E7
81100	-1.4986573035266701E7
81200	-1.4981315113695662E7
81300	-1.497504594510565E7
81400	-1.4976729950667478E7
81500	-1.4980167907908333E7
81600	-1.4979700757627102E7
81700	-1.4981519846480953E7
81800	-1.4979903254859673E7
81900	-1.4979111754116125E7
82000	-1.4976038295282407E7
82100	-1.4978477797820508E7
82200	-1.4980030057431683E7
82300	-1.4973116305766247E7
82400	-1.4975337866707122E7
82500	-1.4973345011306394E7
82600	-1.4976894738593847E7
82700	-1.4976733781503567E7
82800	-1.4977541356549775E7
82900	-1.4979729433397584E7
83000	-1.4973513611076484E7
83100	-1.4968884881327257E7
83200	-1.4972918536000261E7
83300	-1.4968526196033223E7
83400	-1.4972022213038795E7
83500	-1.4972141510300469E7
83600	-1.4974673072567489E7
83700	-1.4978949957268415E7
83800	-1.4972848818789283E7
83900	-1.4975639911354361E7
84000	-1.4975395234708397E7
84100	-1.4974637666735582E7
84200	-1.4980737324807195E7
84300	-1.4976862669958305E7
84400	-1.49758658206625E7
84500	-1.4977554864214623E7
84600	-1.4983879087676864E7
84700	-1.497871426752203E7
84800	-1.4979145151193786E7
84900	-1.4980281972314497E7
85000	-1.497987812414546E7
85100	-1.497918458024925E7
85200	-1.4979223671073908E7
85300	-1.4974385121698301E7
85400	-1.4974028723334149E7
85500	-1.497554153535279E7
85600	-1.4974113865374347E7
85700	-1.4974365872160258E7
85800	-1.4977104185672354E7
85900	-1.4977510126289343E7
86000	-1.4975323519782465E7
86100	-1.4975719076632988E7
86200	-1.497863999715486E7
86300	-1.4969841818989286E7
86400	-1.4971813773324735E7
86500	-1.4971515123955209E7
86600	-1.4973971471032113E7
86700	-1.4977053129816348E7
86800	-1.4976995773324143E7
86900	-1.4973843593953965E7
87000	-1.497551435286674E7
87100	-1.4975477229071997E7
87200	-1.4973589333456252E7
87300	-1.4977335874942502E7
87400	-1.4978380523288695E7
87500	-1.4970558933923181E7
87600	-1.4975136656328894E7
87700	-1.4973274613674814E7
87800	-1.497347280491799E7
87900	-1.4975836789956806E7
88000	-1.4977091523773914E7
88100	-1.4974465979468463E7
88200	-1.4976026506156772E7
88300	-1.497557815833178E7
88400	-1.4972930975501314E7
88500	-1.4969172373889873E7
88600	-1.4970314868247367E7
88700	-1.4976658031085297E7
88800	-1.497114305603894E7
88900	-1.4969599088713236E7
89000	-1.4972257124666262E7
89100	-1.4970917253998857E7
89200	-1.4972218056380924E7
89300	-1.4973051055119649E7
89400	-1.4972750100800708E7
89500	-1.497383979530158E7
89600	-1.4973225227343539E7
89700	-1.4972582194262983E7
89800	-1.4969817424643239E7
89900	-1.49752520063026E7
90000	-1.497774224249492E7
90100	-1.4979280732782163E7
90200	-1.497530246042202E7
90300	-1.4973024287395978E7
90400	-1.4970576291323947E7
90500	-1.4976701780275408E7
90600	-1.4973284459066162E7
90700	-1.4971021869884849E7
90800	-1.4968549076052438E7
90900	-1.4972155741430748E7
91000	-1.4970077428593308E7
91100	-1.4969503446673531E7
91200	-1.4971468228201158E7
91300	-1.497218818972128E7
91400	-1.4976102722377205E7
91500	-1.4974042910577936E7
91600	-1.4978660083255809E7
91700	-1.4974692483935893E7
91800	-1.4977717799866965E7
91900	-1.497736765204095E7
92000	-1.497715119738592E7
92100	-1.4984039144430071E7
92200	-1.4981950448251884E7
92300	-1.4977900724514382E7
92400	-1.4982986612473423E7
92500	-1.4980631997958625E7
92600	-1.4974104750560045E7
92700	-1.4975928863546142E7
92800	-1.4973477653409818E7
92900	-1.497554513124229E7
93000	-1.4975961590358082E7
93100	-1.497748212677506E7
93200	-1.4974647022428725E7
93300	-1.497648547745357E7
93400	-1.497531875920262E7
93500	-1.4975112449475087E7
93600	-1.4975653457950668E7
93700	-1.4972798114930926E7
93800	-1.4975286196815472E7
93900	-1.4974296672465945E7
94000	-1.4972617526357519E7
94100	-1.4970647879928118E7
94200	-1.4976472557285983E7
94300	-1.4970642791525712E7
94400	-1.4977065972648453E7
94500	-1.4976967035487942E7
94600	-1.4974243391613744E7
94700	-1.4972521478478702E7
94800	-1.497261936684284E7
94900	-1.4975010213863667E7
95000	-1.4978066076866345E7
95100	-1.4979605244640552E7
95200	-1.4971840994818527E7
95300	-1.497376545104617E7
95400	-1.4974299937845951E7
95500	-1.4971095023194175E7
95600	-1.4974669487903569E7
95700	-1.4979127556087947E7
95800	-1.4975784681648584E7
95900	-1.497209924033044E7
96000	-1.4976775825045364E7
96100	-1.4975130419417845E7
96200	-1.498046670979618E7
96300	-1.49759989819457E7
96400	-1.4975628425214803E7
96500	-1.4973176767141478E7
96600	-1.4979888235156618E7
96700	-1.4976827039109752E7
96800	-1.4975413077852687E7
96900	-1.4976344398646597E7
97000	-1.497971602475854E7
97100	-1.4978069695140902E7
97200	-1.4971218143540796E7
97300	-1.4971670169803547E7
97400	-1.4973718231583381E7
97500	-1.4974488053189022E7
97600	-1.4973188992363676E7
97700	-1.4976621094071176E7
97800	-1.4971218011042189E7
97900	-1.4975613080934124E7
98000	-1.4971845001145488E7
98100	-1.4979598688721295E7
98200	-1.4975145616586674E7
98300	-1.497294923538007E7
98400	-1.497310507595368E7
98500	-1.4973379498294458E7
98600	-1.4969798892252486E7
98700	-1.4971907706309687E7
98800	-1.49768090141283E7
98900	-1.4970916109885797E7
99000	-1.4973857397243708E7
99100	-1.4975235649799233E7
99200	-1.497305382254812E7
99300	-1.4969535215118203E7
99400	-1.4974105760736674E7
99500	-1.4970050579554476E7
99600	-1.4970910429485925E7
99700	-1.4973511319784801E7
99800	-1.4971273512882324E7
99900	-1.4971510559423046E7
100000	-1.4973211271338861E7
100100	-1.4969628790469533E7
100200	-1.496411509060865E7
100300	-1.4963654112461237E7
100400	-1.496524157390416E7
100500	-1.4968156377297929E7
100600	-1.4967347625639195E7
100700	-1.4971445454545375E7
100800	-1.4970856850063272E7
100900	-1.4966735288579337E7
101000	-1.4974401126732005E7
101100	-1.4972447119182583E7
101200	-1.4974458824302725E7
101300	-1.4974610916741831E7
101400	-1.4969408551434664E7
101500	-1.497007759550083E7
101600	-1.497625471265331E7
101700	-1.496963163507176E7
101800	-1.4971823938797798E7
101900	-1.497165929369296E7
102000	-1.4973314239096794E7
102100	-1.497132215621804E7
102200	-1.497331683150056E7
102300	-1.4976043195400024E7
102400	-1.4970747210072467E7
102500	-1.4969182608922718E7
102600	-1.4974495211730795E7
102700	-1.4971595502543764E7
102800	-1.4972745934062814E7
102900	-1.497602335191276E7
103000	-1.4972476881559419E7
103100	-1.4972054995379819E7
103200	-1.4970021063934434E7
103300	-1.4973069826080244E7
103400	-1.497169767800581E7
103500	-1.497580491230753E7
103600	-1.497168829389042E7
103700	-1.4965718709071225E7
103800	-1.4963272625078004E7
103900	-1.4964519600027382E7
104000	-1.496786570560605E7
104100	-1.4970815900878979E7
104200	-1.4966946292651404E7
104300	-1.4970793865556153E7
104400	-1.4972194658755206E7
104500	-1.4971411456128351E7
104600	-1.4966632604715886E7
104700	-1.4969692607094504E7
104800	-1.4972020437947866E7
104900	-1.4971563838314332E7
105000	-1.4967214387167135E7
105100	-1.4972350910135746E7
105200	-1.4969542351088092E7
105300	-1.4970168288907632E7
105400	-1.496607743183768E7
105500	-1.4968247755404418E7
105600	-1.4970447526526451E7
105700	-1.4967118771329109E7
105800	-1.4969090805760296E7
105900	-1.497281915694259E7
106000	-1.4968196772066701E7
106100	-1.496816864233764E7
106200	-1.496683578140372E7
106300	-1.4966194639658963E7
106400	-1.4968145657530509E7
106500	-1.4970331703531843E7
106600	-1.4964317156770855E7
106700	-1.4967394876435813E7
106800	-1.4967520299346618E7
106900	-1.4966943115430642E7
107000	-1.4961941267041048E7
107100	-1.4969601448497063E7
107200	-1.4964031055473471E7
107300	-1.4963622616630198E7
107400	-1.4967295709133016E7
107500	-1.4964017470627649E7
107600	-1.4964479645053217E7
107700	-1.4967898075986631E7
107800	-1.4969733901800897E7
107900	-1.4967530487396626E7
108000	-1.4965972348569933E7
108100	-1.4968260646209504E7
108200	-1.4963910246984465E7
108300	-1.4968962796906197E7
108400	-1.4968630564853441E7
108500	-1.4966466955426455E7
108600	-1.4967390333877612E7
108700	-1.496368184453906E7
108800	-1.496733572439757E7
108900	-1.497011589053362E7
109000	-1.4969524259386906E7
109100	-1.497059741600721E7
109200	-1.4966296640393324E7
109300	-1.4966804413755514E7
109400	-1.496750962620801E7
109500	-1.4968629659862788E7
109600	-1.496930821478855E7
109700	-1.4966294714391075E7
109800	-1.4969950380775582E7
109900	-1.4973060756490069E7
110000	-1.497272266184879E7
110100	-1.497267909701553E7
110200	-1.496620386850627E7
110300	-1.496729773830919E7
110400	-1.4968876392575247E7
110500	-1.4966583090347147E7
110600	-1.4966586943902005E7
110700	-1.4970142251973346E7
110800	-1.4971224464822704E7
110900	-1.497310977146325E7
111000	-1.497161505948749E7
111100	-1.4972797370564418E7
111200	-1.4967534106114887E7
111300	-1.4966490905152163E7
111400	-1.4969424297831824E7
111500	-1.4966652626996027E7
111600	-1.4963023001269843E7
111700	-1.4969500394710286E7
111800	-1.4969216749476364E7
111900	-1.4967181180404292E7
112000	-1.4965794182111608E7
112100	-1.4967837337045461E7
112200	-1.4960615184053473E7
112300	-1.496306800662402E7
112400	-1.496680172009214E7
112500	-1.4968894488627616E7
112600	-1.4964273642111782E7
112700	-1.4970062374041583E7
112800	-1.4968379934313856E7
112900	-1.496532599779483E7
113000	-1.4967233767936388E7
113100	-1.496902310779334E7
113200	-1.4965491377681442E7
113300	-1.4968067157691438E7
113400	-1.4968211237920877E7
113500	-1.4966648862957336E7
113600	-1.497049738720164E7
113700	-1.4967513027022475E7
113800	-1.4969505108047154E7
113900	-1.4965610336502623E7
114000	-1.4971150567296226E7
114100	-1.4963434386026856E7
114200	-1.4971266582621375E7
114300	-1.4967594812292403E7
114400	-1.4967458549319297E7
114500	-1.4972243993236495E7
114600	-1.496567561096184E7
114700	-1.4964803056802046E7
114800	-1.4963193632570673E7
114900	-1.496437439553022E7
115000	-1.4965515500188315E7
115100	-1.4963214144651543E7
115200	-1.4964043073868962E7
115300	-1.4960123134604383E7
115400	-1.4965118715391392E7
115500	-1.4967152576397523E7
115600	-1.4965308184951007E7
115700	-1.4966598021183494E7
115800	-1.4966128464685822E7
115900	-1.4964732721534962E7
116000	-1.4966801409755342E7
116100	-1.4964000293640343E7
116200	-1.4962620411128314E7
116300	-1.4961174995489115E7
116400	-1.4965132716468723E7
116500	-1.4968569022004783E7
116600	-1.4965508983007437E7
116700	-1.4969818279207349E7
116800	-1.496797916905736E7
116900	-1.4965187951844277E7
117000	-1.4967253090827584E7
117100	-1.4971279691466952E7
117200	-1.497047172031672E7
117300	-1.496673802710723E7
117400	-1.4965258527530316E7
117500	-1.4966957878449552E7
117600	-1.4970226184139505E7
117700	-1.4965913150921388E7
117800	-1.4963712577903818E7
117900	-1.4965726424078561E7
118000	-1.4964645043146871E7
118100	-1.4968439442697931E7
118200	-1.4966014069110649E7
118300	-1.496734848560983E7
118400	-1.4966949137904074E7
118500	-1.4965249950865792E7
118600	-1.4965023880843848E7
118700	-1.4966318199362243E7
118800	-1.4965742579308772E7
118900	-1.497147212664434E7
119000	-1.4965838757435651E7
119100	-1.4970093730402568E7
119200	-1.4964914833921839E7
119300	-1.4967445062330486E7
119400	-1.4961055196700968E7
119500	-1.4963291443712994E7
119600	-1.496444514921062E7
119700	-1.4965596747419592E7
119800	-1.4964084138727019E7
119900	-1.4965676621082557E7
120000	-1.4965217803961683E7
120100	-1.496233968252717E7
120200	-1.4965456403529229E7
120300	-1.4968014297957331E7
120400	-1.4966541958432795E7
120500	-1.4965780138749966E7
120600	-1.49645612460917E7
120700	-1.4964487407578366E7
120800	-1.4960555170174213E7
120900	-1.4964328143609384E7
121000	-1.4966706083902221E7
121100	-1.4964152515237704E7
121200	-1.4962092490295831E7
121300	-1.4961797367595721E7
121400	-1.4959805626619816E7
121500	-1.496398508412059E7
121600	-1.4966139821051426E7
121700	-1.4966649810767371E7
121800	-1.496626800096135E7
121900	-1.4962487426277302E7
122000	-1.496400983956103E7
122100	-1.4965147478686929E7
122200	-1.4965681497591127E7
122300	-1.496380151233416E7
122400	-1.4963994975310626E7
122500	-1.4965446250012398E7
122600	-1.4963452795343934E7
122700	-1.4961717820686482E7
122800	-1.4964564834125794E7
122900	-1.4962629272336463E7
123000	-1.4965955305985302E7
123100	-1.4963611975996993E7
123200	-1.4961443540836373E7
123300	-1.4962483778768616E7
123400	-1.4968864322685536E7
123500	-1.4962700604184821E7
123600	-1.496915336754115E7
123700	-1.4966055982914343E7
123800	-1.4966831069460152E7
123900	-1.4962604979929924E7
124000	-1.496259501985458E7
124100	-1.496870220861453E7
124200	-1.4965163244695744E7
124300	-1.4963429158569422E7
124400	-1.4965296186402425E7
124500	-1.4967199873183398E7
124600	-1.4964341075647358E7
124700	-1.496286979116168E7
124800	-1.496506936873795E7
124900	-1.496659492524001E7
125000	-1.4958175542323032E7
125100	-1.496018499465853E7
125200	-1.4961423429135026E7
125300	-1.4958519266989635E7
125400	-1.4964309472664403E7
125500	-1.4959295126121098E7
125600	-1.4956958817726955E7
125700	-1.4954630782873433E7
125800	-1.4960681097336525E7
125900	-1.4958542943846848E7
126000	-1.4957421076764002E7
126100	-1.4957139595355658E7
126200	-1.496317957940723E7
126300	-1.495789877563394E7
126400	-1.4963691459512584E7
126500	-1.4964609023841849E7
126600	-1.4961938550650086E7
126700	-1.4960651786519378E7
126800	-1.4960475066916876E7
126900	-1.4959535091960594E7
127000	-1.49576896044535E7
127100	-1.4959769729645127E7
127200	-1.4960023779202241E7
127300	-1.4958519560950357E7
127400	-1.4964470132469414E7
127500	-1.4964497101671252E7
127600	-1.496447267758898E7
127700	-1.4967082204296248E7
127800	-1.4965941832965603E7
127900	-1.49678700731547E7
128000	-1.4964719369019274E7
128100	-1.4968563804422341E7
128200	-1.4965917865660086E7
128300	-1.4967677164246853E7
128400	-1.4965597484897478E7
128500	-1.4968582984482883E7
128600	-1.4966740124949701E7
128700	-1.496680047714054E7
128800	-1.4967564815897312E7
128900	-1.4969067325860774E7
129000	-1.4963946222117363E7
129100	-1.4960725566198083E7
129200	-1.4960304780983897E7
129300	-1.4962466710787848E7
129400	-1.496232117941294E7
129500	-1.4967744518886916E7
129600	-1.4967005925803626E7
129700	-1.4963512916655578E7
129800	-1.4960192487356927E7
129900	-1.4960356485181177E7
130000	-1.4961251139757019E7
130100	-1.4963710555106819E7
130200	-1.496265047306154E7
130300	-1.49600576928898E7
130400	-1.4959643481365738E7
130500	-1.4962265688380623E7
130600	-1.4959453594651705E7
130700	-1.4956970895120144E7
130800	-1.496104129642533E7
130900	-1.4957954293979475E7
131000	-1.4963554641679991E7
131100	-1.4961195484802958E7
131200	-1.4960797892928138E7
131300	-1.4959807252216864E7
131400	-1.4961294261561152E7
131500	-1.4961265262320945E7
131600	-1.4967056203784257E7
131700	-1.496187157958538E7
131800	-1.4964915452266084E7
131900	-1.4962883086521136E7
132000	-1.4960952762581322E7
132100	-1.496435710063488E7
132200	-1.4960438045916859E7
132300	-1.4960832148156215E7
132400	-1.4961695273251591E7
132500	-1.4956726097867038E7
132600	-1.495705142074201E7
132700	-1.4957133615073163E7
132800	-1.495722218662011E7
132900	-1.4962841153544351E7
133000	-1.4964647693213927E7
133100	-1.496714950518875E7
133200	-1.4962875293634124E7
133300	-1.4964715120112184E7
133400	-1.4961294577190882E7
133500	-1.496615955808934E7
133600	-1.4962489365623936E7
133700	-1.4962464268226597E7
133800	-1.4963970430876497E7
133900	-1.4968304479649315E7
134000	-1.4959699103040904E7
134100	-1.4961541640294384E7
134200	-1.4960997464932853E7
134300	-1.496472150884007E7
134400	-1.4958951525061643E7
134500	-1.495615007211756E7
134600	-1.495737180151435E7
134700	-1.4962587135358494E7
134800	-1.4956034757602407E7
134900	-1.495550680219084E7
135000	-1.4956102989939757E7
135100	-1.4960235010331366E7
135200	-1.4960650333189486E7
135300	-1.4957789549050042E7
135400	-1.4957739504662463E7
135500	-1.4956531637793468E7
135600	-1.49599347205132E7
135700	-1.4963453556618843E7
135800	-1.4962565974894054E7
135900	-1.4960034480560968E7
136000	-1.4960180875076802E7
136100	-1.4961330804319281E7
136200	-1.4959651058925746E7
136300	-1.4957023006027216E7
136400	-1.4956819542365473E7
136500	-1.4956692928856477E7
136600	-1.4956339877412833E7
136700	-1.496209416028874E7
136800	-1.4958434924313547E7
136900	-1.4956238561067216E7
137000	-1.4960957179017277E7
137100	-1.496139050787308E7
137200	-1.496018835409325E7
137300	-1.4962632309639804E7
137400	-1.4963738445103722E7
137500	-1.495981445663468E7
137600	-1.495774318452029E7
137700	-1.4954423684325652E7
137800	-1.4956975718694624E7
137900	-1.495172884639709E7
138000	-1.4961215641515674E7
138100	-1.4957989393924847E7
138200	-1.4955307151129164E7
138300	-1.4954046627188822E7
138400	-1.4955405787382912E7
138500	-1.4954370468349906E7
138600	-1.4956592996931072E7
138700	-1.4959409426423293E7
138800	-1.4959746303868195E7
138900	-1.4956737048719287E7
139000	-1.4958443197799731E7
139100	-1.4957595334152129E7
139200	-1.4957234924305875E7
139300	-1.4951282811601344E7
139400	-1.4956539866947282E7
139500	-1.495096566893441E7
139600	-1.4953961979288654E7
139700	-1.4959229962010408E7
139800	-1.4951938596428195E7
139900	-1.4956048038412856E7
140000	-1.4957044410104593E7
140100	-1.4960721603716357E7
140200	-1.4959569068134308E7
140300	-1.4956600862439929E7
140400	-1.4957407357716624E7
140500	-1.4962070202870777E7
140600	-1.4960686150056884E7
140700	-1.4961244822982507E7
140800	-1.4966769252364805E7
140900	-1.496688574957107E7
141000	-1.4960640563664204E7
141100	-1.4957345590690669E7
141200	-1.4965444749947231E7
141300	-1.496678805806173E7
141400	-1.4960927125904318E7
141500	-1.4963175056680135E7
141600	-1.496612414088334E7
141700	-1.4966536324973188E7
141800	-1.4964398425297087E7
141900	-1.4961081842627473E7
142000	-1.4961746866769683E7
142100	-1.495598188313969E7
142200	-1.4963569788056131E7
142300	-1.4959439030543756E7
142400	-1.4956129778184634E7
142500	-1.4957974052779464E7
142600	-1.4963292788788812E7
142700	-1.4962793476769077E7
142800	-1.4965980896108685E7
142900	-1.4959047196038924E7
143000	-1.4961854298524546E7
143100	-1.4962597323454613E7
143200	-1.496381005336524E7
143300	-1.4957227978307711E7
143400	-1.495935843067638E7
143500	-1.4962140844137201E7
143600	-1.4960874273700278E7
143700	-1.495486129526831E7
143800	-1.4961632736725053E7
143900	-1.4960542841879493E7
144000	-1.4959305994882252E7
144100	-1.4960940301512908E7
144200	-1.4963721096891267E7
144300	-1.4963607824926917E7
144400	-1.495856762360677E7
144500	-1.496094766858192E7
144600	-1.4960334522898937E7
144700	-1.495844108252086E7
144800	-1.4961358041939624E7
144900	-1.4958969960941145E7
145000	-1.4961457397293106E7
145100	-1.4966290271318506E7
145200	-1.4963115116241556E7
145300	-1.4960154261147091E7
145400	-1.4957530400377227E7
145500	-1.495209575207696E7
145600	-1.4957465923087535E7
145700	-1.4961456603657434E7
145800	-1.495783301062246E7
145900	-1.49609559119439E7
146000	-1.495956692768025E7
146100	-1.4958116244636523E7
146200	-1.4959549847202353E7
146300	-1.4961118537064657E7
146400	-1.4958572426017445E7
146500	-1.4959113795754015E7
146600	-1.4959858087163154E7
146700	-1.4962481108850736E7
146800	-1.4961577994512074E7
146900	-1.4961456347602157E7
147000	-1.496253724050967E7
147100	-1.4956139858036537E7
147200	-1.4961672692618392E7
147300	-1.4962320931181949E7
147400	-1.4966079174949571E7
147500	-1.496296441461706E7
147600	-1.4961665464056732E7
147700	-1.496272485905222E7
147800	-1.496238304809493E7
147900	-1.495706768001265E7
148000	-1.4957120488656621E7
148100	-1.4963574479062157E7
148200	-1.4955677650252188E7
148300	-1.4960089885194676E7
148400	-1.496166303994906E7
148500	-1.4961933837543499E7
148600	-1.4962960443693638E7
148700	-1.4960679220047178E7
148800	-1.4960476133741364E7
148900	-1.4961504256518865E7
149000	-1.4954274914569179E7
149100	-1.495856240786052E7
149200	-1.4958812592723818E7
149300	-1.4956921249072753E7
149400	-1.4959164558652652E7
149500	-1.4960060018614477E7
149600	-1.4961278006333023E7
149700	-1.4960205653281037E7
149800	-1.4963001351859547E7
149900	-1.4962582232909678E7
150000	-1.496094683977513E7
150100	-1.4958404806283155E7
150200	-1.4957112880473012E7
150300	-1.495659737393226E7
150400	-1.4957717529447207E7
150500	-1.4957812597732216E7
150600	-1.495852577552488E7
150700	-1.4958512200644461E7
150800	-1.496087321823589E7
150900	-1.4956435375374775E7
151000	-1.4958343880401138E7
151100	-1.4965533533280589E7
151200	-1.4965210652054094E7
151300	-1.4961052893689048E7
151400	-1.4963503953656103E7
151500	-1.4961991804113451E7
151600	-1.4960323355332067E7
151700	-1.4967741733661149E7
151800	-1.4957749857958488E7
151900	-1.4964915220630972E7
152000	-1.4962357806502111E7
152100	-1.49648596620515E7
152200	-1.4959047197247855E7
152300	-1.4959520271134203E7
152400	-1.4957804793872837E7
152500	-1.496408082207244E7
152600	-1.4964620292011878E7
152700	-1.495979946203366E7
152800	-1.4953235426740877E7
152900	-1.4962801168564832E7
153000	-1.4960290378954997E7
153100	-1.4958736700855955E7
153200	-1.4964622117305648E7
153300	-1.4960074669548733E7
153400	-1.4961755793331593E7
153500	-1.4961325008872021E7
153600	-1.4961846067692488E7
153700	-1.4963966775792593E7
153800	-1.4959750977162011E7
153900	-1.495863746788507E7
154000	-1.4960444861028507E7
154100	-1.496156675481949E7
154200	-1.4959962491500333E7
154300	-1.4956031832040722E7
154400	-1.495987957935306E7
154500	-1.4960431574835418E7
154600	-1.4964415234125905E7
154700	-1.4958662388887726E7
154800	-1.4959975373394132E7
154900	-1.4959592870565368E7
155000	-1.4957384515810752E7
155100	-1.495737819677512E7
155200	-1.4959555380726619E7
155300	-1.4956242367930243E7
155400	-1.495847322680321E7
155500	-1.4959215569733657E7
155600	-1.4960701048455356E7
155700	-1.49583916350867E7
155800	-1.4959991171505189E7
155900	-1.4955725847719213E7
156000	-1.4956610325840026E7
156100	-1.4956592463346303E7
156200	-1.4958375047138939E7
156300	-1.495650775322594E7
156400	-1.4953312756454986E7
156500	-1.495334157547506E7
156600	-1.4957604119836697E7
156700	-1.4959308462740345E7
156800	-1.4957522346976634E7
156900	-1.4958405660707857E7
157000	-1.4959194687602906E7
157100	-1.4958877861041622E7
157200	-1.495410286304006E7
157300	-1.4956947396176847E7
157400	-1.4957879299448106E7
157500	-1.4953627377525706E7
157600	-1.4959728715025576E7
157700	-1.4957180193724202E7
157800	-1.4955950694428567E7
157900	-1.4955350810988273E7
158000	-1.4954102042253962E7
158100	-1.495531481750312E7
158200	-1.494901869802555E7
158300	-1.495088204276158E7
158400	-1.4956627810940681E7
158500	-1.4959682893720511E7
158600	-1.4952949736367492E7
158700	-1.4962245072735928E7
158800	-1.4955890768198403E7
158900	-1.495421042329485E7
159000	-1.4956415864721918E7
159100	-1.4957201379037281E7
159200	-1.4955080653017707E7
159300	-1.495585282855421E7
159400	-1.4954539458557336E7
159500	-1.4956733601462109E7
159600	-1.4956060596117815E7
159700	-1.495112524806846E7
159800	-1.495188570071721E7
159900	-1.4952588817795599E7
160000	-1.495198668037843E7
160100	-1.4955197332704738E7
160200	-1.4956662164835427E7
160300	-1.4952510217491563E7
160400	-1.4957345670601618E7
160500	-1.4953248501401894E7
160600	-1.495360294525779E7
160700	-1.4958788470291069E7
160800	-1.4955430588176765E7
160900	-1.4951266168872643E7
161000	-1.495480453787444E7
161100	-1.4960315169634746E7
161200	-1.4963199217314381E7
161300	-1.4960378107619828E7
161400	-1.4957502420468004E7
161500	-1.4958538483308377E7
161600	-1.4955548536501864E7
161700	-1.4955045080742436E7
161800	-1.4960468298775585E7
161900	-1.496089453947515E7
162000	-1.4961003012422172E7
162100	-1.495688830852365E7
162200	-1.4957137186265137E7
162300	-1.4961216650334708E7
162400	-1.4959134968894076E7
162500	-1.4956137490310006E7
162600	-1.4961152429867469E7
162700	-1.4960934353003806E7
162800	-1.4959786084169403E7
162900	-1.4957169592339365E7
163000	-1.4955785932174088E7
163100	-1.4960863180422394E7
163200	-1.495836394872448E7
163300	-1.4958747688783024E7
163400	-1.4957395652071374E7
163500	-1.4954157790045513E7
163600	-1.4960685165841777E7
163700	-1.4961949475963417E7
163800	-1.4955393788533473E7
163900	-1.4959669347538577E7
164000	-1.4962686085597314E7
164100	-1.4960478003322145E7
164200	-1.4958037821492735E7
164300	-1.495972415827817E7
164400	-1.496380688544731E7
164500	-1.4958845791500734E7
164600	-1.4960810450138958E7
164700	-1.496024647468131E7
164800	-1.496033831759676E7
164900	-1.4958217569910152E7
165000	-1.4960742637861168E7
165100	-1.4960256854983695E7
165200	-1.496465083918889E7
165300	-1.4965383192522073E7
165400	-1.49581540029548E7
165500	-1.4957093766787613E7
165600	-1.4958862479762904E7
165700	-1.4961971289479023E7
165800	-1.4961439641319934E7
165900	-1.4958841320519395E7
166000	-1.4954080352116458E7
166100	-1.4957132340103423E7
166200	-1.4957531256473474E7
166300	-1.4963167329927977E7
166400	-1.4959895776212277E7
166500	-1.4960788461645778E7
166600	-1.4960651806188371E7
166700	-1.495723405316557E7
166800	-1.4955876711349592E7
166900	-1.495566270594691E7
167000	-1.4955025845751703E7
167100	-1.4953468411698017E7
167200	-1.4951919242659831E7
167300	-1.4952987638251761E7
167400	-1.4957068860758599E7
167500	-1.4954632065412268E7
167600	-1.4953976428006964E7
167700	-1.495268167788071E7
167800	-1.4950012604203466E7
167900	-1.4956063517374419E7
168000	-1.4960988961437806E7
168100	-1.4955550927921565E7
168200	-1.4954998456226446E7
168300	-1.495523258113833E7
168400	-1.495532241542048E7
168500	-1.4957861435980879E7
168600	-1.4957259856656967E7
168700	-1.49591599174112E7
168800	-1.4955310526136393E7
168900	-1.4954758947128765E7
169000	-1.4955787576438006E7
169100	-1.4954673425280493E7
169200	-1.4956646308190113E7
169300	-1.4958085912249522E7
169400	-1.4954390032903058E7
169500	-1.4956017611510964E7
169600	-1.496142776473694E7
169700	-1.4961772449166192E7
169800	-1.4961603818874823E7
169900	-1.4960060822899558E7
170000	-1.49591975716554E7
170100	-1.4955709158483827E7
170200	-1.4956743423929108E7
170300	-1.4951961184384134E7
170400	-1.4955150864364725E7
170500	-1.4956648013887359E7
170600	-1.4952278048940592E7
170700	-1.4955238137623657E7
170800	-1.4956086328529451E7
170900	-1.4953931419629112E7
171000	-1.4953324650456296E7
171100	-1.4957274689174892E7
171200	-1.4956133480517132E7
171300	-1.4954190682161788E7
171400	-1.495639482958971E7
171500	-1.4950666625547277E7
171600	-1.4948728779700482E7
171700	-1.4948618952012597E7
171800	-1.4956074019417284E7
171900	-1.4954384302146357E7
172000	-1.4955086394126486E7
172100	-1.4955210516900942E7
172200	-1.4947669509532336E7
172300	-1.49479932181985E7
172400	-1.4948528958511366E7
172500	-1.49452011438416E7
172600	-1.495260950777633E7
172700	-1.4955438976449238E7
172800	-1.4953993571461003E7
172900	-1.4954755748751508E7
173000	-1.4948920047044313E7
173100	-1.4952381915300561E7
173200	-1.4955388201201307E7
173300	-1.4953684073167007E7
173400	-1.4954471150507744E7
173500	-1.495020574128517E7
173600	-1.4954394448610526E7
173700	-1.4953270631921628E7
173800	-1.4955101995475292E7
173900	-1.4955434301829936E7
174000	-1.4962030987206545E7
174100	-1.4961157843770849E7
174200	-1.4956604794233311E7
174300	-1.495461444042491E7
174400	-1.4956424855514161E7
174500	-1.4955359350256447E7
174600	-1.4961543263099268E7
174700	-1.4958588062040765E7
174800	-1.496242534779962E7
174900	-1.495979546219377E7
175000	-1.4959065103083173E7
175100	-1.4955818954977216E7
175200	-1.49547901536989E7
175300	-1.495636223135331E7
175400	-1.4961717911906105E7
175500	-1.4960339942441432E7
175600	-1.4964673619033054E7
175700	-1.4958073893822797E7
175800	-1.4959889707636278E7
175900	-1.495531239030844E7
176000	-1.4956594794093836E7
176100	-1.4956707835008042E7
176200	-1.4960031641729554E7
176300	-1.4957457353453841E7
176400	-1.4961675089480592E7
176500	-1.4958812041602656E7
176600	-1.4952806934848344E7
176700	-1.4955073708513543E7
176800	-1.4956839121311123E7
176900	-1.4955983203816883E7
177000	-1.4957900546620624E7
177100	-1.4958616606412206E7
177200	-1.4962814220412757E7
177300	-1.495868463925112E7
177400	-1.4961526275551308E7
177500	-1.4956744042824404E7
177600	-1.4960164067575222E7
177700	-1.4957212596133055E7
177800	-1.49554937106614E7
177900	-1.4953425127303919E7
178000	-1.4957386241122963E7
178100	-1.4957781599555835E7
178200	-1.4956607269670742E7
178300	-1.4953606787592458E7
178400	-1.495220470751013E7
178500	-1.4954944591745012E7
178600	-1.4952140174229546E7
178700	-1.4954021243919645E7
178800	-1.495333987066368E7
178900	-1.495051337343494E7
179000	-1.4947456045708984E7
179100	-1.4953732982708193E7
179200	-1.4950653810233682E7
179300	-1.4952424945144191E7
179400	-1.4950244237057833E7
179500	-1.4952408516438829E7
179600	-1.4950258479394492E7
179700	-1.4954627819917975E7
179800	-1.4952747012362784E7
179900	-1.4951924426448941E7
180000	-1.4952761510688853E7
180100	-1.4952760353787214E7
180200	-1.4950639219810992E7
180300	-1.4955206899514884E7
180400	-1.4950565537901366E7
180500	-1.4952191681534145E7
180600	-1.4953728274221124E7
180700	-1.4953933946005933E7
180800	-1.4951594248688467E7
180900	-1.495570107352892E7
181000	-1.495192761194878E7
181100	-1.4949535748399032E7
181200	-1.4954158453966867E7
181300	-1.4953880185696324E7
181400	-1.4954887532094803E7
181500	-1.4953345439819798E7
181600	-1.495126811030185E7
181700	-1.4957632290265337E7
181800	-1.4953650773196736E7
181900	-1.4951152019531017E7
182000	-1.4949697284403762E7
182100	-1.4952941929706205E7
182200	-1.4952957455247017E7
182300	-1.4948618105396233E7
182400	-1.4953061035098389E7
182500	-1.49550762228558E7
182600	-1.4952335791654782E7
182700	-1.495103880177262E7
182800	-1.4952280139139153E7
182900	-1.495283710507309E7
183000	-1.4958648188042417E7
183100	-1.4953615040537687E7
183200	-1.4954826732395243E7
183300	-1.495574983015118E7
183400	-1.495524946277871E7
183500	-1.4954464238486288E7
183600	-1.4948191146484284E7
183700	-1.494921335489369E7
183800	-1.4950871758734968E7
183900	-1.4948666962478824E7
184000	-1.494790812567023E7
184100	-1.4951787767769963E7
184200	-1.4955339583955E7
184300	-1.4952854532873096E7
184400	-1.4951419756209923E7
184500	-1.4954925779891934E7
184600	-1.4950820576876018E7
184700	-1.495838132499639E7
184800	-1.495266658529522E7
184900	-1.4953711448813375E7
185000	-1.495196747120132E7
185100	-1.495110931979516E7
185200	-1.4951685632230228E7
185300	-1.4951213211167388E7
185400	-1.494952992547171E7
185500	-1.4953353833531857E7
185600	-1.4948996024150955E7
185700	-1.4953316496913506E7
185800	-1.4955745065173186E7
185900	-1.4951106388499994E7
186000	-1.4956249471567493E7
186100	-1.4952296389163936E7
186200	-1.4956529428966915E7
186300	-1.4952692644893214E7
186400	-1.4953257652073966E7
186500	-1.4951841995866952E7
186600	-1.4956263564446172E7
186700	-1.4952647404228404E7
186800	-1.495552869749198E7
186900	-1.495420532921083E7
187000	-1.4953361803231481E7
187100	-1.495359425116329E7
187200	-1.4957071937779956E7
187300	-1.495113391475095E7
187400	-1.4954987816945603E7
187500	-1.4951939227525076E7
187600	-1.4952757466355702E7
187700	-1.4954217471443174E7
187800	-1.4961087584333248E7
187900	-1.495810094264001E7
188000	-1.4955794139174452E7
188100	-1.4952865094563369E7
188200	-1.4952773276390705E7
188300	-1.4955177395021584E7
188400	-1.494817477928148E7
188500	-1.4950402850511346E7
188600	-1.4952367316659754E7
188700	-1.4957180060256373E7
188800	-1.4955494170276929E7
188900	-1.495164973986491E7
189000	-1.4951808114087192E7
189100	-1.4945760496602684E7
189200	-1.4951871494668694E7
189300	-1.494730697044874E7
189400	-1.4953827730986025E7
189500	-1.4954202798463384E7
189600	-1.495302566934596E7
189700	-1.494686353767862E7
189800	-1.4951166461352695E7
189900	-1.4952027562776353E7
190000	-1.49527980341997E7
190100	-1.4950669978461336E7
190200	-1.4952913513027618E7
190300	-1.4952349023617983E7
190400	-1.4949549817361526E7
190500	-1.495830141745242E7
190600	-1.495408356602779E7
190700	-1.4953682537707832E7
190800	-1.4960999544570208E7
190900	-1.4956322709149867E7
191000	-1.49599342798534E7
191100	-1.4952610253209533E7
191200	-1.4951380256380025E7
191300	-1.4954853018514844E7
191400	-1.4954740845434899E7
191500	-1.4954634123374635E7
191600	-1.4954873354303287E7
191700	-1.4955386977919877E7
191800	-1.4953822608418146E7
191900	-1.4959591095802162E7
192000	-1.4954473806165326E7
192100	-1.4958279306766277E7
192200	-1.4951925614185449E7
192300	-1.4957925304128889E7
192400	-1.4956571942395277E7
192500	-1.4950416209649585E7
192600	-1.4955522526660407E7
192700	-1.4953341201084467E7
192800	-1.4949817782707876E7
192900	-1.4952419732144505E7
193000	-1.4952694536149453E7
193100	-1.4955682949136108E7
193200	-1.4953384288222274E7
193300	-1.4956491159652263E7
193400	-1.4953448348697513E7
193500	-1.4952347718176348E7
193600	-1.4952907284686787E7
193700	-1.4949849401319291E7
193800	-1.4952318814342033E7
193900	-1.4948976838653602E7
194000	-1.4950984935469134E7
194100	-1.4952362596118996E7
194200	-1.495223068709938E7
194300	-1.495585616800229E7
194400	-1.4954335058513999E7
194500	-1.4953739164903183E7
194600	-1.4951894161914138E7
194700	-1.4947192722175166E7
194800	-1.4953155926399833E7
194900	-1.494950981952659E7
195000	-1.4955523352884835E7
195100	-1.4952362284957496E7
195200	-1.4946796254345166E7
195300	-1.4952446561152171E7
195400	-1.4951536128156506E7
195500	-1.4949714170904245E7
195600	-1.4950218958373733E7
195700	-1.4950844315768624E7
195800	-1.4949588316300958E7
195900	-1.4952746154794367E7
196000	-1.4953795814663185E7
196100	-1.4956498828488458E7
196200	-1.495239858864139E7
196300	-1.4957377261080686E7
196400	-1.4958510547453536E7
196500	-1.495670836273525E7
196600	-1.4946299234911663E7
196700	-1.4954664225867698E7
196800	-1.4945839948042514E7
196900	-1.4950610406522814E7
197000	-1.4951332855953872E7
197100	-1.4951297987689696E7
197200	-1.4945407475039573E7
197300	-1.4947779692490727E7
197400	-1.4945634812955748E7
197500	-1.4947065571329895E7
197600	-1.4950480170586418E7
197700	-1.4948836551570218E7
197800	-1.4949572614141857E7
197900	-1.494916581233064E7
198000	-1.4946096981330229E7
198100	-1.495226444058031E7
198200	-1.4956050344099052E7
198300	-1.495444913308601E7
198400	-1.4951100615967399E7
198500	-1.4950636385111019E7
198600	-1.4951842015710957E7
198700	-1.4956305950925417E7
198800	-1.4956099313232047E7
198900	-1.495421689037799E7
199000	-1.4949941101414409E7
199100	-1.4953625859828994E7
199200	-1.4950539861899622E7
199300	-1.4957106059436044E7
199400	-1.4953622182309585E7
199500	-1.495161387550006E7
199600	-1.495618316649898E7
199700	-1.4952749978874862E7
199800	-1.49498855690347E7
199900	-1.495156753535196E7
200000	-1.4952277627506863E7
200100	-1.4951080839263108E7
200200	-1.495029191982216E7
200300	-1.4953918484697208E7
200400	-1.49520407044639E7
200500	-1.4952037086034473E7
200600	-1.4957725781743549E7
200700	-1.4953911757365346E7
200800	-1.495655826133229E7
200900	-1.4957588145638604E7
201000	-1.4957519300834356E7
201100	-1.4954210533041816E7
201200	-1.495579591164495E7
201300	-1.4952015744378082E7
201400	-1.495077235728812E7
201500	-1.4952521606638066E7
201600	-1.4954623623441877E7
201700	-1.4954485209532265E7
201800	-1.4957130689686067E7
201900	-1.4950764479677284E7
202000	-1.4947030003747096E7
202100	-1.495081922578665E7
202200	-1.4949631272720566E7
202300	-1.4951035931303691E7
202400	-1.495547685689621E7
202500	-1.4951175861935334E7
202600	-1.4952058083447972E7
202700	-1.4955618131898385E7
202800	-1.4953899272039538E7
202900	-1.495192844572983E7
203000	-1.4959225221881934E7
203100	-1.4950825507226907E7
203200	-1.495527708865171E7
203300	-1.4957424334952936E7
203400	-1.4950989967710113E7
203500	-1.4951246690900484E7
203600	-1.4953026670608195E7
203700	-1.4954342824374365E7
203800	-1.4952269757654289E7
203900	-1.4950709863428451E7
204000	-1.4944353666049507E7
204100	-1.4945921144992793E7
204200	-1.4945349800985115E7
204300	-1.4949331635554248E7
204400	-1.4951087468910858E7
204500	-1.4948791871929951E7
204600	-1.4947437658766117E7
204700	-1.4948825269300515E7
204800	-1.4946125482447932E7
204900	-1.494775220805282E7
205000	-1.4946786616456393E7
205100	-1.4943243071553256E7
205200	-1.4946213076154865E7
205300	-1.494924588983571E7
205400	-1.4949875418840846E7
205500	-1.4951925081872096E7
205600	-1.4950856476051133E7
205700	-1.4949295199340636E7
205800	-1.4946613138891181E7
205900	-1.4952008936034348E7
206000	-1.495354184874892E7
206100	-1.4955606882748898E7
206200	-1.495515863777807E7
206300	-1.4951821893555908E7
206400	-1.4954588931397587E7
206500	-1.4950906350999404E7
206600	-1.4949449774253286E7
206700	-1.4946963871935885E7
206800	-1.4948101745665655E7
206900	-1.4953726696655575E7
207000	-1.4951165527276762E7
207100	-1.4958791075753445E7
207200	-1.4947942366962977E7
207300	-1.4948447034463802E7
207400	-1.4951523199970325E7
207500	-1.494594188727678E7
207600	-1.4948739953021642E7
207700	-1.4950674305589313E7
207800	-1.4953987442878002E7
207900	-1.4953983796538452E7
208000	-1.495039931481804E7
208100	-1.4947009415458472E7
208200	-1.4950419638536202E7
208300	-1.4945472580392908E7
208400	-1.4947694482485065E7
208500	-1.4954283250928413E7
208600	-1.4948990997216798E7
208700	-1.4948095205947742E7
208800	-1.4948591510840436E7
208900	-1.4955168572542762E7
209000	-1.4953059490071153E7
209100	-1.4948220098395376E7
209200	-1.4951624527729964E7
209300	-1.4952028729973137E7
209400	-1.4949274821929153E7
209500	-1.494900208229914E7
209600	-1.494785050610283E7
209700	-1.4949015437543318E7
209800	-1.494900856504159E7
209900	-1.4950311351444539E7
210000	-1.4951233232019948E7
210100	-1.4950347311367707E7
210200	-1.4947417724313872E7
210300	-1.4949953537628677E7
210400	-1.495004749137619E7
210500	-1.494627435216484E7
210600	-1.495128770847196E7
210700	-1.4955499294645136E7
210800	-1.4954467120340712E7
210900	-1.4951936674376633E7
211000	-1.4952087076765537E7
211100	-1.4949910531245572E7
211200	-1.49559644688123E7
211300	-1.4954575021448258E7
211400	-1.495358231714836E7
211500	-1.4950697571233068E7
211600	-1.4951704143662317E7
211700	-1.4949714578151742E7
211800	-1.4950365092211958E7
211900	-1.4950603730482258E7
212000	-1.494886351861289E7
212100	-1.4950487688263379E7
212200	-1.4948479869553817E7
212300	-1.495179762051979E7
212400	-1.4948619502579467E7
212500	-1.4953210468585838E7
212600	-1.4947415154183183E7
212700	-1.4950251976829523E7
212800	-1.4956034798835523E7
212900	-1.495383830638914E7
213000	-1.4953668794255527E7
213100	-1.4951133130023347E7
213200	-1.4949584157062147E7
213300	-1.4947671809255902E7
213400	-1.4953193072325978E7
213500	-1.4951516496342761E7
213600	-1.4951468025844354E7
213700	-1.4948908968600903E7
213800	-1.494669848194661E7
213900	-1.4944442364935864E7
214000	-1.4945182622031799E7
214100	-1.4953810614952838E7
214200	-1.49513274283027E7
214300	-1.4953659103510665E7
214400	-1.49538244514839E7
214500	-1.4949286009876832E7
214600	-1.495080131650628E7
214700	-1.4949512960427824E7
214800	-1.4948961955628214E7
214900	-1.4955910426640315E7
215000	-1.4953167872720312E7
215100	-1.4949327538336493E7
215200	-1.4953419568468878E7
215300	-1.4951719746918637E7
215400	-1.494934725222059E7
215500	-1.4947655306935601E7
215600	-1.4946401014152652E7
215700	-1.4948577777903313E7
215800	-1.4948841221974516E7
215900	-1.4946611601052368E7
216000	-1.4947130116377676E7
216100	-1.4954059024731524E7
216200	-1.49522676094013E7
216300	-1.4957427634368474E7
216400	-1.4951588581376849E7
216500	-1.4952977469687764E7
216600	-1.4954219202913905E7
216700	-1.4954024113864511E7
216800	-1.495087905711127E7
216900	-1.495248932673394E7
217000	-1.4957917893116621E7
217100	-1.4954935415221062E7
217200	-1.4955172114081444E7
217300	-1.4954068576361978E7
217400	-1.4959367523520473E7
217500	-1.4958266905407576E7
217600	-1.4960932507454025E7
217700	-1.4955281498571653E7
217800	-1.495594407367608E7
217900	-1.4958882457509045E7
218000	-1.4950923403702581E7
218100	-1.4952799412408005E7
218200	-1.4953207128308997E7
218300	-1.4954953816166406E7
218400	-1.4959558662433714E7
218500	-1.4959907187821008E7
218600	-1.4957007416047508E7
218700	-1.495183888382048E7
218800	-1.4956645285370363E7
218900	-1.4951248047699098E7
219000	-1.4955049273208695E7
219100	-1.4952095870049959E7
219200	-1.4955378539110778E7
219300	-1.4949409053401018E7
219400	-1.4953297393551305E7
219500	-1.4951633294708198E7
219600	-1.4952681859570237E7
219700	-1.4957328596234892E7
219800	-1.4946973761649188E7
219900	-1.4943674533917481E7
220000	-1.4951268708027028E7
220100	-1.495668766256872E7
220200	-1.4957741353888031E7
220300	-1.4957715641517647E7
220400	-1.4959065393864254E7
220500	-1.4956671988977835E7
220600	-1.4955486754715014E7
220700	-1.4958082489138851E7
220800	-1.4959762497601565E7
220900	-1.4949840904456977E7
221000	-1.495309568567254E7
221100	-1.4952264451188229E7
221200	-1.4951424043145597E7
221300	-1.495214723997292E7
221400	-1.4951563518845525E7
221500	-1.4949989877716228E7
221600	-1.4952906525623145E7
221700	-1.4953176942586767E7
221800	-1.4951352005617624E7
221900	-1.4957609071206128E7
222000	-1.4952511283839138E7
222100	-1.495206221320051E7
222200	-1.4953068122723026E7
222300	-1.4951870566077566E7
222400	-1.4957139733940957E7
222500	-1.4954834928118734E7
222600	-1.4957081733526831E7
222700	-1.4952411783090094E7
222800	-1.4950998166607235E7
222900	-1.495406391616544E7
223000	-1.4956236544899823E7
223100	-1.4950862382429322E7
223200	-1.4948015599206975E7
223300	-1.4951050959224893E7
223400	-1.4956619475515457E7
223500	-1.4956784064678095E7
223600	-1.4956007412921501E7
223700	-1.4947754516513672E7
223800	-1.4954251345341176E7
223900	-1.4954500195486527E7
224000	-1.495362379021898E7
224100	-1.4956271752986785E7
224200	-1.495400216379281E7
224300	-1.4960577065947609E7
224400	-1.4957071353145313E7
224500	-1.4952853306776777E7
224600	-1.4960604584272591E7
224700	-1.495479608138162E7
224800	-1.495304348800626E7
224900	-1.4956197406225035E7
225000	-1.4955480181245558E7
225100	-1.495717583939048E7
225200	-1.4957501254246203E7
225300	-1.4953377995905742E7
225400	-1.4953736490514357E7
225500	-1.4961168860673245E7
225600	-1.496095852473331E7
225700	-1.4955278049201654E7
225800	-1.4958088655609492E7
225900	-1.4953843753488531E7
226000	-1.4952101656245707E7
226100	-1.4958080457750976E7
226200	-1.4954890637646554E7
226300	-1.495940068013235E7
226400	-1.4962427879760789E7
226500	-1.4959679884812266E7
226600	-1.4955561199895568E7
226700	-1.4956080815170694E7
226800	-1.4957658158803727E7
226900	-1.49580570481169E7
227000	-1.4958150918719834E7
227100	-1.4957063839966053E7
227200	-1.495872153900642E7
227300	-1.4955324323025053E7
227400	-1.4955952421175804E7
227500	-1.4956521174317405E7
227600	-1.495566099628484E7
227700	-1.495134997897739E7
227800	-1.49522714853574E7
227900	-1.4954825816446379E7
228000	-1.49586307609271E7
228100	-1.495531138105999E7
228200	-1.4955393580183808E7
228300	-1.4959232180692874E7
228400	-1.496061469857861E7
228500	-1.4954860888616852E7
228600	-1.4955120451807927E7
228700	-1.4951978981296828E7
228800	-1.4949610311221084E7
228900	-1.4951872887644004E7
229000	-1.4953653313216068E7
229100	-1.4949890743776975E7
229200	-1.4958324211946584E7
229300	-1.4955315772595257E7
229400	-1.4956484266061595E7
229500	-1.49484512316515E7
229600	-1.4956343484562324E7
229700	-1.4950982607083276E7
229800	-1.4950338801143328E7
229900	-1.4951462798144469E7
230000	-1.4950694282719508E7
230100	-1.4950260617867047E7
230200	-1.4953858499854693E7
230300	-1.4949059400549121E7
230400	-1.4950335134480158E7
230500	-1.4953008692910971E7
230600	-1.495133704262493E7
230700	-1.4952455282917012E7
230800	-1.495042748499759E7
230900	-1.495152850043206E7
231000	-1.4947570605901929E7
231100	-1.4950861968410164E7
231200	-1.4953396423945006E7
231300	-1.4947282802131401E7
231400	-1.4952559664736038E7
231500	-1.4949826105798284E7
231600	-1.4953554524595194E7
231700	-1.4957062243056912E7
231800	-1.4953255771275269E7
231900	-1.4953012245078076E7
232000	-1.4955155062548108E7
232100	-1.4954990394938407E7
232200	-1.4954091229745865E7
232300	-1.4952811085666927E7
232400	-1.4951439407213718E7
232500	-1.4953254256029848E7
232600	-1.4957871723638218E7
232700	-1.4954207396788055E7
232800	-1.495076857163245E7
232900	-1.4953858277424758E7
233000	-1.4954170995260324E7
233100	-1.4952102528135343E7
233200	-1.4959114546289396E7
233300	-1.495780809080427E7
233400	-1.496603180308574E7
233500	-1.4960942856485102E7
233600	-1.4962903353551537E7
233700	-1.4962560231193738E7
233800	-1.4953386972285848E7
233900	-1.4957575046800619E7
234000	-1.4953255660426876E7
234100	-1.495216403913997E7
234200	-1.4957097431512808E7
234300	-1.495540662892503E7
234400	-1.4951378406337667E7
234500	-1.4952352555233072E7
234600	-1.4959276966932343E7
234700	-1.495549280587412E7
234800	-1.4956439093715638E7
234900	-1.4954945296038168E7
235000	-1.4956294463086234E7
235100	-1.4955083089119902E7
235200	-1.4955383044076955E7
235300	-1.4957415021174323E7
235400	-1.495226496397664E7
235500	-1.4951879514939563E7
235600	-1.4957194888974313E7
235700	-1.4956824898846615E7
235800	-1.4954954264078077E7
235900	-1.4949423938319648E7
236000	-1.4958722111153955E7
236100	-1.4953944696979076E7
236200	-1.4953967863893123E7
236300	-1.4951013914533699E7
236400	-1.4947953116627716E7
236500	-1.4952745764836783E7
236600	-1.4953982002219938E7
236700	-1.4949246190367576E7
236800	-1.494929141009737E7
236900	-1.4953436512600927E7
237000	-1.495336078039671E7
237100	-1.4951295758570042E7
237200	-1.4950492842153236E7
237300	-1.495113199638839E7
237400	-1.49524206503831E7
237500	-1.4952431437554287E7
237600	-1.4960290131815644E7
237700	-1.495160566738992E7
237800	-1.4948997677092822E7
237900	-1.4954685395149043E7
238000	-1.4949757195526814E7
238100	-1.4955814593654359E7
238200	-1.4952461654692631E7
238300	-1.4950971173506632E7
238400	-1.4953318580157112E7
238500	-1.4955118901618896E7
238600	-1.4949065228092259E7
238700	-1.4948798245573122E7
238800	-1.4950477576548036E7
238900	-1.4950296462541545E7
239000	-1.4953261974240702E7
239100	-1.495570522774587E7
239200	-1.4953657005398316E7
239300	-1.4956550235818768E7
239400	-1.4956517698758299E7
239500	-1.4957260698021552E7
239600	-1.4948322881153569E7
239700	-1.495526993541631E7
239800	-1.4959081441944255E7
239900	-1.4952310318265868E7
240000	-1.4954827129330719E7
240100	-1.4952232950201888E7
240200	-1.495262713078309E7
240300	-1.4950569253499214E7
240400	-1.495430239657777E7
240500	-1.4956459193701964E7
240600	-1.4952396393489545E7
240700	-1.4946600447794877E7
240800	-1.4951139508998714E7
240900	-1.4949897835279536E7
241000	-1.4951383627397155E7
241100	-1.4955047952378891E7
241200	-1.495345016009338E7
241300	-1.4950281215318428E7
241400	-1.4950204344309496E7
241500	-1.4949306120116504E7
241600	-1.4947556865161972E7
241700	-1.4949396741816517E7
241800	-1.4956534894705452E7
241900	-1.495126094201917E7
242000	-1.4950289195700834E7
242100	-1.4953093278143488E7
242200	-1.4956812792252965E7
242300	-1.4956442341349348E7
242400	-1.495110920549779E7
242500	-1.4949287589546507E7
242600	-1.495169931483754E7
242700	-1.4952193204749666E7
242800	-1.4953505267480748E7
242900	-1.4949039552015796E7
243000	-1.494635913690311E7
243100	-1.4950427087609474E7
243200	-1.4949744019565582E7
243300	-1.49502444393676E7
243400	-1.495018513859783E7
243500	-1.4947841083696416E7
243600	-1.4946201500852259E7
243700	-1.4953117267659828E7
243800	-1.4950648208738286E7
243900	-1.4945289627871267E7
244000	-1.4949637330588285E7
244100	-1.4946416831882844E7
244200	-1.4949166827438636E7
244300	-1.4950364170717536E7
244400	-1.4948171689834813E7
244500	-1.4949509377260247E7
244600	-1.494841886061621E7
244700	-1.4951797220269479E7
244800	-1.4948691261536352E7
244900	-1.4945622932775654E7
245000	-1.4943801434650106E7
245100	-1.494585498400318E7
245200	-1.4946379475164086E7
245300	-1.4946970941098558E7
245400	-1.4942538596973296E7
245500	-1.494227884678563E7
245600	-1.4948309999790078E7
245700	-1.4954648615927992E7
245800	-1.495275257116442E7
245900	-1.4945694101171784E7
246000	-1.4950381955621563E7
246100	-1.4946167096032927E7
246200	-1.4958463124771586E7
246300	-1.4951248788823545E7
246400	-1.495117011167332E7
246500	-1.4948433191622498E7
246600	-1.4950405362229584E7
246700	-1.4953673122198407E7
246800	-1.4951983316777883E7
246900	-1.4953211485894855E7
247000	-1.4955704825211989E7
247100	-1.4958777551583227E7
247200	-1.4954997611843826E7
247300	-1.4957166538850144E7
247400	-1.4951685989150956E7
247500	-1.4952236399300156E7
247600	-1.4953259170072194E7
247700	-1.4951112443406282E7
247800	-1.495089947890914E7
247900	-1.4950984133217644E7
248000	-1.4949774576126287E7
248100	-1.495297326071817E7
248200	-1.495233415736915E7
248300	-1.4950717984898401E7
248400	-1.4950718573684053E7
248500	-1.4951143668156082E7
248600	-1.4958870666529007E7
248700	-1.494747757085174E7
248800	-1.4950563873320635E7
248900	-1.4951229864812177E7
249000	-1.495115051008738E7
249100	-1.4949844700973734E7
249200	-1.4950410123825498E7
249300	-1.495333166325429E7
249400	-1.49501511621159E7
249500	-1.4950423333445476E7
249600	-1.4950756839323344E7
249700	-1.4949378337516971E7
249800	-1.4949885129769051E7
249900	-1.4950757017277636E7
250000	-1.4950022069577955E7
250100	-1.4952757658131264E7
250200	-1.4956064627818033E7
250300	-1.495356020597701E7
250400	-1.495379926286182E7
250500	-1.4954359114861887E7
250600	-1.4954160636533964E7
250700	-1.4954318262089653E7
250800	-1.4956314500505753E7
250900	-1.4952829717264825E7
251000	-1.4953637054642957E7
251100	-1.4945110043532668E7
251200	-1.49496552189188E7
251300	-1.4954936454236595E7
251400	-1.495256591530146E7
251500	-1.4954461242892595E7
251600	-1.4951621774875699E7
251700	-1.4951310677521922E7
251800	-1.4951053524053207E7
251900	-1.495327373092396E7
252000	-1.4949844305662034E7
252100	-1.4951451231448097E7
252200	-1.4951266205682265E7
252300	-1.4957179228512617E7
252400	-1.4953018940775063E7
252500	-1.4954456092142586E7
252600	-1.4952892140096016E7
252700	-1.4955336649030037E7
252800	-1.4951455270864017E7
252900	-1.4950929596794903E7
253000	-1.4950879335843537E7
253100	-1.4951393726816528E7
253200	-1.4955145064735869E7
253300	-1.4952311407863222E7
253400	-1.4951643306175709E7
253500	-1.4949162902022555E7
253600	-1.4951393944462E7
253700	-1.4957971243820755E7
253800	-1.4954902142638758E7
253900	-1.4956029217651865E7
254000	-1.4952952353942826E7
254100	-1.4953398137506057E7
254200	-1.4956036072482856E7
254300	-1.4955272571163906E7
254400	-1.4955541746809399E7
254500	-1.495200128498486E7
254600	-1.4953816058773056E7
254700	-1.4951564605661228E7
254800	-1.4953731483107282E7
254900	-1.4955016938472997E7
255000	-1.4953840372173997E7
255100	-1.4954714185790522E7
255200	-1.4948816602499956E7
255300	-1.4950664565728877E7
255400	-1.4951241707712576E7
255500	-1.4946602301014658E7
255600	-1.4945807252080426E7
255700	-1.4947140829162419E7
255800	-1.4948404574052243E7
255900	-1.4948239289468328E7
256000	-1.4948641247212661E7
256100	-1.4946712570714626E7
256200	-1.4955472136324765E7
256300	-1.4949830462228639E7
256400	-1.4953455370543871E7
256500	-1.4955151753011724E7
256600	-1.495484296442646E7
256700	-1.4949699751319002E7
256800	-1.495653206710593E7
256900	-1.4952793413483087E7
257000	-1.4950658669453008E7
257100	-1.4953001685595026E7
257200	-1.495270449185312E7
257300	-1.4953760962985935E7
257400	-1.4951620349017233E7
257500	-1.4946942272344755E7
257600	-1.4948890708120221E7
