0	-7.791224952516907E9
100	-7.775446268556805E9
200	-7.721544230287488E9
300	-7.679090388619397E9
400	-7.64033353290705E9
500	-7.604980602044574E9
600	-7.579233904156134E9
700	-7.552523610766253E9
800	-7.53271831859757E9
900	-7.517313451119304E9
1000	-7.505330288612247E9
1100	-7.496659696934978E9
1200	-7.489947369188693E9
1300	-7.484747119062607E9
1400	-7.48163635395877E9
1500	-7.479719717863082E9
1600	-7.477740282340377E9
1700	-7.475336119257847E9
1800	-7.472719329912012E9
1900	-7.4698883577689495E9
2000	-7.466800758997786E9
2100	-7.463919033599831E9
2200	-7.460708963539586E9
2300	-7.4578711125448675E9
2400	-7.454899130914279E9
2500	-7.452403294926978E9
2600	-7.450810483772117E9
2700	-7.44985926587162E9
2800	-7.449064837359886E9
2900	-7.448309369445779E9
3000	-7.447554658135253E9
3100	-7.447059958339947E9
3200	-7.446619796407559E9
3300	-7.446313352553313E9
3400	-7.4459848427771E9
3500	-7.445502378114602E9
3600	-7.444522132673524E9
3700	-7.442833895794288E9
3800	-7.440368750513216E9
3900	-7.438580146595981E9
4000	-7.437842161582519E9
4100	-7.4372519833812E9
4200	-7.436415181507027E9
4300	-7.435239669574427E9
4400	-7.433413919861726E9
4500	-7.430912567280669E9
4600	-7.427900181196456E9
4700	-7.424887103154825E9
4800	-7.422473074173475E9
4900	-7.420612746370896E9
5000	-7.418940574271162E9
5100	-7.417159434131921E9
5200	-7.415534203398649E9
5300	-7.414208481351966E9
5400	-7.412563946438906E9
5500	-7.410657029583958E9
5600	-7.408970105535921E9
5700	-7.407424341821774E9
5800	-7.406139122046588E9
5900	-7.404913149316363E9
6000	-7.403780210179303E9
6100	-7.402548043225723E9
6200	-7.401282596053551E9
6300	-7.400000626331024E9
6400	-7.398753808570829E9
6500	-7.396826862147949E9
6600	-7.394720233015227E9
6700	-7.392889699273384E9
6800	-7.391577229549694E9
6900	-7.390283636999722E9
7000	-7.388861327190968E9
7100	-7.386874955300642E9
7200	-7.384399266372937E9
7300	-7.381817441432156E9
7400	-7.379407299042138E9
7500	-7.377114157855119E9
7600	-7.374987832359793E9
7700	-7.372975402540402E9
7800	-7.371347597821266E9
7900	-7.369877932508137E9
8000	-7.368630359458642E9
8100	-7.367703459096129E9
8200	-7.367092517771974E9
8300	-7.366710038146347E9
8400	-7.366495804557681E9
8500	-7.366227739846502E9
8600	-7.365887651212564E9
8700	-7.365497143758774E9
8800	-7.365061107377089E9
8900	-7.364575968181371E9
9000	-7.363897345472615E9
9100	-7.363278144780608E9
9200	-7.362743036172785E9
9300	-7.36213630639236E9
9400	-7.361614744617234E9
9500	-7.361193917507138E9
9600	-7.360770243078253E9
9700	-7.360362091762631E9
9800	-7.360047932919539E9
9900	-7.3597849209616585E9
10000	-7.359375782049171E9
10100	-7.358904208753769E9
10200	-7.358395544969975E9
10300	-7.357935276252704E9
10400	-7.357577389872289E9
10500	-7.357112871442004E9
10600	-7.356685408579774E9
10700	-7.356227007157684E9
10800	-7.35576400560964E9
10900	-7.355248309959842E9
11000	-7.354701767360626E9
11100	-7.354181536757131E9
11200	-7.353575245173554E9
11300	-7.353132279608989E9
11400	-7.352688561037623E9
11500	-7.352172060850453E9
11600	-7.3514613431299515E9
11700	-7.350626978454269E9
11800	-7.349682288092145E9
11900	-7.348723793985909E9
12000	-7.347646794599301E9
12100	-7.346445848259329E9
12200	-7.345342864351104E9
12300	-7.344232373147169E9
12400	-7.343230265179502E9
12500	-7.342131377432005E9
12600	-7.341090681775734E9
12700	-7.340039574170028E9
12800	-7.339061146523396E9
12900	-7.338215735195787E9
13000	-7.337357684568669E9
13100	-7.3367323258449335E9
13200	-7.336212654857897E9
13300	-7.335776994118442E9
13400	-7.3353901026486025E9
13500	-7.334988312364931E9
13600	-7.334621675994104E9
13700	-7.3342125310311775E9
13800	-7.333734532720806E9
13900	-7.333275294380641E9
14000	-7.332665974281862E9
14100	-7.33199857536616E9
14200	-7.331151080584098E9
14300	-7.330279287733959E9
14400	-7.329377438961685E9
14500	-7.328349400199667E9
14600	-7.327310172343823E9
14700	-7.326088415981724E9
14800	-7.324621263774131E9
14900	-7.323239312434572E9
15000	-7.3218109835960655E9
15100	-7.320528202145043E9
15200	-7.319351547407234E9
15300	-7.318156043322969E9
15400	-7.316969129883313E9
15500	-7.315768884373611E9
15600	-7.314666476711245E9
15700	-7.313582591932534E9
15800	-7.312610797078062E9
15900	-7.31177794186463E9
16000	-7.311011897824028E9
16100	-7.310192106400077E9
16200	-7.30950583508209E9
16300	-7.308845837693704E9
16400	-7.308174700756244E9
16500	-7.307626307634921E9
16600	-7.307007680313472E9
16700	-7.306489900095715E9
16800	-7.306000224782836E9
16900	-7.30579776700622E9
17000	-7.305557716796207E9
17100	-7.305429338094997E9
17200	-7.305339913966831E9
17300	-7.305197057450823E9
17400	-7.305034228018574E9
17500	-7.304849540515728E9
17600	-7.304478301414302E9
17700	-7.3041163827987385E9
17800	-7.303770932526501E9
17900	-7.303361181167112E9
18000	-7.302879459634111E9
18100	-7.302376851699024E9
18200	-7.301886376021467E9
18300	-7.301259852614442E9
18400	-7.300733605724999E9
18500	-7.300160158896577E9
18600	-7.299602326020157E9
18700	-7.299089713037476E9
18800	-7.298536887951593E9
18900	-7.297926012240545E9
19000	-7.297338255386766E9
19100	-7.296680070122668E9
19200	-7.29605858747072E9
19300	-7.295401354804809E9
19400	-7.294747944582752E9
19500	-7.294070345698896E9
19600	-7.293387780297174E9
19700	-7.292743181567119E9
19800	-7.292077526837624E9
19900	-7.291477026779739E9
20000	-7.29082712595905E9
20100	-7.290228162699626E9
20200	-7.289503565771412E9
20300	-7.288868519970517E9
20400	-7.28822423069637E9
20500	-7.287716801398169E9
20600	-7.287350998154607E9
20700	-7.28705850974471E9
20800	-7.286589786615604E9
20900	-7.285993989930997E9
21000	-7.285155223064126E9
21100	-7.283957337349165E9
21200	-7.28276327773828E9
21300	-7.281710258813376E9
21400	-7.280775655628058E9
21500	-7.279963397831183E9
21600	-7.279391941310007E9
21700	-7.278867240155325E9
21800	-7.278367909622126E9
21900	-7.27789077572491E9
22000	-7.277519630665159E9
22100	-7.277088389958288E9
22200	-7.276577069269365E9
22300	-7.276128485159616E9
22400	-7.275615989893813E9
22500	-7.275174836452593E9
22600	-7.274599983800937E9
22700	-7.274142537844947E9
22800	-7.273560787921003E9
22900	-7.2729780534039955E9
23000	-7.27230734622817E9
23100	-7.271619320054529E9
23200	-7.270868740021104E9
23300	-7.270116132668471E9
23400	-7.269290734985395E9
23500	-7.268477294496616E9
23600	-7.267788718562261E9
23700	-7.267109211705803E9
23800	-7.266469484125482E9
23900	-7.265876294442332E9
24000	-7.26520245533881E9
24100	-7.264475713970034E9
24200	-7.263614963341541E9
24300	-7.262662507295283E9
24400	-7.261661382176199E9
24500	-7.260638012992234E9
24600	-7.259650859647528E9
24700	-7.258843268390706E9
24800	-7.258019475475476E9
24900	-7.257203693420951E9
25000	-7.256519265664947E9
