iteration	timestamp	zTotalTime	phiTotalTime	typeTokenDensity	documentDensity	z-0	countUpdate-0	phiDensity
0	1601272763840	0	0	0.001	0.0	0	0	0.9890560947524264
100	1601272774339	21	4	0.0010945879256456653	0.0011264309764309763	7	13	0.9890190820858694
200	1601272784071	22	5	0.001267313702911663	0.0015114478114478115	8	13	0.988768218456983
300	1601272793972	22	6	0.0015134068103306465	0.0020681818181818184	9	12	0.9885777265997697
400	1601272804363	24	6	0.0017562099029445632	0.002543602693602694	10	13	0.9883883862477381
500	1601272815146	25	7	0.00200690903109064	0.0029170033670033674	10	15	0.9881544661950978
600	1601272825725	24	7	0.0021975653890442507	0.003255050505050505	11	13	0.987901299555848
700	1601272836917	27	7	0.002385096232933048	0.0035213804713804717	12	14	0.9878183911827603
800	1601272847961	25	7	0.0025069912814607667	0.003726262626262626	11	14	0.9876367823655207
900	1601272858631	25	8	0.002596479684158579	0.003916666666666666	12	13	0.9875477874650436
1000	1601272890427	26	7	0.0026719855239348577	0.004106397306397306	13	13	0.9874591215660471
1100	1601272941094	26	7	0.0027409113341010033	0.004214646464646464	12	13	0.9873995722980753
1200	1601272991456	25	7	0.0027762789932554697	0.00428030303030303	12	13	0.9873345945056753
1300	1601273041726	27	7	0.002809672643526896	0.004361784511784512	13	13	0.9873829577233098
1400	1601273091949	26	7	0.0028378022701102154	0.004442592592592593	13	13	0.9872683007073532
1500	1601273115242	27	8	0.002862806382628722	0.004475757575757576	13	14	0.9873619016285573
1600	1601273125918	27	7	0.0029091955913801613	0.004528282828282828	13	14	0.9872822832702747
1700	1601273136604	27	7	0.002928113176509294	0.004583164983164983	13	14	0.9872145089652904
1800	1601273147279	27	8	0.0029499917749629873	0.0046543771043771045	13	14	0.9872143444645501
1900	1601273157996	27	6	0.0029738443822997203	0.004694107744107744	13	14	0.9871756867905905
2000	1601273168721	27	8	0.0029972034874156932	0.00472996632996633	13	14	0.9871689422602402
2100	1601273179444	27	8	0.00300592202664912	0.004765151515151515	14	13	0.9871779898009541
2200	1601273190170	27	7	0.0030148050666228	0.004813636363636364	13	14	0.9870985359434118
2300	1601273200927	27	6	0.003029774633985853	0.004816161616161616	13	13	0.9871006744530351
2400	1601273211645	28	7	0.003043263694686626	0.004850841750841751	14	14	0.9871551241980588
2500	1601273222398	27	7	0.0030500082250370128	0.004896296296296296	12	14	0.9870945879256456
2600	1601273233205	28	13	0.003075999341997039	0.004938215488215488	14	13	0.9870054285244284
2700	1601273243959	34	7	0.0030937654219443987	0.00497996632996633	20	14	0.9871197565389044
2800	1601273254743	35	7	0.0031085704885671986	0.00500976430976431	21	14	0.9870442506991282
2900	1601273265508	28	7	0.003126994571475572	0.005048989898989899	14	14	0.9870942589241651
3000	1601273276345	27	7	0.0031309425892416514	0.005077777777777777	13	14	0.9870435926961671
3100	1601273287236	28	7	0.003130120085540385	0.0051087542087542084	14	14	0.9870944234249054
3200	1601273298051	28	7	0.0031478861654877445	0.005128282828282828	14	14	0.9870820858693864
3300	1601273308870	28	6	0.0031496956736305312	0.005162626262626263	14	13	0.9870557657509459
3400	1601273319665	29	7	0.003175357789110051	0.005200673400673401	15	14	0.987062345780556
3500	1601273330481	29	6	0.0031691067609804246	0.005215993265993266	15	13	0.9870057575259089
3600	1601273341378	29	6	0.0031511761802928114	0.0052414141414141415	14	14	0.9870912979108406
3700	1601273352209	29	7	0.0031840763283434775	0.0052415824915824916	15	14	0.9869483467675605
3800	1601273363028	28	7	0.0032015134068103307	0.00526986531986532	14	14	0.9870074025333114
3900	1601273373966	28	7	0.0031931238690574106	0.005276094276094276	13	15	0.986977956900806
4000	1601273384865	29	7	0.003204638920875144	0.005292929292929293	15	14	0.986964303339365
4100	1601273395863	29	7	0.003202664911992104	0.005330639730639731	14	15	0.9870424411909854
4200	1601273406796	34	7	0.0031890113505510776	0.005334848484848485	20	14	0.9869815759170917
4300	1601273417688	35	7	0.003215660470472117	0.005359090909090909	20	14	0.9870406316828426
4400	1601273428529	28	7	0.003216647474913637	0.005359595959595959	14	14	0.9869328836979766
4500	1601273439477	32	7	0.0032187859845369303	0.0053914141414141414	15	17	0.9869728573778582
4600	1601273450368	29	7	0.00324938312222405	0.005368518518518518	14	15	0.986924000658003
4700	1601273461673	29	7	0.0032332620496792236	0.005381144781144781	15	14	0.987009047540714
4800	1601273472813	28	7	0.003226846520809344	0.005400841750841752	14	14	0.986970060865274
4900	1601273483688	29	7	0.0032559631518341834	0.005414309764309765	15	14	0.9869463727586774
5000	1601273494672	29	7	0.0032271755222898504	0.0054	14	15	0.9870250041125185
5100	1601273505571	28	7	0.0032401710807698635	0.005456565656565656	14	14	0.9869200526402369
5200	1601273516497	28	8	0.0032462576081592367	0.0054601010101010105	14	14	0.9869718703734167
5300	1601273527380	29	7	0.003231946043757197	0.005476430976430977	14	14	0.9869705543674947
5400	1601273538328	35	7	0.003269781214015463	0.005474074074074074	20	15	0.9869057410758348
5500	1601273549166	29	7	0.0032674782036519164	0.005465656565656566	15	14	0.9869238361572628
5600	1601273560017	29	7	0.0033025168613258758	0.00548922558922559	15	14	0.9869200526402369
5700	1601273570874	28	7	0.003287547293962823	0.005472727272727273	14	14	0.9869312386905741
5800	1601273581800	29	7	0.003296594834676756	0.005503367003367003	14	15	0.9869161046224708
5900	1601273592731	29	7	0.0033071228820529693	0.00549040404040404	15	14	0.9869585458134562
6000	1601273603548	27	7	0.0032684652080934365	0.005504882154882155	13	14	0.9869213686461589
6100	1601273614390	28	7	0.003309096890936009	0.0055000000000000005	14	14	0.986851291330811
6200	1601273625264	28	7	0.0032849152821187695	0.005541750841750842	14	14	0.9870126665569995
6300	1601273636126	29	6	0.0033043263694686625	0.005533838383838384	15	14	0.9869216976476394
6400	1601273647006	28	14	0.0033064648790919558	0.00552912457912458	14	14	0.9869291001809508
6500	1601273657861	29	7	0.003280802763612436	0.005515824915824917	15	14	0.9869797664089488
6600	1601273668710	28	8	0.003303339365027143	0.005542592592592593	14	14	0.9869442342490541
6700	1601273679624	29	7	0.0032979108405987827	0.00555976430976431	15	14	0.9869236716565225
6800	1601273690614	31	7	0.003283105773975983	0.005566329966329967	16	14	0.9868892910018096
6900	1601273701552	27	7	0.0033099193946372757	0.005551346801346802	14	13	0.9869340352031584
7000	1601273712457	28	7	0.003307451883533476	0.005554545454545454	14	14	0.9869847014311565
7100	1601273723385	28	7	0.0033365685145583155	0.005573232323232323	14	14	0.9868527718374732
7200	1601273734435	28	7	0.003334430004935022	0.00558973063973064	14	14	0.9868963645336404
7300	1601273745360	34	7	0.003339200526402369	0.005579292929292929	20	14	0.9869029445632506
7400	1601273756339	28	7	0.0033655206448429016	0.005598653198653198	14	14	0.9868047376213193
7500	1601273767372	29	7	0.0033523605856226354	0.005610437710437711	15	14	0.9868948840269781
7600	1601273778281	29	7	0.0033707846685310083	0.005642087542087543	15	14	0.9868141141635137
7700	1601273789238	30	7	0.0033614081263365686	0.00564040404040404	16	14	0.9868782694522126
7800	1601273800217	30	7	0.0033599276196742884	0.005644276094276094	15	15	0.9868866589899654
7900	1601273811131	28	7	0.0033510445797006088	0.005664309764309764	14	14	0.9868868234907057
8000	1601273822129	30	7	0.003364204638920875	0.005628956228956229	15	15	0.9868861654877447
8100	1601273833084	34	7	0.0033683171574272084	0.005639393939393939	20	14	0.9868586938641224
8200	1601273844043	29	7	0.0033694686626089816	0.005637373737373737	15	14	0.9868557328507979
8300	1601273854949	27	7	0.0033951307780885013	0.005650841750841751	14	13	0.98681164665241
8400	1601273865841	28	7	0.003375884191478862	0.005653198653198653	14	14	0.9868353347590064
8500	1601273876755	29	7	0.003369633163349235	0.0056429292929292925	15	14	0.9868891265010693
8600	1601273887669	29	7	0.0033977627899325546	0.0056432659932659935	15	14	0.9868830399736799
8700	1601273898581	29	7	0.003375555189998355	0.005636700336700337	15	14	0.986912979108406
8800	1601273909532	37	7	0.003379503207764435	0.005651851851851852	22	15	0.9868503043263694
8900	1601273920455	28	7	0.003388386247738115	0.005674747474747475	14	14	0.9868215166968252
9000	1601273931396	28	7	0.003371607172232275	0.005694444444444445	14	14	0.9868600098700444
9100	1601273942289	29	7	0.003390524757361408	0.005698484848484848	15	14	0.9867795690080605
9200	1601273953221	29	7	0.003391347261062675	0.005691414141414141	14	15	0.9868744859351867
9300	1601273964175	29	7	0.0034150353676591543	0.005700841750841751	15	14	0.9867802270110215
9400	1601273975130	28	7	0.0034074683336075013	0.005685690235690237	14	14	0.9868440532982399
9500	1601273986104	37	7	0.003429840434281954	0.005686195286195287	22	15	0.986806547129462
9600	1601273997031	30	7	0.003401546306958381	0.005702188552188552	16	14	0.9868392827767725
9700	1601274007980	30	7	0.0034151998683994078	0.005676767676767677	16	14	0.9867868070406317
9800	1601274018942	28	8	0.003437571969073861	0.005672390572390573	14	14	0.9867800625102813
9900	1601274029866	29	7	0.0034076328343477544	0.005706228956228957	15	14	0.9868692219114986
10000	1601274040819	30	6	0.0034300049350222076	0.005713131313131313	15	14	0.9868504688271097
10100	1601274051780	29	7	0.0034313209409442343	0.00571060606060606	15	14	0.9868096726435269
10200	1601274062759	29	7	0.003453528540878434	0.005703198653198654	15	14	0.986764270439217
10300	1601274073726	29	8	0.003445632505346274	0.005713299663299663	15	14	0.9867720019740088
10400	1601274084691	30	7	0.003466524099358447	0.005761616161616161	16	14	0.986803915117618
10500	1601274095681	29	7	0.0034467840105280472	0.00572053872053872	15	14	0.9868195426879421
10600	1601274106651	29	6	0.0034589570653067937	0.005693265993265993	15	13	0.9868073696331634
10700	1601274117627	30	7	0.0034352689587103143	0.005704882154882155	16	14	0.9868552393485771
10800	1601274128596	35	8	0.0034459615068267806	0.005708080808080808	21	14	0.986788945550255
10900	1601274139579	29	7	0.0034508965290343807	0.005737037037037038	15	14	0.9868973515380819
11000	1601274150584	29	7	0.0034589570653067937	0.005734848484848484	15	14	0.9868195426879421
11100	1601274161562	28	7	0.003462082579371607	0.005711784511784512	14	14	0.9867833525250863
11200	1601274172604	30	7	0.0034907057081756867	0.00572946127946128	15	15	0.9867377858200362
11300	1601274183703	28	7	0.0034597795690080604	0.005748653198653198	14	14	0.9868695509129791
11400	1601274194666	35	7	0.003441684487580194	0.005761784511784512	21	14	0.9867988155946702
11500	1601274205679	29	8	0.003461424576410594	0.005776936026936026	15	14	0.9868034216153972
11600	1601274216702	29	7	0.003459450567527554	0.0057781144781144786	15	14	0.9867868070406317
11700	1601274227704	30	6	0.0034810001645007404	0.005752188552188552	16	14	0.9868295772330975
11800	1601274238686	28	7	0.0034959697318637933	0.005767340067340068	14	14	0.9867537423918408
11900	1601274249684	30	6	0.003492186214837967	0.005779461279461279	15	14	0.9867290672808028
12000	1601274260700	28	7	0.0034821516696825136	0.005775084175084175	15	13	0.9868034216153972
12100	1601274271683	29	6	0.003496134232604047	0.005756734006734007	15	13	0.9867020891594012
12200	1601274282645	30	7	0.003472281625267314	0.00576010101010101	16	14	0.9867696989636453
12300	1601274293582	29	7	0.00348198716894226	0.005796801346801347	15	14	0.9867871360421122
12400	1601274304547	29	7	0.0034796841585787138	0.005763804713804714	15	14	0.9867794045073203
12500	1601274315537	35	7	0.003500575752590887	0.005805555555555555	21	14	0.9867275867741405
12600	1601274326499	29	7	0.00350518177331798	0.0057910774410774414	15	14	0.9867787465043593
12700	1601274337490	30	7	0.00349284421779898	0.005801178451178452	16	14	0.9866695180128311
12800	1601274348441	29	7	0.003501891758512913	0.005801178451178452	15	14	0.9868103306464879
12900	1601274359420	28	7	0.0035094587925645665	0.005787710437710437	14	14	0.9867295607830235
13000	1601274370411	29	6	0.0035129133081098864	0.005771380471380471	15	14	0.9867907550583978
13100	1601274381392	30	7	0.0035214673466030595	0.005776767676767677	16	14	0.9867300542852443
13200	1601274392400	29	7	0.00349728573778582	0.005795959595959596	15	14	0.9867465043592696
13300	1601274403390	31	7	0.0035435104457970062	0.005794781144781144	16	15	0.9867075176838296
13400	1601274414366	29	6	0.0035203158414212864	0.005808417508417509	15	14	0.986716236223063
13500	1601274425554	33	8	0.003536436913966113	0.005806734006734007	17	16	0.986738937325218
13600	1601274436773	36	7	0.0035389044250699127	0.005802693602693604	22	14	0.9866869550912979
13700	1601274447783	29	7	0.0035392334265504197	0.005797643097643098	15	14	0.9867356473104129
13800	1601274458778	30	6	0.003534627405823326	0.005836363636363636	16	14	0.98672725777266
13900	1601274469832	28	7	0.003535120908044086	0.005800673400673401	14	14	0.9867251192630366
14000	1601274480828	29	7	0.003535120908044086	0.005811616161616162	15	14	0.9867242967593354
14100	1601274491836	29	13	0.0035283763776937	0.005815488215488215	15	14	0.9866943576246093
14200	1601274502827	29	7	0.003532488896200033	0.005835690235690236	15	14	0.9866703405165324
14300	1601274513831	29	7	0.0035273893732521797	0.005847811447811447	15	14	0.9867226517519329
14400	1601274524826	29	7	0.003544826451719033	0.0058528619528619525	15	14	0.9867139332126995
14500	1601274535850	30	6	0.003540549432472446	0.00583030303030303	16	13	0.9866964961342326
14600	1601274546846	29	14	0.0035349564073038327	0.005859090909090908	15	14	0.9866759335417009
14700	1601274557830	30	7	0.003577233097548939	0.0058309764309764315	16	14	0.9867185392334266
14800	1601274568828	29	7	0.003565389044250699	0.005849158249158249	15	14	0.9866752755387399
14900	1601274579887	30	7	0.0035604540220430993	0.005837205387205387	16	14	0.9867404178318803
15000	1601274590900	29	7	0.003540878433952953	0.0058240740740740735	15	14	0.9867645994406975
15100	1601274602025	37	7	0.00352393485770686	0.005842424242424243	23	14	0.9867063661786478
15200	1601274613054	31	7	0.0035678565553544993	0.005831986531986533	16	15	0.9867001151505181
15300	1601274624062	29	7	0.003547951965783846	0.005834006734006735	15	14	0.9866983056423754
15400	1601274635089	31	6	0.0035632505346274057	0.005832491582491583	16	15	0.9867504523770357
15500	1601274646118	30	7	0.0035606185227833524	0.005862626262626262	15	15	0.986653890442507
15600	1601274657147	36	7	0.0035838131271590723	0.005847306397306397	22	14	0.9866826780720513
15700	1601274668155	30	6	0.003548938970225366	0.005860774410774411	16	13	0.9866764270439217
15800	1601274679327	31	7	0.0035675275538739923	0.005856060606060605	16	15	0.9866282283270275
15900	1601274690487	30	7	0.0035750945879256457	0.005878956228956229	16	14	0.9866876130942589
16000	1601274701548	30	8	0.003557328507978286	0.0058951178451178456	16	14	0.9867340023030103
16100	1601274712673	36	7	0.0035571640072380325	0.005877609427609427	22	14	0.9867491363711137
16200	1601274723764	30	7	0.003584142128639579	0.005868686868686869	16	14	0.9866227998025991
16300	1601274734818	30	7	0.003583319624938312	0.005854377104377104	16	14	0.9867070241816088
16400	1601274745867	30	7	0.0035517354828096728	0.0058791245791245785	16	14	0.9867530843888798
16500	1601274756925	29	7	0.0035532159894719525	0.005882659932659932	15	14	0.9866974831386741
16600	1601274767961	36	7	0.0035739430827438725	0.005887710437710437	22	14	0.9866792235565061
16700	1601274778993	30	7	0.003589077150847179	0.005878619528619528	16	14	0.9866482974173384
16800	1601274790056	29	7	0.0035928606678730054	0.0058969696969696965	15	14	0.9866543839447277
16900	1601274801086	30	7	0.0035910511597302187	0.005906565656565657	16	14	0.9866476394143774
17000	1601274812149	31	7	0.0035769040960684324	0.0059190235690235685	17	14	0.9868280967264352
17100	1601274823192	30	7	0.003604046718210232	0.005916161616161617	16	14	0.9866658989965454
17200	1601274834238	32	8	0.003593189669353512	0.005912794612794613	17	15	0.9866843230794539
17300	1601274845319	29	7	0.003582661621977299	0.00592003367003367	15	14	0.9866718210231946
17400	1601274856365	30	7	0.0035502549761473926	0.005916161616161617	16	14	0.9867012666556999
17500	1601274867399	35	7	0.003572298075341339	0.005892424242424242	21	14	0.9866593189669354
17600	1601274878564	30	7	0.0035836486264188188	0.00592070707070707	16	14	0.986704556670505
17700	1601274889636	31	7	0.0035780556012502056	0.005922222222222222	17	14	0.9867083401875308
17800	1601274900676	29	7	0.0035949991774962987	0.005905555555555555	15	14	0.9866476394143774
17900	1601274911728	29	6	0.0036127652574436584	0.00592053872053872	14	14	0.9866560289521303
18000	1601274922750	30	7	0.0035808521138345124	0.005911784511784512	15	14	0.9866746175357789
18100	1601274933807	30	6	0.003609968744859352	0.005894107744107744	15	14	0.9866856390853759
18200	1601274944854	30	7	0.0035829906234578057	0.005905387205387206	16	14	0.9866469814114164
18300	1601274955874	31	6	0.0035894061523276855	0.005917003367003367	17	13	0.9866180292811317
18400	1601274966932	37	7	0.003605527224872512	0.005904208754208754	23	14	0.986602566211548
18500	1601274977962	30	6	0.0035948346767560456	0.005906902356902358	16	14	0.9866130942589242
18600	1601274989044	30	6	0.0035627570324066457	0.0059323232323232325	15	15	0.986761638427373
18700	1601275000126	29	7	0.0036056917256127655	0.005897811447811448	15	14	0.98662987333443
18800	1601275011185	30	7	0.0035898996545484455	0.005905050505050505	16	14	0.9866853100838954
18900	1601275022268	31	8	0.003601579207106432	0.005868350168350168	17	14	0.9866190162855732
19000	1601275033859	37	7	0.0035979601908208586	0.005892592592592593	19	18	0.986609146241158
19100	1601275045419	31	7	0.0036051982233920054	0.005876599326599326	17	14	0.9866336568514559
19200	1601275057005	30	8	0.0035943411745352856	0.005885353535353536	16	14	0.9866093107418984
19300	1601275068353	37	7	0.0036070077315347917	0.005897474747474748	22	15	0.9866576739595329
19400	1601275079877	30	7	0.0035968086856390854	0.005900841750841751	16	14	0.9866264188188847
19500	1601275091030	32	8	0.0036038822174699787	0.0059006734006734	17	15	0.9866172067774305
19600	1601275102208	30	7	0.0036216482974173385	0.005883333333333334	16	14	0.986607172232275
19700	1601275113275	30	13	0.0036081592367165653	0.005891919191919191	16	14	0.986579865109393
19800	1601275124517	29	7	0.0036290508307287384	0.0058969696969696965	15	14	0.986653890442507
19900	1601275135861	31	7	0.0036091462411580854	0.005845959595959596	16	15	0.9866443493995724
20000	1601275147192	31	7	0.0036198387892745518	0.0058526936026936024	16	15	0.9866247738114822
20100	1601275158591	31	8	0.003621319295936832	0.005898484848484848	17	14	0.9866453364040139
20200	1601275169814	29	7	0.0036329988484948184	0.005857912457912458	15	14	0.9865992761967429
20300	1601275180998	30	7	0.0036035532159894718	0.005850841750841751	16	14	0.9866218127981576
20400	1601275192149	30	7	0.003578878104951472	0.005854040404040405	15	15	0.9866323408455338
20500	1601275203246	30	7	0.0036290508307287384	0.005854545454545455	16	14	0.9866224708011186
20600	1601275214366	37	7	0.003604375719690739	0.005861447811447811	22	15	0.9866237868070407
20700	1601275225415	30	8	0.003606020727093272	0.0058791245791245785	16	14	0.9866714920217141
20800	1601275236960	30	8	0.003603059713768712	0.005872390572390572	16	14	0.9866556999506497
20900	1601275248203	31	8	0.0036218127981575915	0.005865656565656565	16	15	0.9866443493995724
21000	1601275260114	38	7	0.003602730712288205	0.0058484848484848485	16	22	0.9866665569995064
21100	1601275271621	31	7	0.003576081592367166	0.005851851851851851	16	15	0.9867511103799967
21200	1601275282989	30	7	0.0036028952130284586	0.005865151515151515	16	14	0.9866441848988321
21300	1601275294209	31	6	0.003594670176015792	0.0058484848484848485	16	15	0.9866869550912979
21400	1601275305680	30	7	0.0036275703240664582	0.005865824915824916	16	14	0.9866134232604047
21500	1601275316838	29	7	0.0036048692219114984	0.005856734006734007	15	14	0.9866642539891429
21600	1601275328013	30	6	0.003610462247080112	0.005833670033670034	15	14	0.9866900806053627
21700	1601275339182	31	7	0.003585622635301859	0.005817171717171717	16	15	0.9866897516038822
21800	1601275350331	30	8	0.0036132587596644184	0.0058286195286195285	16	14	0.9866431978943905
21900	1601275361449	30	7	0.003601579207106432	0.005847979797979798	16	14	0.9867170587267643
22000	1601275372495	30	8	0.0036102977463398586	0.005841919191919192	16	14	0.9866616219772989
22100	1601275383556	30	7	0.003586774140483632	0.005837710437710438	16	14	0.9866277348248067
22200	1601275394590	30	7	0.003598782694522125	0.005798484848484848	16	14	0.9866866260898174
22300	1601275405619	36	6	0.0035836486264188188	0.0058282828282828275	22	14	0.9866331633492351
22400	1601275416718	31	7	0.003598618193781872	0.005833501683501684	17	14	0.9866157262707682
22500	1601275427800	30	7	0.0035973021878598454	0.005794949494949494	16	14	0.9866089817404178
22600	1601275438868	30	7	0.003588090146405659	0.005822727272727274	16	14	0.9866849810824149
22700	1601275449957	37	7	0.003591215660470472	0.005820875420875421	23	14	0.9866471459121566
22800	1601275461009	29	8	0.003601085704885672	0.005783164983164983	15	14	0.9866673795032078
22900	1601275472066	31	6	0.0035933541700937655	0.005804545454545455	17	14	0.9866479684158579
23000	1601275483134	31	6	0.003605033722651752	0.005774579124579125	17	14	0.9866808685639086
23100	1601275494167	29	7	0.0035793716071722322	0.00579023569023569	15	14	0.9866351373581181
23200	1601275505200	30	6	0.0036028952130284586	0.005811447811447812	16	14	0.9866448429017931
23300	1601275516254	30	6	0.003600098700444152	0.005803535353535353	16	14	0.9867075176838296
23400	1601275527282	30	7	0.0036076657344958052	0.005777272727272727	16	14	0.9866308603388715
23500	1601275538428	31	7	0.0035979601908208586	0.005761279461279462	15	16	0.9867465043592696
23600	1601275549557	30	7	0.0036035532159894718	0.005788215488215488	16	14	0.9866895871031419
23700	1601275560654	30	8	0.0036357953610791248	0.005759427609427609	16	14	0.9866499424247409
23800	1601275571787	29	7	0.0036070077315347917	0.005774747474747475	15	14	0.9866639249876624
23900	1601275582883	31	7	0.003633985852936338	0.005801010101010101	17	14	0.9866313538410922
24000	1601275593931	39	7	0.0036107912485606186	0.0058085858585858584	25	14	0.9866099687448594
24100	1601275605127	30	7	0.0035982891923013655	0.005774579124579125	15	14	0.9866708340187531
24200	1601275616178	29	7	0.0036076657344958052	0.005792087542087542	15	14	0.9866612929758184
24300	1601275627609	30	7	0.0036070077315347917	0.005800841750841751	15	15	0.9866979766408949
24400	1601275638835	39	7	0.0036186872840927786	0.005781649831649832	24	14	0.986607172232275
24500	1601275650174	31	7	0.003613094258924165	0.0058	17	14	0.986751274880737
24600	1601275661419	30	7	0.003613587761144925	0.005751851851851852	16	14	0.9866652409935844
24700	1601275672654	30	7	0.0035900641552886986	0.005832323232323232	16	14	0.9866629379832209
24800	1601275684046	38	8	0.0035938476723145255	0.005776262626262626	23	15	0.9866987991445961
24900	1601275695353	30	7	0.003597631189340352	0.005816835016835017	15	15	0.9867333443000493
25000	1601275706524	29	7	0.0036121072544826453	0.005807407407407408	15	14	0.986593518670834
25100	1601275718565	31	7	0.0036246093107418983	0.005788888888888889	16	15	0.9866144102648462
25200	1601275731742	34	8	0.003620825793716072	0.005809090909090909	18	16	0.9866392498766244
25300	1601275744609	32	8	0.0036290508307287384	0.005835521885521885	17	15	0.9866555354499095
25400	1601275757820	35	8	0.0036142457641059385	0.0058350168350168345	18	17	0.9866093107418984
25500	1601275771437	34	8	0.003618029281131765	0.005801515151515151	17	17	0.9866459944069749
25600	1601275785183	35	7	0.0036201677907550583	0.005816498316498316	18	17	0.9866269123211054
25700	1601275799318	35	8	0.0036320118440532983	0.005818013468013468	18	17	0.9866713275209739
25800	1601275812315	35	8	0.0036232933048198717	0.005812457912457913	17	18	0.9866353018588584
25900	1601275826018	35	8	0.003639414377364698	0.005823063973063973	18	17	0.986594834676756
26000	1601275839550	37	15	0.0036474749136371112	0.00583030303030303	18	19	0.9866468169106761
26100	1601275853349	39	8	0.003607172232275045	0.005831313131313131	19	20	0.9866157262707682
26200	1601275866319	37	8	0.0036400723803257113	0.005836531986531986	18	18	0.9866117782530022
26300	1601275879634	36	9	0.0036121072544826453	0.005817003367003366	18	17	0.9866474749136371
26400	1601275892993	36	15	0.003618029281131765	0.005836700336700337	19	17	0.9866469814114164
26500	1601275906720	37	8	0.0036405658825464714	0.005827441077441078	19	17	0.9866792235565061
26600	1601275919935	32	8	0.003656522454351045	0.00581026936026936	16	16	0.9866093107418984
26700	1601275933053	35	8	0.0036431978943905247	0.005796632996632997	18	17	0.9866843230794539
26800	1601275946572	43	8	0.0036325053462740583	0.005825252525252525	24	19	0.9866163842737292
26900	1601275958296	30	6	0.003659318966935351	0.0057868686868686875	16	14	0.9865742720842243
27000	1601275969390	31	7	0.003646816910676098	0.00579915824915825	17	14	0.9866392498766244
27100	1601275980524	30	7	0.003632834347754565	0.005791245791245791	15	15	0.9866726435268959
27200	1601275991698	37	7	0.003665076492844218	0.00580050505050505	23	14	0.9866884355979602
27300	1601276002826	31	7	0.0036306958381312716	0.0058107744107744105	16	15	0.986640236881066
27400	1601276013935	30	7	0.0036474749136371112	0.005801010101010101	16	14	0.9867387728244778
27500	1601276025049	31	8	0.003634314854416845	0.0058240740740740735	17	14	0.9867002796512584
27600	1601276036140	30	7	0.0036427043921697646	0.005799326599326599	16	14	0.9866063497285738
27700	1601276047224	30	7	0.003619509787794045	0.005818855218855219	16	14	0.9866798815594671
27800	1601276058316	30	7	0.0036399078795854582	0.005806734006734007	16	14	0.9866341503536766
27900	1601276069362	29	7	0.003640236881065965	0.0058069023569023576	15	14	0.9866471459121566
28000	1601276080473	31	7	0.0036594834676756047	0.005823737373737374	16	14	0.986562921533147
28100	1601276091563	32	6	0.003634314854416845	0.0058111111111111115	17	14	0.9866856390853759
28200	1601276102634	31	7	0.003623128804079618	0.005804545454545455	17	14	0.9866634314854417
28300	1601276113754	30	6	0.0036201677907550583	0.0058062289562289555	15	15	0.9866121072544827
28400	1601276124809	31	7	0.003666721500246751	0.005787710437710437	17	14	0.9866027307122882
28500	1601276135894	30	7	0.0036517519328836978	0.005801346801346801	16	14	0.9866635959861819
28600	1601276146953	32	6	0.0036782365520644845	0.0058111111111111115	17	15	0.9866280638262872
28700	1601276158019	31	12	0.0036693535120908044	0.005806397306397306	16	14	0.9865782201019905
28800	1601276169112	30	8	0.003674782036519164	0.0058069023569023576	16	14	0.9865859516367823
28900	1601276180186	31	6	0.003656522454351045	0.005846969696969697	16	15	0.9866899161046224
29000	1601276191267	31	8	0.0036410593847672314	0.00583989898989899	17	14	0.9866639249876624
29100	1601276202432	37	6	0.003673630531337391	0.005833501683501684	22	14	0.9866007567034052
29200	1601276213558	30	6	0.003666063497285738	0.005846632996632997	16	13	0.9865869386412239
29300	1601276224645	31	6	0.003710478697154137	0.005814646464646465	16	14	0.9866122717552229
29400	1601276235746	32	7	0.0036573449580523114	0.005825084175084175	17	15	0.9866395788781049
29500	1601276246857	36	7	0.0036709985194933376	0.005833838383838384	22	14	0.9866099687448594
29600	1601276258050	31	8	0.0036823490705708175	0.005798653198653199	17	14	0.98662987333443
29700	1601276269247	31	7	0.003654383944727751	0.005845454545454546	16	15	0.9865757525908867
29800	1601276280368	29	7	0.003675275538739924	0.0058483164983164975	15	14	0.9866246093107419
29900	1601276291490	30	8	0.0036580029610133245	0.00583013468013468	16	14	0.9865718045731205
30000	1601276302676	31	7	0.0036749465372594176	0.0058331649831649835	17	14	0.9865953281789768
30100	1601276313762	31	6	0.0036647474913637113	0.005844107744107744	17	14	0.9865866096397434
30200	1601276324867	29	7	0.0036626089817404176	0.005847979797979798	15	14	0.9866509294291824
30300	1601276335967	31	6	0.003675111037999671	0.005813636363636364	17	14	0.9867001151505181
30400	1601276347062	30	7	0.0036788945550254976	0.005846296296296296	16	14	0.9865940121730548
30500	1601276358146	31	7	0.003652574436584965	0.005869191919191919	16	14	0.9865979601908209
30600	1601276369239	36	7	0.003690574107583484	0.00582946127946128	22	14	0.986606514229314
30700	1601276380482	31	8	0.003666227998025991	0.005837037037037036	16	15	0.9865971376871195
30800	1601276391562	30	8	0.003671163020233591	0.005842592592592592	16	14	0.9866246093107419
30900	1601276402650	30	6	0.0036644184898832043	0.005827441077441078	16	14	0.9866487909195591
31000	1601276413903	36	7	0.003677578549103471	0.005812457912457913	22	14	0.9865104457970061
31100	1601276425005	29	7	0.0036823490705708175	0.005825925925925926	15	14	0.9866183582826122
31200	1601276436120	29	7	0.003679223556506004	0.005801178451178452	15	14	0.9866219772988979
31300	1601276447177	30	7	0.003665734495805231	0.005793602693602694	16	14	0.9866048692219115
31400	1601276458257	31	6	0.003678565553544991	0.005811952861952863	17	14	0.9866491199210397
31500	1601276469338	30	6	0.003662773482480671	0.005818686868686869	16	13	0.9865686790590558
31600	1601276480410	30	7	0.003695015627570324	0.005856060606060605	16	14	0.9865359434117453
31700	1601276491495	30	6	0.0036853100838953774	0.005841245791245792	16	14	0.9866106267478204
31800	1601276502770	29	7	0.0036976476394143774	0.005814478114478114	15	14	0.9865849646323408
31900	1601276513907	31	7	0.003675604540220431	0.005815656565656566	16	15	0.9866601414706366
32000	1601276525138	29	7	0.003678730054285244	0.005855387205387206	15	14	0.9865936831715743
32100	1601276536231	30	13	0.0036764270439216978	0.005825589225589225	16	14	0.9866247738114822
32200	1601276547313	30	7	0.003688929100180951	0.005817340067340067	15	15	0.9865553544990953
32300	1601276558520	30	7	0.0036807040631682843	0.005811784511784512	16	14	0.9866234578055602
32400	1601276569588	30	8	0.003690574107583484	0.005808417508417509	16	14	0.9866010857048857
32500	1601276580686	36	7	0.003678072051324231	0.005811784511784512	22	14	0.9865563415035368
32600	1601276591742	30	7	0.0036798815594670177	0.0058570707070707065	16	14	0.9865670340516532
32700	1601276602825	30	7	0.0036718210231946042	0.00585016835016835	16	14	0.9865482809672643
32800	1601276613970	30	7	0.003689916104622471	0.005853872053872054	16	14	0.9865996051982234
32900	1601276625070	38	8	0.0037037341668037507	0.005845791245791245	24	14	0.986581181115315
33000	1601276636179	30	7	0.0036971541371936174	0.005872895622895623	16	14	0.986609146241158
33100	1601276647351	31	7	0.003695509129791084	0.005836026936026936	17	14	0.9865663760486922
33200	1601276658550	31	7	0.0036688600098700444	0.00584949494949495	17	14	0.9865936831715743
33300	1601276669637	30	6	0.003683665076492844	0.005793939393939394	16	14	0.9866441848988321
33400	1601276680789	30	7	0.003679059055765751	0.005807744107744107	16	14	0.9866109557493009
33500	1601276691996	30	7	0.003685639085375884	0.005837205387205387	16	14	0.9866733015298569
33600	1601276703085	33	7	0.003676098042441191	0.005845454545454546	18	15	0.9865821681197565
33700	1601276714317	30	7	0.003672643526895871	0.005845622895622895	16	14	0.986588912650107
33800	1601276725394	29	7	0.0036909031090639906	0.005810942760942761	15	14	0.9865693370620168
33900	1601276736543	29	7	0.003710478697154137	0.005826094276094276	15	14	0.9865964796841585
34000	1601276747673	36	7	0.0036913966112847507	0.005845286195286195	22	14	0.9866137522618852
34100	1601276758790	30	6	0.0036892581016614574	0.0058616161616161615	16	14	0.9866519164336239
34200	1601276769886	30	7	0.003707517683829577	0.005836363636363636	16	14	0.9865949991774963
34300	1601276781037	30	7	0.0037113012008554037	0.005841919191919192	16	14	0.9867173877282448
34400	1601276792182	37	7	0.0036802105609475243	0.0058351851851851854	23	14	0.986580523112354
34500	1601276803265	30	7	0.003697318637933871	0.005843434343434343	16	14	0.9866624444810002
34600	1601276814361	31	6	0.0036953446290508307	0.005836363636363636	16	15	0.986618193781872
34700	1601276825426	30	8	0.0037116302023359107	0.005851346801346801	16	14	0.9866015792071064
34800	1601276836517	30	7	0.003705379174206284	0.005838383838383838	16	14	0.9866111202500412
34900	1601276847611	29	7	0.003700444151998684	0.005864983164983165	15	14	0.9866719855239349
35000	1601276858684	30	6	0.003706859680868564	0.005854040404040405	16	14	0.986614903767067
35100	1601276869750	30	7	0.0037055436749465374	0.005855892255892256	16	14	0.9865487744694851
35200	1601276880830	30	6	0.0037152492186214837	0.0058373737373737375	16	14	0.9865999341997039
35300	1601276891920	31	6	0.003687613094258924	0.005834343434343434	17	14	0.9865115973021878
35400	1601276903023	31	7	0.0036800460602072708	0.005839225589225589	17	14	0.9866519164336239
35500	1601276914131	36	6	0.003666227998025991	0.005838215488215489	22	14	0.986640894884027
35600	1601276925203	30	7	0.0037042276690245107	0.00586952861952862	16	14	0.9865477874650436
35700	1601276936348	30	7	0.003710314196413884	0.005845454545454546	16	14	0.9865393979272906
35800	1601276947507	31	7	0.0036932061194275374	0.0058489898989899	16	14	0.9866404013818062
35900	1601276958592	36	7	0.003722322750452377	0.0058526936026936024	22	14	0.9866075012337555
36000	1601276969711	30	7	0.0036881065964796842	0.005846127946127946	16	14	0.9865165323243955
36100	1601276980883	32	7	0.0037224872511926305	0.005851851851851851	17	15	0.9865741075834841
36200	1601276992124	30	8	0.003701431156440204	0.005862962962962963	16	14	0.98657147557164
36300	1601277003356	31	6	0.003710972199374897	0.005848821548821549	16	15	0.986606514229314
36400	1601277014561	31	6	0.003720677743049844	0.005861784511784512	16	14	0.9865925316663925
36500	1601277025697	31	7	0.0037285737785820038	0.005871548821548822	16	15	0.9865171903273565
36600	1601277036783	28	14	0.0036966606349728573	0.005859090909090908	15	13	0.98651949333772
36700	1601277047895	30	7	0.003714426714920217	0.00582962962962963	16	14	0.9865912156604705
36800	1601277058972	31	8	0.003704885671985524	0.00582996632996633	17	14	0.9866075012337555
36900	1601277070166	31	7	0.003715907221582497	0.005843097643097643	17	14	0.9865083072873828
37000	1601277081304	37	7	0.003738114821516697	0.005821717171717172	22	14	0.9865272248725119
37100	1601277092425	31	7	0.003703076163842737	0.005853872053872054	17	14	0.986542852442836
37200	1601277103547	30	7	0.0037152492186214837	0.005864983164983165	16	14	0.9865755880901464
37300	1601277114671	31	7	0.0036953446290508307	0.0058705387205387205	17	14	0.9865923671656522
37400	1601277125801	30	6	0.003703569666063497	0.0058483164983164975	16	14	0.9865622635301858
37500	1601277136880	30	7	0.003722816252673137	0.00582946127946128	16	14	0.9865293633821353
37600	1601277148041	30	7	0.0037201842408290837	0.005845791245791245	16	14	0.9865964796841585
37700	1601277159150	30	7	0.0036913966112847507	0.005867340067340067	16	14	0.9865930251686132
37800	1601277170310	29	7	0.003682513571311071	0.0058526936026936024	15	14	0.9866631024839612
37900	1601277181385	31	7	0.003704721171245271	0.005858080808080808	17	14	0.9866172067774305
38000	1601277192508	31	7	0.003733673301529857	0.005837205387205387	16	15	0.986608488238197
38100	1601277203650	38	7	0.0037078466853100837	0.00586060606060606	24	14	0.986585129133081
38200	1601277214794	31	7	0.003715907221582497	0.005845959595959596	17	14	0.9865342984043428
38300	1601277225989	29	8	0.003706530679388057	0.005864478114478115	15	14	0.9865871031419642
38400	1601277237168	36	9	0.0037162362230630038	0.005865656565656565	18	18	0.9865782201019905
38500	1601277248356	31	7	0.003745517354828097	0.005863804713804714	17	14	0.9865764105938477
38600	1601277259511	30	6	0.0037116302023359107	0.005844781144781146	16	14	0.9865767395953282
38700	1601277270720	30	6	0.0037344958052311235	0.0058506734006734005	16	14	0.9865336404013818
38800	1601277281897	30	7	0.003716729725283764	0.0058597643097643105	16	14	0.9865930251686132
38900	1601277293007	30	8	0.0037224872511926305	0.005843602693602693	16	14	0.9865326533969403
39000	1601277304082	30	7	0.0037175522289850304	0.005866161616161616	16	14	0.9865823326204968
39100	1601277315270	32	8	0.003697318637933871	0.0058552188552188555	18	14	0.9865670340516532
39200	1601277326366	38	7	0.003693041618687284	0.005857912457912458	24	14	0.9866033887152492
39300	1601277337928	30	7	0.0037280802763612437	0.005860942760942761	16	14	0.9864897187037341
39400	1601277349575	29	7	0.003741075834841257	0.005838720538720539	15	14	0.9864726106267478
39500	1601277361162	31	7	0.0037254482645171904	0.005856565656565656	16	15	0.9866158907715085
39600	1601277372452	37	7	0.003708833689751604	0.005844781144781146	22	14	0.98659088665899
39700	1601277383926	32	6	0.0037279157756209902	0.005857912457912458	16	15	0.986556506004277
39800	1601277395274	31	6	0.0037113012008554037	0.005841919191919192	16	14	0.9865852936338213
39900	1601277406673	33	7	0.003713439710478697	0.005832996632996633	17	15	0.9866214837966771
40000	1601277418008	30	8	0.0037264352689587105	0.005863299663299664	16	14	0.986575259088666
40100	1601277429235	31	7	0.0037165652245435103	0.005853367003367003	16	15	0.9864994242474091
40200	1601277440549	30	7	0.0037229807534133906	0.005845622895622895	16	14	0.9865260733673301
40300	1601277451865	30	8	0.0037321927948675768	0.005856565656565656	16	14	0.9865719690738608
40400	1601277463177	31	7	0.0037200197400888303	0.005855723905723906	16	15	0.9865270603717716
40500	1601277474421	30	7	0.003704392169764764	0.005864814814814816	15	15	0.9866173712781707
40600	1601277485642	30	7	0.0036953446290508307	0.005864478114478115	15	15	0.986570159565718
40700	1601277496871	38	7	0.0037428853429840436	0.005858585858585858	23	14	0.9865152163184734
40800	1601277508120	32	7	0.0037338378022701104	0.005903030303030303	17	15	0.9866362888632999
40900	1601277519358	31	7	0.003702911663102484	0.005908417508417508	17	14	0.9866050337226517
41000	1601277530590	30	7	0.0037323572956078303	0.0058971380471380475	16	14	0.9865586445139003
41100	1601277541773	30	7	0.003718210231946044	0.005908754208754209	16	14	0.9865346274058233
41200	1601277552967	31	7	0.0037428853429840436	0.005898484848484848	15	16	0.9865787136042112
41300	1601277564248	31	7	0.0037170587267642704	0.005872895622895623	16	14	0.9864930087185393
41400	1601277575643	30	6	0.003738114821516697	0.0058353535353535355	15	14	0.9864283599276197
41500	1601277586991	31	7	0.00373482480671163	0.005853367003367003	17	14	0.9865607830235236
41600	1601277598216	31	7	0.0037119592038164172	0.005865319865319866	16	15	0.9865390689258101
41700	1601277609544	32	7	0.0036953446290508307	0.005873737373737374	17	15	0.9866611284750781
41800	1601277620831	30	13	0.003722322750452377	0.005860774410774411	16	14	0.9865412074354335
41900	1601277632159	31	7	0.0037080111860503372	0.005860774410774411	16	15	0.9865829906234578
42000	1601277643485	33	7	0.003713439710478697	0.00586952861952862	18	15	0.9865741075834841
42100	1601277654836	31	7	0.00373087678894555	0.005856397306397306	16	15	0.9865644020398092
42200	1601277666217	37	7	0.003721664747491364	0.005867508417508418	23	14	0.986578549103471
42300	1601277677541	31	7	0.0037221582497121235	0.005827104377104377	16	15	0.9865329823984208
42400	1601277688853	32	7	0.00375703240664583	0.005841077441077441	17	15	0.9865264023688106
42500	1601277700085	31	7	0.0037372923178154304	0.005873905723905724	17	14	0.9865502549761473
42600	1601277711326	29	7	0.00374765586445139	0.005856397306397306	15	14	0.9865458134561605
42700	1601277722599	30	6	0.003738114821516697	0.005889393939393939	16	14	0.9865232768547458
42800	1601277733943	32	7	0.0037196907386083237	0.005855387205387206	17	15	0.9864882381970719
42900	1601277745243	32	7	0.0037117947030761637	0.005860774410774411	17	15	0.9865370949169271
43000	1601277756528	32	7	0.0037284092778417503	0.00584006734006734	17	15	0.9866186872840927
43100	1601277767841	31	7	0.0037165652245435103	0.005842424242424243	16	15	0.9865963151834183
43200	1601277779160	32	7	0.003730218785984537	0.005868013468013468	17	15	0.9866385918736634
43300	1601277790491	32	13	0.003707024181608817	0.005876767676767677	17	15	0.9865782201019905
43400	1601277801778	32	6	0.003704392169764764	0.005865151515151515	17	14	0.9865364369139661
43500	1601277813061	39	8	0.003721829248231617	0.005857575757575757	18	21	0.9865773975982892
43600	1601277824331	30	7	0.0037333443000493504	0.005868686868686869	16	14	0.986539562428031
43700	1601277835576	38	7	0.0037289027800625103	0.0058350168350168345	23	15	0.986614245764106
43800	1601277846862	30	6	0.00373137029116631	0.00586902356902357	15	15	0.9865660470472117
43900	1601277858085	31	7	0.003724296759335417	0.005863804713804714	16	15	0.9866109557493009
44000	1601277869363	31	7	0.0037201842408290837	0.005864646464646465	16	15	0.9865839776278993
44100	1601277880767	32	7	0.00373137029116631	0.0059013468013468014	17	15	0.986575917091627
44200	1601277891998	30	7	0.0037236387563744037	0.005865319865319866	16	14	0.986582497121237
44300	1601277903277	32	7	0.0037514393814772166	0.0058351851851851854	17	15	0.9865410429346932
44400	1601277914563	32	14	0.0037185392334265505	0.005860269360269361	18	14	0.9865699950649778
44500	1601277925810	31	7	0.003722322750452377	0.005871043771043772	16	15	0.986540220430992
44600	1601277937119	32	7	0.0037229807534133906	0.005877609427609427	17	14	0.9865709820694193
44700	1601277948421	31	7	0.0037325217963480838	0.005894276094276094	16	15	0.9865510774798487
44800	1601277960154	39	8	0.003727257772659977	0.0058816498316498315	24	15	0.9865949991774963
44900	1601277971511	32	7	0.0037532488896200034	0.00587003367003367	17	14	0.9865443329494983
45000	1601277982925	31	7	0.00373087678894555	0.005894276094276094	17	14	0.9864969567363053
45100	1601277994234	31	7	0.0037453528540878434	0.005907407407407408	16	15	0.9865038657673959
45200	1601278005489	32	6	0.0037594999177496297	0.005885521885521885	17	14	0.9865346274058233
45300	1601278016726	30	7	0.0037448593518670833	0.005887037037037037	16	14	0.9865260733673301
45400	1601278027997	32	8	0.003747326862970883	0.005867508417508418	18	14	0.9865204803421616
45500	1601278039279	37	7	0.0037256127652574435	0.005861952861952862	23	14	0.986533146899161
45600	1601278050545	31	8	0.003725283763776937	0.005875757575757576	17	14	0.9865823326204968
45700	1601278061805	29	7	0.0037321927948675768	0.0058792929292929294	15	14	0.986577233097549
45800	1601278073174	31	7	0.00373087678894555	0.005922727272727272	16	15	0.9865877611449252
45900	1601278084459	31	7	0.003732686297088337	0.005891414141414141	17	14	0.9865698305642375
46000	1601278095772	31	7	0.0037442013489060702	0.005918855218855219	17	14	0.9865489389702253
46100	1601278107040	33	7	0.00374370784668531	0.005888888888888888	19	14	0.986564237539069
46200	1601278118327	30	14	0.0037361408126336568	0.005891077441077442	16	14	0.9866193452870538
46300	1601278129492	31	7	0.00375505839776279	0.005872558922558923	17	14	0.9864673466030597
46400	1601278140627	31	7	0.0037400888303997367	0.00588114478114478	17	14	0.9865711465701595
46500	1601278151832	32	7	0.00373531830893239	0.005918350168350168	17	14	0.9865727915775621
46600	1601278163031	31	7	0.00374272084224379	0.0058771043771043766	16	15	0.9865859516367823
46700	1601278174353	32	7	0.00374962987333443	0.005933838383838384	18	14	0.9865160388221746
46800	1601278185661	32	7	0.00374814936667215	0.005917003367003367	16	15	0.9865122553051489
46900	1601278196830	34	14	0.00375752590886659	0.005906397306397307	19	15	0.9865739430827438
47000	1601278208173	31	7	0.0037524263859187367	0.005906734006734007	17	14	0.9865453199539398
47100	1601278219323	28	7	0.0037433788452048036	0.00593047138047138	14	14	0.9865366014147063
47200	1601278230452	29	7	0.0037425563415035366	0.005888047138047138	15	14	0.9865380819213686
47300	1601278241727	31	7	0.0037379503207764435	0.005898484848484848	17	14	0.9864936667215003
47400	1601278253036	32	7	0.0037086691890113503	0.005908754208754209	17	15	0.9865841421286395
47500	1601278264196	32	7	0.0037344958052311235	0.005884848484848485	18	14	0.9865976311893404
47600	1601278275312	37	6	0.003726270768218457	0.00589040404040404	23	14	0.986585129133081
47700	1601278286424	31	7	0.003751768382957723	0.005865656565656565	17	14	0.9865848001316005
47800	1601278297655	31	7	0.0037414048363217634	0.005874410774410774	17	14	0.986565553544991
47900	1601278308788	30	7	0.0037608159236716563	0.005895454545454545	15	14	0.9865342984043428
48000	1601278319936	31	6	0.00373581181115315	0.005858922558922559	16	14	0.9866004277019247
48100	1601278331191	31	6	0.0037261062674782035	0.005886531986531987	16	14	0.9865894061523277
48200	1601278342313	31	7	0.0037236387563744037	0.005902356902356903	17	14	0.9866107912485607
48300	1601278353429	36	7	0.0037249547622964303	0.005854713804713805	22	14	0.9864678401052804
48400	1601278364553	31	6	0.0037325217963480838	0.005886195286195286	17	14	0.9865315018917585
48500	1601278375855	31	7	0.0037384438229972035	0.00587979797979798	16	15	0.9865472939628228
48600	1601278386975	30	7	0.0037414048363217634	0.005856902356902356	16	14	0.9865189998354993
48700	1601278398250	32	7	0.0037442013489060702	0.005871212121212121	17	15	0.9865958216811975
48800	1601278409544	30	7	0.003724296759335417	0.005877609427609427	16	14	0.9865155453199539
48900	1601278420785	30	7	0.003722322750452377	0.005864983164983165	15	14	0.9865770685968087
49000	1601278431987	38	7	0.00374666886000987	0.005856228956228956	23	14	0.9865729560783023
49100	1601278443188	31	7	0.0037359763118934037	0.005870875420875421	17	14	0.986531830893239
49200	1601278454314	30	7	0.0037249547622964303	0.005896127946127947	16	14	0.9865634150353677
49300	1601278465434	30	8	0.0037414048363217634	0.005879629629629629	16	14	0.9865755880901464
49400	1601278476640	30	6	0.00374370784668531	0.005855723905723906	15	15	0.9865994406974832
49500	1601278487836	32	7	0.0037282447771014968	0.0058792929292929294	17	15	0.9865357789110051
49600	1601278499141	31	7	0.003729231781543017	0.005845286195286195	17	14	0.9865892416515875
49700	1601278510343	31	7	0.00373433130449087	0.005842255892255893	16	15	0.9865354499095246
49800	1601278521608	29	7	0.0037270932719197236	0.005865656565656565	15	14	0.9865344629050831
49900	1601278532819	32	8	0.00374272084224379	0.005858585858585858	17	15	0.9865500904754071
50000	1601278544058	30	12	0.003715907221582497	0.005865993265993266	16	13	0.9865706530679388
50100	1601278555289	30	7	0.003769040960684323	0.0058771043771043766	16	14	0.9865088007896036
50200	1601278566448	30	8	0.0037440368481658167	0.005882323232323233	16	14	0.9866042112189505
50300	1601278577563	30	7	0.0037340023030103635	0.005910606060606061	16	14	0.9865727915775621
50400	1601278588679	32	6	0.003714920217140977	0.005875757575757576	18	14	0.9865344629050831
50500	1601278599856	30	7	0.00373038328672479	0.005902020202020202	16	14	0.9865884191478862
50600	1601278610975	30	6	0.0037440368481658167	0.005897474747474748	16	14	0.9865574930087185
50700	1601278622190	32	13	0.0037468333607501235	0.005920875420875421	17	15	0.9865426879420958
50800	1601278633374	30	6	0.0037468333607501235	0.0059037037037037035	16	14	0.9865958216811975
50900	1601278644566	31	7	0.0037667379503207765	0.0058818181818181825	16	15	0.986543510445797
51000	1601278655812	29	8	0.0037295607830235234	0.005891750841750842	15	14	0.9865280473762132
51100	1601278667022	30	7	0.003749465372594177	0.005867171717171717	16	14	0.9865425234413555
51200	1601278678270	31	7	0.00373926632669847	0.005849831649831649	16	14	0.9865139003125514
51300	1601278689481	29	7	0.0037298897845040304	0.005875925925925926	15	14	0.9865801941108735
51400	1601278700641	38	7	0.00373975982891923	0.005874242424242424	24	14	0.9865336404013818
51500	1601278711762	31	6	0.0037588419147886166	0.005886363636363637	17	14	0.9865344629050831
51600	1601278722907	29	8	0.0037453528540878434	0.005900841750841751	15	14	0.9866160552722487
51700	1601278734156	31	7	0.0037483138674124033	0.00591952861952862	16	15	0.9865926961671327
51800	1601278745402	29	7	0.003730712288205297	0.005925252525252525	15	14	0.9864981082414871
51900	1601278756607	30	7	0.003738608323737457	0.00588956228956229	15	14	0.9865148873169929
52000	1601278767740	29	7	0.0037200197400888303	0.005888552188552189	15	14	0.9865912156604705
52100	1601278778899	30	7	0.0037499588748149365	0.0058840067340067345	16	14	0.9865268958710314
52200	1601278790035	31	7	0.00374765586445139	0.005871380471380471	16	15	0.9865959861819378
52300	1601278801163	31	7	0.0037502878762954435	0.005882323232323233	16	15	0.9865364369139661
52400	1601278812307	31	13	0.0037400888303997367	0.0058794612794612795	16	15	0.9865022207599934
52500	1601278823409	31	6	0.00374913637111367	0.005886868686868688	17	14	0.9865267313702911
52600	1601278834611	30	7	0.00374568185556835	0.005908585858585859	16	14	0.986557822010199
52700	1601278845766	29	7	0.0037435433459450567	0.005885353535353536	15	14	0.9865260733673301
52800	1601278856971	30	7	0.0037391018259582166	0.005886363636363637	16	14	0.9865999341997039
52900	1601278868212	30	8	0.00375456489554203	0.005867845117845117	16	14	0.9865790426056917
53000	1601278879405	33	7	0.003734660305971377	0.00588047138047138	18	15	0.9865078137851621
53100	1601278890724	37	7	0.0037613094258924164	0.005871043771043772	23	14	0.9865341339036026
53200	1601278901880	31	7	0.0037310412896858036	0.005882996632996633	17	14	0.986551241980589
53300	1601278913018	30	7	0.00374716236223063	0.005871212121212121	16	14	0.9865691725612765
53400	1601278924304	32	7	0.003758677414048363	0.005885185185185185	17	15	0.9865134068103306
53500	1601278935602	31	7	0.003762131929593683	0.005907239057239057	16	15	0.9865982891923014
53600	1601278946886	30	7	0.0037499588748149365	0.005925420875420876	16	14	0.9866068432307945
53700	1601278958099	30	7	0.003737127817075177	0.005934343434343434	16	14	0.9866055272248725
53800	1601278969257	36	7	0.0037300542852442835	0.0059232323232323225	22	14	0.9865390689258101
53900	1601278980506	31	7	0.0037359763118934037	0.005931144781144782	16	15	0.9864477710149696
54000	1601278992147	29	8	0.0037285737785820038	0.005898148148148147	15	14	0.9865622635301858
54100	1601279003713	33	7	0.0037544003948017765	0.005908922558922558	17	15	0.9865196578384603
54200	1601279015731	32	7	0.0037361408126336568	0.005914141414141414	16	14	0.9865287053791743
54300	1601279027262	32	8	0.0037639414377364697	0.005893434343434343	17	15	0.9865142293140319
54400	1601279038446	31	7	0.0037338378022701104	0.005908417508417508	17	14	0.986555189998355
54500	1601279049622	30	8	0.003756867905905577	0.005904040404040404	16	14	0.9865530514887317
54600	1601279060816	29	7	0.00374617535778911	0.005903030303030303	15	14	0.9866116137522619
54700	1601279071934	30	6	0.0037438723474255632	0.005894949494949495	16	13	0.9865444974502385
54800	1601279083087	36	6	0.0037544003948017765	0.005888047138047138	21	15	0.9865918736634315
54900	1601279094284	31	7	0.00374666886000987	0.005899663299663299	17	14	0.9865346274058233
55000	1601279105435	30	7	0.0037369633163349234	0.00591043771043771	16	14	0.9865280473762132
55100	1601279116581	30	7	0.003733179799309097	0.005914141414141414	16	14	0.9865361079124856
55200	1601279127711	30	7	0.003767560454022043	0.005904882154882155	16	14	0.986594176673795
55300	1601279138880	31	7	0.003763612436255963	0.0059102693602693605	17	14	0.9865313373910183
55400	1601279150040	33	7	0.0037356473104128967	0.005889898989898989	18	15	0.9865254153643691
55500	1601279161171	36	7	0.00373877282447771	0.005907239057239057	22	14	0.9865722980753413
55600	1601279172276	30	7	0.0037497943740746834	0.005912121212121212	16	14	0.9865658825464715
55700	1601279183385	31	7	0.0037458463563086034	0.005897811447811448	17	14	0.9865226188517848
55800	1601279194507	29	7	0.00375160388221747	0.005897643097643097	15	14	0.9865120908044086
55900	1601279205657	29	7	0.0037474913637111367	0.0059060606060606065	15	14	0.9866343148544169
56000	1601279216802	30	6	0.0037548938970225366	0.005894107744107744	16	14	0.9865050172725778
56100	1601279227954	31	7	0.00375160388221747	0.005923737373737374	17	14	0.9865711465701595
56200	1601279239061	38	6	0.0037537423918407634	0.005899663299663299	23	14	0.9865217963480836
56300	1601279250220	31	7	0.003779404507320283	0.005883164983164983	16	15	0.9864601085704886
56400	1601279261421	30	8	0.003734166803750617	0.00586902356902357	16	14	0.9865540384931732
56500	1601279272606	32	13	0.00374272084224379	0.005884175084175084	17	15	0.986539562428031
56600	1601279283828	30	6	0.00374370784668531	0.005885016835016835	16	14	0.9865400559302517
56700	1601279294966	31	7	0.003748971870373417	0.005872053872053872	17	14	0.9866070077315348
56800	1601279306090	30	7	0.0037298897845040304	0.005873232323232324	16	14	0.9865326533969403
56900	1601279317270	30	7	0.003741075834841257	0.005909764309764309	16	14	0.9865996051982234
57000	1601279328402	30	6	0.0037400888303997367	0.00592053872053872	15	15	0.9865867741404837
57100	1601279339572	29	7	0.003751768382957723	0.0059213804713804715	15	14	0.9865203158414213
57200	1601279350773	36	7	0.00375752590886659	0.005935016835016835	22	14	0.9864675111037999
57300	1601279361890	29	7	0.0037315347919065637	0.005926599326599327	15	14	0.9865247573614081
57400	1601279373079	32	7	0.003755222898503043	0.00593989898989899	17	15	0.9865783846027307
57500	1601279384348	31	7	0.0037787465043592696	0.005885521885521885	17	14	0.986409771343971
57600	1601279395503	31	7	0.003769040960684323	0.005895959595959596	17	14	0.9865594670176016
57700	1601279406677	30	7	0.0037316992926468167	0.005913973063973063	16	14	0.9865974666886
57800	1601279417987	31	7	0.0037372923178154304	0.005883838383838384	16	14	0.986566211547952
57900	1601279429605	31	7	0.00375160388221747	0.005912289562289562	16	14	0.9865885836486264
58000	1601279441045	33	7	0.003762625431814443	0.005888383838383838	18	15	0.9865341339036026
58100	1601279452873	32	8	0.00375505839776279	0.005885521885521885	16	16	0.9865969731863793
58200	1601279464388	31	14	0.00374913637111367	0.005882659932659932	16	15	0.9865364369139661
58300	1601279475723	29	7	0.0037567034051653233	0.0058969696969696965	15	14	0.9865055107747985
58400	1601279486863	30	6	0.00374666886000987	0.005853535353535354	16	13	0.9865841421286395
58500	1601279498298	30	8	0.0037578549103470965	0.005876262626262626	16	14	0.9864846191807863
58600	1601279509425	31	8	0.0037657509458792564	0.005894107744107744	17	14	0.9865384109228491
58700	1601279520557	30	6	0.0037493008718539234	0.005907744107744107	16	14	0.986555189998355
58800	1601279531708	31	6	0.0037418983385425235	0.005891245791245791	16	14	0.9864818226682021
58900	1601279542815	37	7	0.0037588419147886166	0.005908249158249158	23	14	0.9865125843066294
59000	1601279554388	34	8	0.003730218785984537	0.005914983164983165	18	15	0.986552557986511
59100	1601279567393	36	8	0.003740582332620497	0.00588956228956229	19	16	0.9865491034709656
59200	1601279580677	40	9	0.0037335088007896034	0.005890572390572391	18	21	0.9865221253495641
59300	1601279593422	34	8	0.0037497943740746834	0.0058840067340067345	18	16	0.9864719526237868
59400	1601279606507	35	8	0.0037433788452048036	0.005861279461279461	19	16	0.9865446619509788
59500	1601279620366	35	8	0.0037701924658660965	0.005885353535353536	17	17	0.9865048527718375
59600	1601279633871	36	8	0.0037736469814114164	0.005909259259259259	18	18	0.9864731041289686
59700	1601279647388	36	8	0.0037442013489060702	0.005882491582491583	18	17	0.98650649777924
59800	1601279659951	35	7	0.0037761144925152162	0.005858249158249159	18	16	0.9865372594176673
59900	1601279673416	43	8	0.0037667379503207765	0.005917340067340068	26	17	0.9865216318473433
60000	1601279686743	33	8	0.0037445303503865768	0.005915656565656566	17	16	0.9865667050501727
60100	1601279700272	44	9	0.0037634479355157097	0.00588956228956229	20	24	0.9864949827274223
60200	1601279713494	38	9	0.0037567034051653233	0.005878451178451178	19	19	0.9864951472281626
60300	1601279727532	36	8	0.0037822010199045895	0.00589040404040404	19	17	0.9865622635301858
60400	1601279740754	32	8	0.00375259088665899	0.005909932659932659	16	16	0.9865111037999671
60500	1601279754015	35	9	0.0037639414377364697	0.005910606060606061	18	17	0.9865221253495641
60600	1601279767061	42	8	0.0037448593518670833	0.005875925925925926	25	17	0.9864972857377858
60700	1601279779101	33	8	0.00375900641552887	0.005869360269360269	17	16	0.9865484454680046
60800	1601279792518	34	7	0.00375703240664583	0.005892929292929293	18	16	0.986564237539069
60900	1601279805966	35	8	0.0037639414377364697	0.005906902356902358	18	17	0.9865111037999671
61000	1601279818067	31	6	0.0037224872511926305	0.005901851851851853	17	14	0.986589570653068
61100	1601279829190	30	7	0.00375851291330811	0.005916161616161617	16	14	0.9865244283599276
61200	1601279840396	31	7	0.0037359763118934037	0.005887205387205387	17	14	0.9865783846027307
61300	1601279851600	37	7	0.0037404178318802433	0.005888383838383838	23	14	0.9865925316663925
61400	1601279862773	30	6	0.0037469978614903766	0.005928451178451179	15	14	0.9866331633492351
61500	1601279874105	31	7	0.00375357789110051	0.005905387205387206	16	15	0.9865124198058891
61600	1601279885413	32	7	0.0037458463563086034	0.005911447811447811	17	15	0.9865495969731863
61700	1601279896623	30	7	0.0037509458792564566	0.005880976430976431	16	14	0.9865742720842243
61800	1601279907815	31	7	0.0037723309754893897	0.005884680134680134	17	14	0.9865612765257443
61900	1601279919009	30	7	0.00375308438887975	0.005906228956228956	16	14	0.986555848001316
62000	1601279930200	30	7	0.0037627899325546965	0.005891919191919191	16	14	0.9865171903273565
62100	1601279941406	31	7	0.003758677414048363	0.0058993265993265995	17	14	0.9865797006086527
62200	1601279952606	30	7	0.0037662444481000165	0.005898484848484848	16	14	0.9864699786149038
62300	1601279963779	30	13	0.003752919888139497	0.005905387205387206	16	14	0.9865349564073038
62400	1601279975031	31	7	0.003771014969567363	0.005893771043771044	17	14	0.9865115973021878
62500	1601279986282	31	8	0.003747820365191643	0.005897979797979798	17	14	0.986593518670834
62600	1601279997484	31	7	0.003755222898503043	0.005905892255892256	16	14	0.9865127488073696
62700	1601280008740	30	6	0.0037560454022043097	0.005902525252525253	16	14	0.9865357789110051
62800	1601280020003	31	7	0.0037761144925152162	0.005906397306397307	16	14	0.9864546800460602
62900	1601280031316	31	7	0.003763612436255963	0.005917508417508417	16	14	0.9865369304161868
63000	1601280042516	38	8	0.0037428853429840436	0.0059080808080808084	24	14	0.9864632340845534
63100	1601280053766	32	7	0.0037469978614903766	0.005906565656565657	17	15	0.9865265668695509
63200	1601280064986	30	6	0.00376936996216483	0.005906734006734007	15	14	0.9864759006415529
63300	1601280076199	32	7	0.00375900641552887	0.005889057239057239	18	14	0.9865356144102648
63400	1601280087495	31	7	0.0037483138674124033	0.005923063973063973	16	15	0.9865634150353677
63500	1601280098781	30	7	0.0037731534791906563	0.005906228956228956	16	14	0.9864326369468662
63600	1601280109999	31	7	0.0037599934199703897	0.005888047138047138	17	14	0.98655189998355
63700	1601280121132	36	7	0.0037845040302681363	0.005887878787878787	22	14	0.9865264023688106
63800	1601280132281	31	7	0.0037672314525415366	0.005919191919191919	16	15	0.9864875801941109
63900	1601280143433	31	7	0.0037618029281131764	0.00591043771043771	16	14	0.9865468004606021
64000	1601280154698	31	7	0.0037723309754893897	0.0059234006734006734	16	15	0.9864936667215003
64100	1601280165852	30	7	0.003747326862970883	0.005902525252525253	16	14	0.98657147557164
64200	1601280177132	31	7	0.0037613094258924164	0.005914141414141414	17	14	0.9864729396282284
64300	1601280188266	30	7	0.0037851620332291494	0.0058993265993265995	16	14	0.9864962987333443
64400	1601280199395	31	6	0.0037685474584635632	0.005914478114478114	16	15	0.9864671821023194
64500	1601280210583	31	8	0.0037573614081263364	0.005916161616161617	17	14	0.9864813291659813
64600	1601280221913	31	7	0.0037736469814114164	0.005914814814814815	16	14	0.9864500740253331
64700	1601280233346	39	7	0.0037606514229314033	0.005898316498316499	23	15	0.9865500904754071
64800	1601280244673	32	7	0.00375653890442507	0.005928282828282828	17	15	0.9865612765257443
64900	1601280255912	30	7	0.0037493008718539234	0.005893097643097644	16	14	0.9866086527389373
65000	1601280267130	31	7	0.0037430498437242966	0.005905555555555555	17	14	0.9865389044250699
65100	1601280278347	31	6	0.00376640894884027	0.005893097643097644	16	14	0.9866053627241322
65200	1601280289586	31	7	0.0037701924658660965	0.005914141414141414	16	15	0.9865711465701595
65300	1601280300925	31	7	0.0037662444481000165	0.005906397306397307	17	14	0.9864786971541372
65400	1601280312071	36	7	0.003766079947359763	0.005886868686868688	22	14	0.9865793716071722
65500	1601280323203	30	7	0.0037474913637111367	0.005894612794612795	16	14	0.9864890607007731
65600	1601280334410	30	7	0.003766079947359763	0.005860774410774411	16	14	0.9865530514887317
65700	1601280345725	32	13	0.0037637769369962167	0.005881986531986532	18	14	0.9865537094916927
65800	1601280356977	30	6	0.0037775949991774964	0.0058989898989898985	15	14	0.9864803421615397
65900	1601280368140	31	7	0.0037777594999177494	0.005893097643097644	17	14	0.986567527553874
66000	1601280379288	32	7	0.0037752919888139496	0.005916498316498316	17	15	0.9865018917585129
66100	1601280390512	30	7	0.00373531830893239	0.005911279461279461	16	14	0.9865660470472117
66200	1601280401665	30	6	0.003781378516203323	0.005891414141414141	15	15	0.9865178483303175
66300	1601280412809	30	7	0.0037465043592696166	0.005906228956228956	16	14	0.9865094587925646
66400	1601280424012	37	6	0.003784010528047376	0.005894107744107744	22	14	0.9865296923836158
66500	1601280435238	32	6	0.0037544003948017765	0.005892929292929293	17	15	0.9865208093436421
66600	1601280446379	31	7	0.003790261556177003	0.005914478114478114	17	14	0.9865010692548116
66700	1601280457630	31	13	0.0037736469814114164	0.005907239057239057	17	14	0.9865180128310578
66800	1601280468770	30	7	0.0037465043592696166	0.0059345117845117845	16	14	0.9865206448429018
66900	1601280479926	30	7	0.0037810495147228163	0.005931313131313131	16	14	0.9865556835005758
67000	1601280491066	31	7	0.003781378516203323	0.0059038720538720545	17	14	0.9864930087185393
67100	1601280502237	31	7	0.0037677249547622966	0.00591010101010101	17	14	0.9865178483303175
67200	1601280513432	31	6	0.0037647639414377363	0.005897643097643097	16	15	0.986539562428031
67300	1601280524596	32	6	0.003778911005099523	0.005954208754208754	18	13	0.9864413554860997
67400	1601280535835	38	8	0.0037877940450732027	0.005922390572390573	23	15	0.9865361079124856
67500	1601280546985	30	7	0.003775620990294456	0.005925252525252525	16	14	0.9864755716400724
67600	1601280558126	31	7	0.00376492844217799	0.005922222222222222	17	14	0.9865025497614739
67700	1601280569363	32	13	0.003783517025826616	0.005903198653198652	17	15	0.9864495805231124
67800	1601280580530	31	7	0.0037601579207106432	0.005885353535353536	17	14	0.9865576575094588
67900	1601280591668	30	7	0.0037369633163349234	0.005881313131313131	16	14	0.9865624280309261
68000	1601280602836	33	8	0.003765586445139003	0.00591952861952862	18	15	0.9865060042770193
68100	1601280614098	31	6	0.003774469485112683	0.005926599326599327	16	15	0.9865617700279651
68200	1601280625252	30	7	0.0037542358940615235	0.005925420875420876	16	14	0.9865361079124856
68300	1601280636388	30	6	0.003786807040631683	0.005926936026936027	16	14	0.9864479355157099
68400	1601280647524	37	7	0.0037703569666063495	0.005905555555555555	23	14	0.9865240993584471
68500	1601280658770	31	7	0.003789932554696496	0.00592895622895623	17	14	0.9865468004606021
68600	1601280669919	31	6	0.0037797335088007897	0.0059478114478114475	16	15	0.9864898832044744
68700	1601280681156	32	13	0.0037573614081263364	0.005911784511784512	17	14	0.9866186872840927
68800	1601280692513	32	6	0.0037639414377364697	0.0059565656565656565	17	14	0.9865283763776937
68900	1601280703673	30	6	0.00376591544661951	0.005918686868686868	16	14	0.9865542029939135
69000	1601280714828	31	7	0.0037724954762296432	0.005920875420875421	17	14	0.9865788781049515
69100	1601280725979	31	6	0.0037820365191643364	0.0059277777777777775	17	14	0.9865277183747326
69200	1601280737140	30	7	0.0037838460273071227	0.005916666666666667	16	14	0.9865601250205626
69300	1601280748320	31	7	0.003758677414048363	0.005915151515151516	17	14	0.9865801941108735
69400	1601280759550	38	7	0.0037940450732028294	0.005937373737373738	24	14	0.9866010857048857
69500	1601280770700	32	7	0.0037747984865931896	0.005937542087542087	18	14	0.9865097877940451
69600	1601280781881	30	7	0.0037925645665405493	0.00592020202020202	16	14	0.9864574765586445
69700	1601280793091	30	7	0.0037701924658660965	0.0059303030303030305	16	14	0.9865283763776937
69800	1601280804285	30	7	0.0037851620332291494	0.005936026936026935	16	14	0.986553873992433
69900	1601280815456	31	6	0.0037448593518670833	0.005930808080808081	17	14	0.9865382464221089
70000	1601280826614	30	7	0.003780885013982563	0.005938215488215489	16	14	0.9865750945879257
70100	1601280837755	31	7	0.0037836815265668696	0.005924074074074074	17	14	0.9865686790590558
70200	1601280848890	30	7	0.00375407139332127	0.00594057239057239	16	14	0.9865267313702911
70300	1601280860032	31	7	0.0037696989636453364	0.005933501683501683	16	15	0.9865270603717716
70400	1601280871350	37	7	0.003748971870373417	0.005944612794612795	23	14	0.9865741075834841
70500	1601280882556	30	7	0.00374321434446455	0.005927272727272727	16	14	0.9865997696989637
70600	1601280893712	30	7	0.00376591544661951	0.005953198653198654	16	14	0.9865369304161868
70700	1601280904823	30	7	0.0037673959532817896	0.005955050505050505	16	14	0.9865726270768218
70800	1601280915954	31	7	0.0038055601250205624	0.005934006734006733	17	14	0.9865764105938477
70900	1601280927246	30	7	0.00377282447771015	0.005962289562289562	16	14	0.9865739430827438
71000	1601280938513	33	7	0.0037611449251521633	0.00594057239057239	18	15	0.9865142293140319
71100	1601280949658	30	7	0.0037701924658660965	0.0059434343434343435	16	14	0.9865236058562263
71200	1601280960785	31	7	0.0037683829577233098	0.0059346801346801354	17	14	0.9865275538739924
71300	1601280972034	31	6	0.0037616384273729234	0.005896464646464646	16	15	0.9864347754564895
71400	1601280983229	30	6	0.0037927290672808028	0.005894276094276094	16	14	0.9865398914295115
71500	1601280994482	33	7	0.0037746339858529365	0.005890909090909091	19	14	0.9865088007896036
71600	1601281005696	30	7	0.00375061687777595	0.005891750841750842	16	14	0.98657789110051
71700	1601281016938	37	6	0.00375160388221747	0.005893097643097644	23	14	0.9864742556341504
71800	1601281028120	32	7	0.0037861490376706695	0.005878956228956229	18	14	0.9864675111037999
71900	1601281039235	32	7	0.0037841750287876297	0.005917676767676768	17	15	0.9865487744694851
72000	1601281050456	31	14	0.0037726599769698963	0.0058947811447811445	17	14	0.986579207106432
72100	1601281061603	30	7	0.003791906563579536	0.005883838383838384	16	14	0.9864425069912814
72200	1601281072982	31	7	0.0037603224214508967	0.005889057239057239	17	14	0.986552557986511
72300	1601281084150	30	7	0.0037696989636453364	0.005921548821548822	16	14	0.9865273893732521
72400	1601281095309	29	7	0.0037667379503207765	0.0059259259259259265	15	14	0.98650649777924
72500	1601281106496	31	8	0.0037896035532159894	0.005921548821548822	17	14	0.9864092778417503
72600	1601281117695	31	7	0.0037601579207106432	0.005898484848484848	17	14	0.9865637440368482
72700	1601281128855	37	6	0.003767066951801283	0.005892255892255892	23	14	0.9865176838295773
72800	1601281139991	31	6	0.0037746339858529365	0.005924747474747474	16	14	0.9865180128310578
72900	1601281151140	31	7	0.00375357789110051	0.005897474747474748	17	14	0.9866219772988979
73000	1601281162350	38	6	0.0037522618851784833	0.0058840067340067345	23	15	0.9864986017437078
73100	1601281173701	32	6	0.00376640894884027	0.005911616161616162	17	15	0.9865296923836158
73200	1601281184856	30	6	0.00375061687777595	0.005933670033670034	16	14	0.9866209902944564
73300	1601281196014	30	6	0.003759170916269123	0.005911279461279461	15	14	0.9865502549761473
73400	1601281207196	30	8	0.0037886165487744693	0.005891414141414141	16	14	0.9864995887481494
73500	1601281218378	30	6	0.00376986346438559	0.0059234006734006734	16	14	0.9864931732192795
73600	1601281229564	30	6	0.0037713439710478696	0.005950841750841751	15	15	0.9865362724132258
73700	1601281240731	32	6	0.0037741404836321765	0.005931818181818181	17	14	0.9865171903273565
73800	1601281251890	30	7	0.0037928935680210563	0.005935016835016835	16	14	0.9865491034709656
73900	1601281263043	31	6	0.003777430498437243	0.005965993265993267	17	14	0.9864953117289028
74000	1601281274201	38	7	0.0037910840598782696	0.0059212121212121206	24	14	0.9864594505675276
74100	1601281285350	30	7	0.00376591544661951	0.005941919191919192	16	14	0.9865244283599276
74200	1601281296598	30	7	0.003773975982891923	0.0059503367003367	16	14	0.9864502385260734
74300	1601281307733	31	12	0.003772988978450403	0.005901010101010101	16	14	0.9864849481822668
74400	1601281318877	30	7	0.0037594999177496297	0.005913636363636364	16	14	0.98651949333772
74500	1601281330038	31	7	0.0037618029281131764	0.005868518518518519	16	15	0.9865244283599276
74600	1601281341183	31	7	0.0037873005428524426	0.005922053872053872	17	14	0.9864648790919559
74700	1601281352296	31	6	0.003779569008060536	0.005906565656565657	17	14	0.9865555189998355
74800	1601281363615	31	6	0.0037509458792564566	0.005900841750841751	16	15	0.986581839118276
74900	1601281375046	33	7	0.003774962987333443	0.00592020202020202	19	14	0.9865334759006416
75000	1601281386449	32	7	0.0037950320776443495	0.005908922558922558	18	14	0.9865372594176673
75100	1601281397860	31	6	0.003802270110215496	0.005921548821548822	16	14	0.9865602895213028
75200	1601281409305	31	7	0.0037945385754235895	0.005917508417508417	16	15	0.9864257279157757
75300	1601281420770	38	7	0.003782859022865603	0.005922558922558922	23	14	0.9864691561112024
75400	1601281432251	32	8	0.003780885013982563	0.005924242424242424	18	14	0.9865316663924988
75500	1601281443732	32	6	0.0037746339858529365	0.005911447811447811	17	15	0.9865073202829413
75600	1601281455269	31	14	0.0038009541042934693	0.005906734006734007	16	15	0.9865836486264188
75700	1601281466667	32	7	0.0037955255798651096	0.005944781144781144	18	14	0.9865336404013818
75800	1601281478126	31	7	0.0037826945221253495	0.005957407407407408	17	14	0.986507155782201
75900	1601281489548	32	7	0.003781378516203323	0.005929797979797979	17	15	0.9864772166474749
76000	1601281500928	31	7	0.003803915117618029	0.005943097643097643	16	15	0.9864135548609969
76100	1601281512315	29	7	0.0038021056094752425	0.005933333333333333	15	14	0.9865185063332785
76200	1601281523613	33	7	0.003786971541371936	0.005917676767676768	18	15	0.9864905412074354
76300	1601281536248	40	7	0.003784833031748643	0.005925252525252525	25	15	0.9865096232933048
76400	1601281548462	35	8	0.003766079947359763	0.005922390572390573	18	17	0.9865871031419642
76500	1601281560443	33	9	0.0037775949991774964	0.005926767676767676	18	15	0.9865652245435105
76600	1601281572559	40	8	0.00376887645994407	0.0059501683501683505	25	15	0.9865132423095904
76700	1601281585285	40	8	0.003772988978450403	0.005951683501683502	21	19	0.986559138016121
76800	1601281597815	32	7	0.0037950320776443495	0.005951346801346801	17	15	0.9864890607007731
76900	1601281610025	32	7	0.0037849975324888963	0.005937710437710438	16	16	0.986544168448758
77000	1601281621958	33	7	0.003771672972528376	0.005931313131313131	18	15	0.986557822010199
77100	1601281633485	30	8	0.0037894390524757363	0.005972390572390573	16	14	0.9865596315183418
77200	1601281644883	31	7	0.0037807205132423098	0.005943771043771044	17	14	0.9865259088665899
77300	1601281656339	31	7	0.003793716071722323	0.005935353535353536	16	15	0.9864805066622799
77400	1601281667784	31	7	0.0037767724954762298	0.005933670033670034	16	15	0.9864808356637604
77500	1601281679112	32	7	0.0037924000658002962	0.005940404040404041	17	15	0.9864754071393321
77600	1601281690371	37	7	0.0038203651916433622	0.005909427609427609	23	14	0.9865364369139661
77700	1601281701651	30	7	0.003799473597631189	0.005931986531986531	16	14	0.9865081427866426
77800	1601281712968	31	7	0.003797664089488403	0.005940404040404041	17	14	0.9864678401052804
77900	1601281724340	37	7	0.00377331797993091	0.0059035353535353535	23	14	0.9865569995064978
78000	1601281735643	32	8	0.0037927290672808028	0.0059190235690235685	18	14	0.9866005922026649
78100	1601281746999	30	7	0.003778417502878763	0.00592003367003367	16	14	0.9864610955749301
78200	1601281758811	32	13	0.003786478039151176	0.005913299663299663	16	15	0.9864903767066951
78300	1601281770245	32	7	0.0037762789932554697	0.0059479797979797985	17	14	0.9864892252015134
78400	1601281781455	32	7	0.003776443493995723	0.0059171717171717176	17	15	0.9865992761967429
78500	1601281792817	31	7	0.0037822010199045895	0.005926094276094277	17	14	0.9865890771508472
78600	1601281804252	32	7	0.0037930580687613093	0.005934848484848485	17	15	0.9864726106267478
78700	1601281815625	31	7	0.0037891100509952294	0.005914309764309764	16	15	0.9865943411745353
78800	1601281826957	32	7	0.0037960190820858692	0.005952861952861953	17	15	0.9865486099687448
78900	1601281838301	29	7	0.00376936996216483	0.005944949494949495	15	14	0.98649350222076
79000	1601281849693	30	7	0.003781378516203323	0.005958249158249159	16	14	0.9865453199539398
79100	1601281861016	30	8	0.003759170916269123	0.005953198653198654	16	14	0.9866140812633657
79200	1601281872836	33	8	0.0037843395295278828	0.005921548821548822	17	16	0.9865221253495641
79300	1601281884258	32	7	0.003783517025826616	0.005946464646464647	18	14	0.9864482645171904
79400	1601281895701	29	7	0.0037838460273071227	0.005976094276094275	15	14	0.9864574765586445
79500	1601281907086	37	7	0.003801118605033723	0.0059212121212121206	23	14	0.9864507320282941
79600	1601281918467	31	7	0.003755716400723803	0.005922053872053872	16	15	0.9864852771837473
79700	1601281929835	32	7	0.003775456489554203	0.005948821548821549	18	14	0.9865520644842902
79800	1601281941299	32	15	0.003807863135384109	0.005903030303030303	17	15	0.9865170258266163
79900	1601281952790	34	7	0.003781872018424083	0.005934343434343434	18	16	0.9865142293140319
80000	1601281964208	31	7	0.003790261556177003	0.005910606060606061	17	14	0.9865594670176016
80100	1601281975626	31	7	0.00376936996216483	0.005953198653198654	16	15	0.9865344629050831
80200	1601281987083	31	7	0.003768053956242803	0.005957744107744108	16	15	0.9865579865109393
80300	1601281998470	31	7	0.003779569008060536	0.005953872053872054	17	14	0.9865444974502385
80400	1601282009959	32	7	0.0037797335088007897	0.005975084175084175	17	15	0.9864966277348248
80500	1601282021374	31	7	0.003780062510281296	0.00595976430976431	17	14	0.9864520480342162
80600	1601282032720	31	7	0.0037940450732028294	0.0059392255892255896	16	14	0.9865328178976805
80700	1601282044078	33	7	0.003786971541371936	0.005991077441077442	19	14	0.9864604375719691
80800	1601282055421	30	7	0.003782859022865603	0.005981313131313132	16	14	0.9865153808192136
80900	1601282066754	31	7	0.003771672972528376	0.005971548821548821	16	15	0.9864992597466689
81000	1601282078192	33	7	0.00377331797993091	0.005949158249158249	18	15	0.9864732686297089
81100	1601282089580	39	7	0.0037846685310083897	0.0059654882154882155	24	15	0.9865984536930417
81200	1601282100966	32	7	0.003805231123540056	0.005938552188552188	17	15	0.9865384109228491
81300	1601282112335	32	7	0.003789274551735483	0.00591043771043771	17	15	0.9865079782859023
81400	1601282123696	40	7	0.003778417502878763	0.005931818181818181	24	16	0.9865879256456654
81500	1601282135146	31	8	0.003777924000658003	0.005957239057239058	16	15	0.9864410264846192
81600	1601282146438	30	7	0.0037924000658002962	0.005935521885521885	16	14	0.9864601085704886
81700	1601282157815	31	13	0.0037900970554367495	0.005963299663299663	17	14	0.986529198881395
81800	1601282169141	32	7	0.003797828590228656	0.0059479797979797985	17	15	0.9864308274387235
81900	1601282180694	31	7	0.003814607665734496	0.005935353535353536	17	14	0.9865037012666557
82000	1601282192107	31	7	0.0037708504688271096	0.005931481481481481	16	15	0.9864921862148379
82100	1601282203453	32	7	0.0037762789932554697	0.005927272727272727	17	15	0.9864951472281626
82200	1601282214850	31	7	0.0037780885013982564	0.005918518518518518	16	15	0.9865866096397434
82300	1601282226436	33	6	0.003802270110215496	0.005887373737373737	18	14	0.9864943247244613
82400	1601282237805	33	7	0.003785984536930416	0.005901851851851853	18	15	0.986457147557164
82500	1601282249547	32	7	0.0037706859680868565	0.005933501683501683	16	16	0.9864783681526567
82600	1601282261061	31	7	0.0038134561605527224	0.005927104377104377	17	14	0.9864916927126172
82700	1601282272422	30	7	0.003781872018424083	0.005941582491582492	16	14	0.9865458134561605
82800	1601282283800	33	7	0.003778911005099523	0.005937878787878788	18	15	0.9865369304161868
82900	1601282295180	32	7	0.0037669024510610296	0.00594057239057239	17	15	0.9864864286889291
83000	1601282306484	37	7	0.0037843395295278828	0.005929797979797979	22	14	0.9865104457970061
83100	1601282317845	31	7	0.003758183911827603	0.005933670033670034	17	14	0.9865328178976805
83200	1601282329222	33	7	0.003774962987333443	0.0059235690235690235	18	15	0.9865073202829413
83300	1601282340632	38	7	0.0037616384273729234	0.005907744107744107	23	15	0.9864936667215003
83400	1601282352001	31	7	0.0037767724954762298	0.005936195286195286	17	14	0.9865301858858365
83500	1601282363387	32	7	0.003777430498437243	0.005929124579124579	17	15	0.9865346274058233
83600	1601282374788	34	14	0.003807863135384109	0.005887710437710437	20	14	0.9864657015956572
83700	1601282386080	32	7	0.003803257114657016	0.005909764309764309	17	15	0.9865252508636289
83800	1601282397431	31	6	0.0037797335088007897	0.005935521885521885	17	14	0.9865066622799803
83900	1601282408719	31	7	0.003799967099851949	0.00593047138047138	16	15	0.9865111037999671
84000	1601282420077	31	7	0.0037996380983714426	0.005941750841750841	17	14	0.9865152163184734
84100	1601282431483	31	7	0.0037673959532817896	0.005932491582491582	16	15	0.9864944892252016
84200	1601282442778	31	7	0.003805066622799803	0.005916498316498316	17	14	0.9865074847836816
84300	1601282454082	31	7	0.0038070406316828426	0.005951178451178451	16	15	0.9864803421615397
84400	1601282465478	31	7	0.0037838460273071227	0.005912121212121212	17	14	0.9866033887152492
84500	1601282476804	31	6	0.003806876130942589	0.00592003367003367	16	14	0.9864821516696826
84600	1601282488255	35	7	0.0038060536272413225	0.005917340067340068	19	16	0.9865081427866426
84700	1601282499601	32	7	0.003779569008060536	0.005942424242424243	17	15	0.9865375884191478
84800	1601282510800	30	7	0.003780885013982563	0.005937037037037037	16	14	0.9864852771837473
84900	1601282522073	38	7	0.0037542358940615235	0.005954545454545454	24	14	0.9864969567363053
85000	1601282533508	32	7	0.00377331797993091	0.005957070707070707	17	14	0.9865104457970061
85100	1601282545434	32	7	0.0038001316005922027	0.005945454545454546	17	14	0.986556506004277
85200	1601282556836	38	7	0.0037576904096068434	0.005946801346801346	24	14	0.986566211547952
85300	1601282568224	33	7	0.0038006251028129628	0.0059521885521885524	18	15	0.9864612600756704
85400	1601282579597	32	7	0.0037746339858529365	0.005904713804713804	18	14	0.9865023852607336
85500	1601282591034	38	7	0.003790919559138016	0.005927104377104377	23	15	0.9865671985523935
85600	1601282602466	32	6	0.003802763612436256	0.005924915824915825	17	15	0.9864870866918901
85700	1601282613896	32	7	0.0038065471294620825	0.005929797979797979	17	15	0.986429840434282
85800	1601282625380	31	14	0.0038024346109557495	0.005964309764309764	16	15	0.9864280309261392
85900	1601282636747	32	7	0.0038004606020727093	0.005976094276094275	17	15	0.9864143773646982
86000	1601282648133	34	7	0.003783352525086363	0.005966835016835016	19	15	0.986576575094588
86100	1601282659599	32	13	0.0038055601250205624	0.005936531986531986	17	14	0.9864484290179306
86200	1601282671001	31	7	0.0037746339858529365	0.005968181818181819	17	14	0.9864926797170587
86300	1601282682463	30	7	0.003802270110215496	0.005968350168350168	15	15	0.986533146899161
86400	1601282693899	31	7	0.0037917420628392827	0.0059476430976430975	16	15	0.986559138016121
86500	1601282705283	31	7	0.003806876130942589	0.0059432659932659926	16	15	0.9865280473762132
86600	1601282716617	31	8	0.003799802599111696	0.005943097643097643	16	15	0.9865352854087843
86700	1601282727993	32	6	0.0037989800954104295	0.005942255892255892	16	15	0.9864615890771509
86800	1601282739467	31	7	0.003798322092449416	0.005929292929292929	16	15	0.9865494324724461
86900	1601282750896	31	7	0.003796348083566376	0.00594023569023569	17	14	0.9865816746175358
87000	1601282762286	33	7	0.0038049021220595493	0.005958249158249159	17	15	0.9864721171245271
87100	1601282773743	31	7	0.003800296101332456	0.005934343434343434	16	15	0.9865265668695509
87200	1601282785667	31	7	0.003781378516203323	0.0059479797979797985	17	14	0.9864828096726436
87300	1601282797194	33	7	0.0037894390524757363	0.0059722222222222225	18	15	0.9864918572133574
87400	1601282808755	33	7	0.003794209573943083	0.0059501683501683505	18	14	0.9864936667215003
87500	1601282820408	33	7	0.0038060536272413225	0.0059235690235690235	18	15	0.9864805066622799
87600	1601282832171	34	7	0.003799802599111696	0.0059255892255892255	19	15	0.9864247409113341
87700	1601282844598	32	7	0.003802763612436256	0.005904882154882155	18	14	0.9864907057081757
87800	1601282857090	37	8	0.0037798980095410427	0.005928451178451179	19	18	0.9865081427866426
87900	1601282871018	40	9	0.0037947030761638426	0.00592003367003367	20	19	0.9864408619838789
88000	1601282884919	47	8	0.003790919559138016	0.00592053872053872	28	19	0.9864992597466689
88100	1601282897414	35	8	0.0037731534791906563	0.005954545454545454	19	16	0.9865782201019905
88200	1601282909752	32	7	0.003782859022865603	0.0059543771043771045	17	14	0.9864650435926962
88300	1601282921634	39	7	0.003776443493995723	0.005961447811447812	24	15	0.9865163678236553
88400	1601282933393	32	7	0.0037896035532159894	0.005949158249158249	18	14	0.9864828096726436
88500	1601282945053	32	7	0.003811811153150189	0.005946296296296296	17	15	0.9865125843066294
88600	1601282956847	38	7	0.0038006251028129628	0.005919696969696969	23	14	0.9864406974831387
88700	1601282968624	32	7	0.003789768053956243	0.005969191919191919	17	15	0.9865099522947853
88800	1601282980268	31	7	0.003799802599111696	0.005924915824915825	17	14	0.9865334759006416
88900	1601282991873	32	13	0.0037979930909689094	0.005929292929292929	18	14	0.9864658660963974
89000	1601283003774	32	8	0.003787958545813456	0.005935016835016835	18	14	0.9865670340516532
89100	1601283015504	33	7	0.0037956900806053627	0.005923905723905725	19	14	0.9864528705379174
89200	1601283027489	35	15	0.0037884520480342162	0.005924242424242424	19	16	0.9864622470801119
89300	1601283039834	30	7	0.003787465043592696	0.00594949494949495	16	14	0.9864923507155782
89400	1601283051578	34	8	0.0037805560125020563	0.005944949494949495	19	15	0.9864124033558151
89500	1601283063498	32	6	0.003803421615397269	0.0059410774410774405	17	15	0.9865366014147063
89600	1601283075239	33	8	0.0038139496627734824	0.005929797979797979	17	16	0.9865211383451226
89700	1601283087666	36	7	0.0038019411087349894	0.005927272727272727	18	18	0.9865247573614081
89800	1601283099693	32	7	0.0037981575917091625	0.005938720538720539	17	15	0.9864865931896694
89900	1601283111451	31	7	0.003775127488073696	0.005944612794612795	17	14	0.9864411909853594
90000	1601283122982	32	7	0.003801612107254483	0.005967003367003367	17	15	0.9865096232933048
90100	1601283134483	31	7	0.003782530021385096	0.005969360269360269	17	14	0.9866196742885343
90200	1601283146127	31	8	0.0037881230465537097	0.005943771043771044	16	15	0.9865341339036026
90300	1601283157699	31	7	0.003783023523605856	0.005954040404040403	16	15	0.9865484454680046
90400	1601283169292	32	7	0.0037925645665405493	0.005961279461279461	16	15	0.9865517354828097
90500	1601283180837	32	7	0.0037900970554367495	0.005936026936026935	17	15	0.9865456489554203
90600	1601283192358	32	7	0.003801612107254483	0.005937205387205388	17	15	0.9864612600756704
90700	1601283203891	32	6	0.003784833031748643	0.005950841750841751	17	14	0.9865050172725778
90800	1601283215611	32	7	0.003810659647968416	0.005923063973063973	17	15	0.9865117618029281
90900	1601283227121	32	7	0.0037703569666063495	0.005942255892255892	17	15	0.9865963151834183
91000	1601283238630	32	6	0.0037905905576575095	0.005949158249158249	17	15	0.9864328014476065
91100	1601283250246	32	6	0.0037854910347096564	0.005956902356902357	17	15	0.9865423589406153
91200	1601283261756	31	7	0.0037876295443329496	0.005936195286195286	16	15	0.9865171903273565
91300	1601283273315	31	7	0.003769040960684323	0.0059434343434343435	16	15	0.9864796841585787
91400	1601283285761	34	8	0.003812304655370949	0.0059303030303030305	18	15	0.9865010692548116
91500	1601283298187	33	6	0.003794374074683336	0.005938383838383838	17	15	0.986533146899161
91600	1601283309801	32	6	0.0038030926139167626	0.005941245791245791	17	14	0.9864277019246587
91700	1601283321642	41	8	0.003801612107254483	0.005931986531986531	25	16	0.9865236058562263
91800	1601283334861	32	7	0.0037841750287876297	0.005926094276094277	17	15	0.9865226188517848
91900	1601283346906	33	7	0.0037882875472939627	0.005916835016835017	17	15	0.9865017272577726
92000	1601283358823	31	14	0.003789274551735483	0.00592962962962963	16	14	0.986444810001645
92100	1601283370952	33	8	0.003794209573943083	0.005924579124579125	17	15	0.9865211383451226
92200	1601283383278	36	9	0.003797828590228656	0.005912626262626263	20	16	0.9865015627570324
92300	1601283396130	34	7	0.0037718374732686297	0.005924242424242424	18	16	0.986539562428031
92400	1601283408383	32	7	0.0038093436420463893	0.005951178451178451	17	14	0.9864892252015134
92500	1601283420910	39	8	0.003783023523605856	0.005977104377104377	21	17	0.9865063332784998
92600	1601283434845	34	8	0.003789932554696496	0.0059489898989899	18	16	0.9865464714591216
92700	1601283447500	33	8	0.0038116466524099357	0.005919696969696969	18	15	0.9864905412074354
92800	1601283459984	34	7	0.00376986346438559	0.005913804713804714	18	15	0.9865773975982892
92900	1601283472017	32	7	0.003804737621319296	0.005913299663299663	17	15	0.9864457970060865
93000	1601283485105	41	9	0.0037861490376706695	0.005932659932659933	20	20	0.9865563415035368
93100	1601283496866	33	7	0.0037984865931896695	0.00592003367003367	18	15	0.9865158743214344
93200	1601283510433	35	8	0.0037861490376706695	0.005926094276094277	18	16	0.9865022207599934
93300	1601283522570	31	7	0.003811153150189176	0.005905050505050505	16	15	0.9865431814443165
93400	1601283535115	35	7	0.003797335088007896	0.005907912457912458	18	17	0.9864112518506333
93500	1601283548148	35	8	0.0038021056094752425	0.005930639730639731	19	16	0.9864763941437736
93600	1601283561578	42	8	0.003793222569501563	0.005947138047138047	20	22	0.9864971212370456
93700	1601283576772	37	8	0.0037836815265668696	0.005958585858585858	19	18	0.9865484454680046
93800	1601283591744	45	9	0.0038045731205790427	0.005912962962962963	21	24	0.9865614410264846
93900	1601283608040	66	10	0.003783023523605856	0.005948821548821549	39	26	0.9865568350057575
94000	1601283623414	35	9	0.0038075341339036026	0.005951851851851851	18	17	0.9865699950649778
94100	1601283637803	37	8	0.003791413061358776	0.005927272727272727	20	17	0.986543510445797
94200	1601283652127	46	9	0.0037782530021385095	0.005942592592592592	26	20	0.986494160223721
94300	1601283666496	42	8	0.0037807205132423098	0.005926430976430977	21	21	0.9864882381970719
94400	1601283681432	38	8	0.003793880572462576	0.005912121212121212	17	21	0.9865129133081099
94500	1601283695906	43	8	0.0037955255798651096	0.005926599326599327	24	18	0.9864857706859681
94600	1601283710736	41	9	0.003793880572462576	0.00593939393939394	19	21	0.9865114328014476
94700	1601283725849	48	10	0.0037639414377364697	0.0059700336700336705	23	25	0.9865393979272906
94800	1601283741349	40	17	0.0038024346109557495	0.005927441077441078	19	21	0.9864803421615397
94900	1601283756383	39	8	0.0037815430169435764	0.005961447811447812	20	18	0.9865816746175358
95000	1601283771268	39	8	0.0038080276361243627	0.005958585858585858	18	20	0.9864813291659813
95100	1601283785879	36	16	0.0037787465043592696	0.0059235690235690235	19	17	0.9865586445139003
95200	1601283800519	36	9	0.0037831880243461096	0.005929461279461279	18	17	0.9865005757525909
95300	1601283814777	36	9	0.0037805560125020563	0.005937710437710438	18	18	0.9865127488073696
95400	1601283828071	33	14	0.003810330646487909	0.005934343434343434	18	15	0.9865523934857707
95500	1601283840436	33	6	0.003796841585787136	0.0059190235690235685	18	14	0.9864364204638921
95600	1601283852294	33	7	0.003782530021385096	0.005943602693602694	18	15	0.9864887316992926
95700	1601283864680	34	15	0.0037886165487744693	0.005952693602693603	18	16	0.9865013982562921
95800	1601283876476	31	7	0.0038127981575917093	0.005954545454545454	16	15	0.9865698305642375
95900	1601283888051	33	8	0.003793222569501563	0.005953198653198654	19	14	0.986520151340681
96000	1601283899603	33	15	0.003786478039151176	0.005953367003367003	18	15	0.9865843066293798
96100	1601283911400	34	8	0.0037896035532159894	0.005957239057239058	19	15	0.9865749300871854
96200	1601283923066	31	8	0.0037645994406974833	0.005968181818181819	17	14	0.9865444974502385
96300	1601283934985	32	14	0.0037947030761638426	0.005978282828282829	17	15	0.98650649777924
96400	1601283946569	31	8	0.0038149366672150025	0.005958080808080808	16	15	0.9865653890442507
96500	1601283958141	32	8	0.0037845040302681363	0.005976936026936027	18	14	0.9864810001645007
96600	1601283969920	33	7	0.003797828590228656	0.005968686868686869	17	15	0.9864999177496299
96700	1601283981731	32	7	0.0037831880243461096	0.00597979797979798	17	15	0.986553873992433
96800	1601283993513	32	8	0.0037970060865273893	0.0059718855218855215	17	15	0.9865166968251358
96900	1601284005445	32	7	0.0038025991116960025	0.005962457912457913	17	15	0.9864515545319954
97000	1601284017333	30	7	0.0038001316005922027	0.005963131313131313	16	14	0.9864801776607994
97100	1601284029734	34	7	0.003794374074683336	0.005944444444444445	19	15	0.9864650435926962
97200	1601284041917	30	7	0.0037884520480342162	0.005942592592592592	16	14	0.9865741075834841
97300	1601284054894	30	7	0.003798815594670176	0.005936026936026935	16	14	0.9864869221911499
97400	1601284066719	34	8	0.003798322092449416	0.005953535353535353	18	16	0.9865334759006416
97500	1601284078597	31	6	0.0038009541042934693	0.0059676767676767675	16	14	0.9864637275867741
97600	1601284090222	32	7	0.0038169106760980423	0.005957239057239058	17	15	0.9864684981082414
97700	1601284102457	31	7	0.0037935515709820694	0.005953030303030303	16	15	0.9865214673466031
97800	1601284114619	34	7	0.0038183911827603225	0.005944107744107744	18	15	0.9865129133081099
97900	1601284126231	32	7	0.003785326533969403	0.0059456228956228955	17	15	0.9865372594176673
98000	1601284137737	32	7	0.0037996380983714426	0.005965151515151515	17	14	0.9864893897022536
98100	1601284149330	32	7	0.0037846685310083897	0.005981986531986532	17	14	0.9865366014147063
98200	1601284160983	32	7	0.003789768053956243	0.0059698653198653195	17	15	0.9865553544990953
98300	1601284172552	32	7	0.0037896035532159894	0.005945117845117845	17	14	0.9865283763776937
98400	1601284184142	31	8	0.0037849975324888963	0.0059498316498316495	16	15	0.9865208093436421
98500	1601284195850	31	7	0.0038075341339036026	0.005929124579124579	16	15	0.9864686626089817
98600	1601284207872	34	8	0.003779569008060536	0.005945959595959597	19	15	0.9865157098206941
98700	1601284219768	35	7	0.003810166145747656	0.005976262626262626	19	15	0.9864507320282941
98800	1601284231597	34	7	0.0038080276361243627	0.00597929292929293	18	15	0.9865323243954598
98900	1601284243156	32	8	0.0037935515709820694	0.005935521885521885	17	15	0.986531172890278
99000	1601284255113	40	7	0.0037708504688271096	0.005902356902356903	21	19	0.9864555025497614
99100	1601284267284	33	9	0.0037961835828261227	0.005921043771043771	18	14	0.9865841421286395
99200	1601284279581	33	8	0.003788781049514723	0.00589006734006734	18	14	0.9864928442177989
99300	1601284291758	35	7	0.0038119756538904427	0.0059476430976430975	19	16	0.9865165323243955
99400	1601284304504	32	7	0.0038030926139167626	0.005905892255892256	17	14	0.9864525415364369
99500	1601284316554	33	7	0.0037935515709820694	0.005940404040404041	18	15	0.9865690080605363
99600	1601284329742	33	6	0.0037762789932554697	0.005936531986531986	17	15	0.9865568350057575
99700	1601284342040	35	9	0.0038060536272413225	0.005945959595959597	19	16	0.986542194439875
99800	1601284354654	35	8	0.003771508471788123	0.005913804713804714	19	16	0.9865081427866426
99900	1601284367301	35	7	0.0038006251028129628	0.00592053872053872	18	17	0.9864683336075012
100000	1601284380102	42	9	0.0037986510939299225	0.005932154882154882	23	19	0.9865038657673959
