iteration	timestamp	zTotalTime	phiTotalTime	typeTokenDensity	documentDensity	z-0	countUpdate-0	phiDensity
0	1601289398369	0	0	0.001	0.0	0	0	0.9890850468827109
100	1601289422929	60	18	0.0010797828590228657	0.0010818181818181818	10	40	0.989010363546636
200	1601289444935	43	7	0.0012676427043921698	0.0015542087542087541	10	32	0.9888397762789932
300	1601289466490	44	9	0.0015843066293798323	0.0021003367003367005	12	31	0.9885272248725119
400	1601289486337	35	8	0.001915611120250041	0.002658922558922559	14	20	0.9882191149860174
500	1601289506673	39	9	0.002170751768382958	0.003190909090909091	20	19	0.9879703898667545
600	1601289526610	54	8	0.0023415035367659156	0.0035203703703703708	29	24	0.9878060536272413
700	1601289547060	52	9	0.0024661950978779406	0.0037801346801346804	17	34	0.9877144267149203
800	1601289567526	39	9	0.002574765586445139	0.003969023569023569	17	22	0.9875892416515875
900	1601289587922	38	9	0.0026489554202993914	0.004117845117845118	16	22	0.9875262378680704
1000	1601289609737	56	8	0.002719361737127817	0.00421010101010101	20	34	0.9874252344135549
1100	1601289630443	40	8	0.00275259088665899	0.004347811447811448	15	24	0.9873676591544662
1200	1601289651497	41	9	0.0027767724954762298	0.004438383838383839	15	26	0.9874240829083731
1300	1601289672794	65	12	0.002834676756045402	0.004503198653198653	18	46	0.9873508800789603
1400	1601289693284	45	9	0.0028443822997203487	0.004565488215488215	16	28	0.9873627241322586
1500	1601289713116	56	10	0.0028731699292646818	0.004633164983164983	17	39	0.9873137029116631
1600	1601289735148	58	10	0.0028884684981082417	0.004689225589225589	16	39	0.9872046389208752
1700	1601289756696	43	16	0.0029202171409771346	0.004752020202020202	18	24	0.9872676427043922
1800	1601289775167	54	18	0.0029108405987826945	0.004817340067340067	18	34	0.9872674782036519
1900	1601289793592	45	23	0.002943411745352854	0.004834343434343434	15	30	0.9871914788616549
2000	1601289811943	50	9	0.0029573943082743873	0.004904713804713805	26	24	0.9872102319460437
2100	1601289830538	86	10	0.0029578878104951473	0.0049590909090909095	34	51	0.9872648461918079
2200	1601289848803	51	9	0.002959368317157427	0.0049996632996633	24	24	0.9872284915282119
2300	1601289866157	52	9	0.0029884849481822667	0.005023737373737374	28	23	0.9871950978779405
2400	1601289883499	39	9	0.00299950649777924	0.005059090909090909	16	22	0.9871436091462411
2500	1601289900511	40	9	0.0030121730547787466	0.005093939393939394	16	23	0.987236387563744
2600	1601289931902	89	26	0.00302270110215496	0.005124747474747475	19	59	0.9872225695015627
2700	1601289956736	83	12	0.003046553709491693	0.005138383838383838	20	54	0.9871895048527718
2800	1601289986595	254	10	0.0030338871524921863	0.005140909090909091	23	33	0.987185063332785
2900	1601290012019	48	16	0.0030787958545813454	0.00516043771043771	17	31	0.9870970554367494
3000	1601290037621	62	10	0.003103799967099852	0.005174410774410774	19	37	0.9870837308767889
3100	1601290062516	49	11	0.0030786313538410924	0.0052016835016835015	19	27	0.9870840598782694
3200	1601290087800	76	9	0.003080605362724132	0.005213636363636364	26	49	0.9870429346932061
3300	1601290111110	48	9	0.0031065964796841584	0.005235858585858586	17	29	0.9870761638427373
3400	1601290134135	50	10	0.003108405987826945	0.0052634680134680135	17	32	0.9871324230959039
3500	1601290156302	43	10	0.003087349893074519	0.005286195286195286	15	26	0.9871088994900477
3600	1601290181435	71	10	0.003103306464879092	0.00528047138047138	18	49	0.9871077479848659
3700	1601290207354	52	12	0.0031339036025662117	0.005307912457912458	18	32	0.98713637111367
3800	1601290240695	52	9	0.0031238690574107585	0.005345622895622896	19	32	0.9871304490870209
3900	1601290265957	81	10	0.003137193617371278	0.005357575757575758	49	31	0.9870656357953611
4000	1601290302465	55	21	0.0031513406810330644	0.00534983164983165	19	32	0.9870458957065307
4100	1601290330191	56	10	0.0031408126336568516	0.005375757575757575	18	34	0.9870669518012831
4200	1601290354836	63	9	0.0031608817239677576	0.005398989898989899	18	41	0.9870396446784011
4300	1601290382263	56	16	0.003147063661786478	0.005401683501683501	18	35	0.98701299555848
4400	1601290406745	53	10	0.003175193288369798	0.005391582491582492	22	30	0.9870681033064649
4500	1601290431359	55	11	0.003148544168448758	0.005425589225589226	17	37	0.9870197400888304
4600	1601290458278	63	10	0.003167297252837638	0.005418518518518519	20	37	0.9870299391347261
4700	1601290483764	161	56	0.0031681197565389045	0.0054313131313131315	127	30	0.9869978614903767
4800	1601290521026	71	11	0.0031816088172396777	0.005443097643097643	20	43	0.987037012666557
4900	1601290546096	58	10	0.0032025004112518508	0.005445791245791246	19	27	0.9870401381806219
5000	1601290571293	66	11	0.003189340352031584	0.005463636363636364	28	37	0.9869937489718704
5100	1601290599306	81	10	0.003205296923836157	0.005487542087542087	44	36	0.9869703898667544
5200	1601290626334	60	10	0.003205296923836157	0.00549023569023569	20	32	0.9869715413719362
5300	1601290653013	57	10	0.0032192794867576904	0.00548989898989899	22	30	0.9869764763941438
5400	1601290677914	48	10	0.0032247080111860505	0.005464646464646465	18	29	0.9869874979437407
5500	1601290703002	72	9	0.003215989471952624	0.00548989898989899	22	40	0.9869981904918572
5600	1601290727427	52	10	0.00323260404671821	0.005503030303030303	20	30	0.9870024675111038
5700	1601290755107	65	10	0.00323753906892581	0.005486531986531987	22	31	0.9868966935351209
5800	1601290780719	55	10	0.0032421450896529033	0.005510101010101009	21	30	0.9870223721006744
5900	1601290806186	81	9	0.00323309754893897	0.005544781144781145	32	42	0.9870393156769205
6000	1601290834088	86	11	0.00327109721993749	0.005536868686868687	21	51	0.986914295114328
6100	1601290859194	61	10	0.0032237210067445304	0.005591077441077441	28	31	0.9870113505510775
6200	1601290884020	53	10	0.0032396775785491034	0.00556919191919192	19	30	0.9870162855732851
6300	1601290927228	55	9	0.0032740582332620497	0.0055486531986531995	18	32	0.9869802599111696
6400	1601290949558	53	8	0.0032686297088336896	0.0055528619528619535	23	29	0.9869095245928606
6500	1601290972679	57	9	0.0032758677414048364	0.005580471380471381	18	38	0.9869230136535614
6600	1601290999374	48	10	0.003275703240664583	0.005578114478114478	20	27	0.9869695673630531
6700	1601291026620	103	10	0.003288040796183583	0.005581986531986532	63	28	0.9869164336239513
6800	1601291054208	329	9	0.003280638262872183	0.005564814814814815	45	43	0.9869004770521468
6900	1601291081314	60	9	0.003291659812469156	0.005579966329966331	22	34	0.986935680210561
7000	1601291107885	59	11	0.0032988978450403028	0.005596296296296296	21	35	0.9869452212534956
7100	1601291134551	45	9	0.0033181444316499422	0.005586026936026936	19	24	0.9868754729396282
7200	1601291158870	54	10	0.003307945385754236	0.005595117845117845	18	34	0.9869113341010034
7300	1601291184292	62	9	0.0033117289027800624	0.005575084175084175	20	37	0.9868932390195756
7400	1601291208337	59	11	0.0033201184405329824	0.005623232323232323	29	29	0.9868715249218621
7500	1601291233382	71	9	0.0033092613916762626	0.005606565656565656	28	40	0.9868674124033558
7600	1601291260378	52	9	0.0033331139990129956	0.005595622895622896	18	31	0.9868802434610956
7700	1601291291764	85	11	0.0033337720019740087	0.005596464646464647	21	62	0.9868769534462906
7800	1601291320508	66	11	0.003330810988649449	0.005614814814814815	24	40	0.9868810659647969
7900	1601291349722	89	13	0.0033388715249218623	0.005614646464646465	22	32	0.9868534298404343
8000	1601291380375	63	27	0.0033469320611942753	0.005614141414141414	22	40	0.9869167626254318
8100	1601291412307	50	9	0.0033535120908044086	0.005634343434343435	20	28	0.9868863299884849
8200	1601291443085	55	14	0.0033791742062839283	0.005597643097643098	18	31	0.9868522783352525
8300	1601291471176	50	9	0.0033586116137522617	0.005608249158249159	21	27	0.9868345122553052
8400	1601291497173	49	10	0.0033638756374403684	0.0056208754208754205	17	31	0.9868422437900971
8500	1601291526782	54	9	0.003371442671492022	0.00564006734006734	24	29	0.9868632998848494
8600	1601291556414	54	10	0.0033916762625431814	0.0056671717171717165	21	31	0.986815594670176
8700	1601291585438	309	108	0.0033862477381148216	0.005674579124579125	24	77	0.9868090146405659
8800	1601291613004	52	9	0.003390031255140648	0.005655555555555556	23	27	0.986737621319296
8900	1601291642501	85	9	0.0033972692877117946	0.00564023569023569	53	30	0.9868516203322915
9000	1601291671386	50	9	0.0033916762625431814	0.005645286195286195	21	28	0.9868328672479026
9100	1601291699909	69	9	0.003408290837308768	0.0056429292929292925	26	40	0.986852607336733
9200	1601291729782	56	10	0.0033915117618029283	0.005694444444444445	24	30	0.9868401052804737
9300	1601291759161	55	9	0.0033956242803092613	0.005697643097643098	23	31	0.9868827109721994
9400	1601291783492	58	15	0.0033857542358940616	0.005706565656565656	22	35	0.9868776114492516
9500	1601291809658	47	38	0.003405823326204968	0.005676936026936026	20	26	0.9867488073696332
9600	1601291834892	48	9	0.003438723474255634	0.0056851851851851855	18	26	0.986851291330811
9700	1601291858767	50	12	0.003441684487580194	0.005686868686868687	19	31	0.9868167461753578
9800	1601291884354	63	10	0.003420792893568021	0.005688552188552188	25	35	0.9868193781872019
9900	1601291909172	304	9	0.0034430004935022207	0.0056850168350168345	23	45	0.9867775949991775
10000	1601291936737	66	9	0.0034453035038657675	0.005711111111111111	24	39	0.9867591709162691
10100	1601291960275	64	17	0.0034635630860338873	0.005708080808080808	22	42	0.9867216647474913
10200	1601291994058	73	10	0.003445632505346274	0.005701010101010101	20	47	0.9868098371442672
10300	1601292016994	58	10	0.0034504030268136207	0.005717508417508418	20	36	0.9868590228656029
10400	1601292042797	50	9	0.0034630695838131272	0.005697979797979797	22	26	0.9867295607830235
10500	1601292067100	66	11	0.003448100016450074	0.005690909090909091	31	33	0.986742227340023
10600	1601292092073	71	9	0.0034661950978779406	0.005728451178451179	35	34	0.9868391182760322
10700	1601292116802	52	10	0.0034712946208257938	0.00569023569023569	24	26	0.9868063826287218
10800	1601292142029	59	10	0.003472775127488074	0.005707407407407408	19	36	0.986782530021385
10900	1601292167061	51	10	0.0034755716400723803	0.005714141414141415	20	28	0.9867134397104786
11000	1601292213839	62	9	0.0034805066622799804	0.005702525252525252	25	33	0.9867404178318803
11100	1601292243247	90	14	0.003475407139332127	0.0057314814814814815	23	51	0.9867369633163349
11200	1601292272925	55	17	0.0034884026978121404	0.0057333333333333325	22	31	0.9867293962822833
11300	1601292299906	53	11	0.0034949827274222732	0.005752693602693602	21	30	0.986725941766738
11400	1601292328020	59	9	0.0034939957229807536	0.005737542087542088	20	33	0.986775949991775
11500	1601292355634	63	9	0.0035112683007073532	0.005761279461279462	25	35	0.986751274880737
11600	1601292381115	58	10	0.0035053462740582335	0.005738720538720539	21	35	0.9867797335088008
11700	1601292409609	83	10	0.0034782036519164336	0.005736700336700337	34	39	0.9867775949991775
11800	1601292437549	51	25	0.0034974502385260735	0.005748821548821549	19	31	0.9866858035861161
11900	1601292463361	51	10	0.003480342161539727	0.0057424242424242425	22	26	0.9867282447771015
12000	1601292496171	78	10	0.0034791906563579537	0.005795791245791246	22	33	0.9867394308274388
12100	1601292523201	67	13	0.00350518177331798	0.0057819865319865315	35	28	0.9866655699950649
12200	1601292549674	82	23	0.00351159730218786	0.005770538720538721	23	55	0.986775291988814
12300	1601292578357	80	9	0.0034872511926303668	0.005777104377104377	34	45	0.9867585129133081
12400	1601292609560	61	9	0.0035025497614739266	0.005781649831649832	23	34	0.9867200197400888
12500	1601292637994	80	11	0.00351159730218786	0.0057996632996633	40	38	0.9867078466853101
12600	1601292665998	90	19	0.0034999177496298733	0.005814814814814814	55	30	0.98679223556506
12700	1601292691106	73	19	0.00352393485770686	0.005792424242424242	25	48	0.9867308767889456
12800	1601292728099	60	10	0.0035219608488238196	0.005814141414141414	25	33	0.9867696989636453
12900	1601292754721	62	11	0.00352442835992762	0.005830471380471381	20	42	0.9866899161046224
13000	1601292785584	66	9	0.0035310083895377527	0.005842592592592592	21	38	0.9867465043592696
13100	1601292819279	135	56	0.0035106102977463397	0.005813636363636364	84	47	0.9867058726764271
13200	1601292872377	81	10	0.003530185885836486	0.005827272727272727	46	32	0.9867576904096068
13300	1601292903975	91	10	0.0035331468991610464	0.00582053872053872	32	43	0.9867055436749466
13400	1601292933870	63	10	0.0035492679717058725	0.005834511784511784	25	36	0.9866242803092614
13500	1601292957729	58	10	0.0035512419805889127	0.005816329966329966	25	33	0.9866499424247409
13600	1601292982049	59	9	0.0035224543510445796	0.005834006734006735	27	31	0.9866629379832209
13700	1601293004423	60	9	0.0035736140812633655	0.005823737373737374	21	39	0.9866938641223886
13800	1601293026063	70	9	0.003537423918407633	0.0058510101010101016	30	40	0.9866788945550254
13900	1601293047295	50	9	0.003541371936173713	0.005831481481481482	19	30	0.9867466688600098
14000	1601293068787	56	9	0.003547951965783846	0.005839225589225589	18	38	0.986756538904425
14100	1601293090547	46	10	0.0035468004606020727	0.005844612794612795	21	24	0.9867618029281132
14200	1601293112362	46	10	0.003547458463563086	0.005821212121212122	18	28	0.9867405823326205
14300	1601293135019	53	8	0.003539068925810166	0.005851515151515152	28	24	0.9867308767889456
14400	1601293155750	45	9	0.0035362724132258594	0.0058816498316498315	24	19	0.986754564895542
14500	1601293176968	50	9	0.003547458463563086	0.005864141414141414	22	28	0.9866767560454022
14600	1601293199189	71	10	0.0035435104457970062	0.005873905723905724	24	47	0.9868229972034874
14700	1601293220366	39	9	0.003549925974666886	0.005862626262626262	18	21	0.9867195262378681
14800	1601293240777	60	11	0.003565718045731206	0.005857912457912458	37	22	0.9866960026320118
14900	1601293262369	60	8	0.003553873992432966	0.005847138047138047	30	29	0.9866413883862477
15000	1601293283599	52	9	0.003581181115315019	0.005857912457912458	21	30	0.9867164007238033
15100	1601293305988	56	9	0.0035736140812633655	0.005843939393939394	22	33	0.9866966606349729
15200	1601293327507	57	9	0.003557822010199046	0.00584006734006734	24	33	0.986716236223063
15300	1601293348000	52	9	0.0035719690738608323	0.005853872053872054	30	22	0.9867180457312058
15400	1601293368461	54	9	0.003568843559796019	0.0058351851851851854	18	36	0.9867001151505181
15500	1601293389537	62	9	0.0035594670176015792	0.005846632996632997	24	38	0.9867211712452706
15600	1601293411670	72	10	0.003565389044250699	0.005844949494949495	43	29	0.9866877775949991
15700	1601293432900	54	11	0.003556835005757526	0.0058510101010101016	21	33	0.9867210067445303
15800	1601293453433	37	9	0.003556341503536766	0.005868181818181818	18	19	0.9866348083566376
15900	1601293474102	51	12	0.003582826122717552	0.0058496632996633	22	29	0.9866811975653891
16000	1601293495259	39	9	0.0035685145583155124	0.005867508417508418	19	20	0.9867323572956078
16100	1601293516213	50	8	0.003565224543510446	0.005872053872053872	21	28	0.9867104786971541
16200	1601293536643	46	8	0.003577233097548939	0.005871885521885521	27	18	0.9867009376542194
16300	1601293559206	54	9	0.003575752590886659	0.005878619528619528	22	31	0.9866287218292482
16400	1601293581291	58	9	0.003578878104951472	0.00587996632996633	20	38	0.9867066951801283
16500	1601293602546	69	9	0.003576246093107419	0.005892087542087542	18	51	0.9866818555683501
16600	1601293625122	41	10	0.003564895542029939	0.005876430976430976	21	20	0.9866900806053627
16700	1601293646892	70	10	0.0035918736634314853	0.0058840067340067345	32	37	0.9866966606349729
16800	1601293667827	63	8	0.0035637440368481658	0.00589983164983165	25	37	0.9867150847178813
16900	1601293691152	63	10	0.0035775620990294455	0.005895286195286196	23	40	0.9866601414706366
17000	1601293712852	49	9	0.003573120579042606	0.0059212121212121206	21	28	0.9866631024839612
17100	1601293733793	43	9	0.0035630860338871527	0.005897979797979798	25	18	0.9866782365520644
17200	1601293754504	51	9	0.0035639085375884193	0.005906228956228956	30	21	0.9866622799802599
17300	1601293775689	60	9	0.003565224543510446	0.005906228956228956	26	34	0.9866734660305971
17400	1601293800033	49	10	0.0035805231123540054	0.005884680134680134	25	22	0.9866519164336239
17500	1601293822359	249	9	0.0035798651093929923	0.00589983164983165	22	34	0.9867216647474913
17600	1601293842361	55	9	0.0035882546471459123	0.005918855218855219	29	26	0.9866455009047541
17700	1601293862764	56	9	0.003578384602730712	0.005910774410774411	18	38	0.9866989636453364
17800	1601293883576	49	19	0.003586116137522619	0.005880303030303031	25	21	0.9867004441519986
17900	1601293904385	48	10	0.0036078302352360587	0.0059011784511784505	21	27	0.9865884191478862
18000	1601293924414	48	9	0.0035884191478861654	0.00587979797979798	27	21	0.9867555518999835
18100	1601293945489	62	9	0.0035928606678730054	0.005889225589225589	35	27	0.9866639249876624
18200	1601293965321	56	8	0.003622470801118605	0.005889225589225589	22	33	0.9866703405165324
18300	1601293986241	55	10	0.0036109557493008717	0.005898484848484848	26	29	0.9865910511597302
18400	1601294013247	70	10	0.0035918736634314853	0.0058947811447811445	25	42	0.9866043757196907
18500	1601294036598	47	9	0.0035982891923013655	0.0059057239057239055	24	22	0.9865823326204968
18600	1601294058371	54	9	0.0036267478203651916	0.005911784511784512	28	26	0.9866734660305971
18700	1601294080586	50	11	0.003598782694522125	0.005913468013468013	28	21	0.9866496134232604
18800	1601294102387	60	11	0.0035994406974831387	0.005887542087542088	33	27	0.9866682020069091
18900	1601294124868	51	9	0.0035829906234578057	0.005896127946127947	21	29	0.9866487909195591
19000	1601294147177	83	8	0.003600427701924659	0.005907575757575758	48	34	0.986780556012502
19100	1601294175765	64	9	0.0036116137522618852	0.005902861952861953	32	31	0.9866961671327521
19200	1601294200812	51	9	0.0036048692219114984	0.005852525252525253	21	30	0.9866474749136371
19300	1601294226217	49	10	0.0036255963151834185	0.005865993265993266	22	27	0.986570817568679
19400	1601294251025	64	10	0.0036017437078466855	0.005864983164983165	34	29	0.9866688600098701
19500	1601294276156	61	9	0.0036252673137029115	0.005877946127946128	27	32	0.9866721500246751
19600	1601294299735	50	9	0.003621319295936832	0.005883333333333334	21	29	0.9866543839447277
19700	1601294322315	67	9	0.0036227998025991116	0.005877777777777778	23	43	0.9866823490705708
19800	1601294344644	69	10	0.0036183582826122716	0.0059080808080808084	24	45	0.9866043757196907
19900	1601294369161	67	10	0.0036260898174041785	0.005904882154882155	31	35	0.9866660634972857
20000	1601294393057	56	10	0.003635466359598618	0.005926430976430977	31	24	0.9866093107418984
20100	1601294418147	56	10	0.003628392827767725	0.0059102693602693605	25	31	0.9867136042112189
20200	1601294443419	65	10	0.003610626747820365	0.005911616161616162	26	29	0.9866129297581839
20300	1601294467374	94	15	0.003625925316663925	0.005934175084175084	45	36	0.9866468169106761
20400	1601294492708	58	9	0.0036272413225859517	0.005914646464646465	21	35	0.9865808521138345
20500	1601294517711	92	12	0.0036427043921697646	0.005904713804713804	22	69	0.9866481329165981
20600	1601294543443	73	9	0.003630366836650765	0.005928787878787879	24	48	0.9866960026320118
20700	1601294570713	92	10	0.0036037177167297253	0.005912794612794613	31	60	0.9866647474913637
20800	1601294598025	71	18	0.0035984536930416186	0.005894444444444444	25	45	0.9866506004277019
20900	1601294625584	51	17	0.003626418818884685	0.005909259259259259	22	28	0.9866876130942589
21000	1601294652818	53	11	0.003632340845533805	0.005903030303030303	22	29	0.9866871195920381
21100	1601294676752	61	10	0.003630366836650765	0.00591010101010101	25	36	0.9866881065964797
21200	1601294702302	60	9	0.0036346438558973516	0.0059346801346801354	24	35	0.9866504359269617
21300	1601294726831	50	9	0.0036334923507155784	0.005918350168350168	21	29	0.9866394143773647
21400	1601294748330	49	10	0.0036357953610791248	0.005913299663299663	23	26	0.9866678730054286
21500	1601294770309	54	11	0.0036196742885342983	0.00591010101010101	27	27	0.9866960026320118
21600	1601294793007	52	9	0.003624938312222405	0.005921548821548822	20	31	0.9866530679388057
21700	1601294814790	51	8	0.003633327849975325	0.0059232323232323225	21	29	0.986579865109393
21800	1601294836432	67	8	0.003631024839611778	0.005907239057239057	31	35	0.9866886000987004
21900	1601294857985	83	9	0.0036471459121566047	0.005911784511784512	41	42	0.986618851784833
22000	1601294879461	49	8	0.003616877775949992	0.0058860269360269364	20	28	0.9865338049021221
22100	1601294901018	43	9	0.0036165487744694853	0.005906397306397307	18	24	0.9866936996216483
22200	1601294921541	67	10	0.003617042276690245	0.005883501683501683	32	28	0.9865836486264188
22300	1601294943507	68	10	0.003641717387728245	0.005898148148148147	34	33	0.986592202664912
22400	1601294965764	64	10	0.0036321763447935518	0.005871885521885521	23	41	0.9866459944069749
22500	1601294987525	55	10	0.0036348083566376047	0.005893939393939393	24	30	0.9865984536930417
22600	1601295008347	49	8	0.0036410593847672314	0.005901010101010101	23	25	0.9866094752426386
22700	1601295029786	55	9	0.003621483796677085	0.0058814814814814815	30	25	0.9866265833196249
22800	1601295051377	44	13	0.003628721829248232	0.00587020202020202	17	27	0.9866627734824807
22900	1601295073015	57	10	0.003606678730054285	0.0058840067340067345	30	27	0.9866361243625597
23000	1601295094464	43	9	0.0036152327685474587	0.0058769360269360265	25	18	0.9866833360750124
23100	1601295115104	69	9	0.0036196742885342983	0.005885690235690235	33	36	0.9866502714262214
23200	1601295136176	57	12	0.003628886329988485	0.005873905723905724	20	36	0.9865964796841585
23300	1601295157367	48	9	0.0036353018588583647	0.005882828282828283	20	27	0.9866581674617536
23400	1601295178620	43	15	0.0036295443329494984	0.005895286195286196	23	19	0.9865754235894062
23500	1601295200190	53	11	0.0036302023359105116	0.0058526936026936024	28	25	0.9866757690409607
23600	1601295222591	46	13	0.0036216482974173385	0.0058442760942760946	21	25	0.986628557328508
23700	1601295244474	51	9	0.0036181937818720185	0.005865488215488215	21	29	0.9866535614410264
23800	1601295265161	40	9	0.0036356308603388717	0.005843939393939394	19	21	0.9866055272248725
23900	1601295286202	67	10	0.0036341503536765915	0.005847474747474748	35	32	0.9866216482974174
24000	1601295308832	76	10	0.003634314854416845	0.005847474747474748	20	55	0.9866404013818062
24100	1601295332247	57	10	0.0036290508307287384	0.005851178451178451	18	39	0.9866448429017931
24200	1601295356273	95	16	0.0036255963151834185	0.005853535353535354	24	70	0.9866978121401546
24300	1601295384649	78	11	0.0036227998025991116	0.00583013468013468	29	29	0.9865823326204968
24400	1601295412202	51	9	0.003612436255963152	0.005817340067340067	21	27	0.9866747820365191
24500	1601295438854	61	9	0.003642868892910018	0.0058001683501683506	24	36	0.9866479684158579
24600	1601295464184	51	9	0.0036246093107418983	0.005819360269360269	21	30	0.98660388221747
24700	1601295488775	57	21	0.0036351373581181116	0.0057996632996633	23	34	0.9865640730383287
24800	1601295513180	56	10	0.003642868892910018	0.005807912457912458	24	32	0.9866466524099359
24900	1601295537930	55	9	0.003645171903273565	0.005794107744107745	28	27	0.9866160552722487
25000	1601295562685	53	10	0.0036144102648461916	0.005786195286195285	22	31	0.9866599769698964
25100	1601295586346	48	9	0.0036275703240664582	0.005761616161616161	20	28	0.9866027307122882
25200	1601295610826	56	9	0.0036117782530021387	0.0057845117845117845	22	34	0.9865997696989637
25300	1601295635555	55	9	0.0036216482974173385	0.005800841750841751	22	33	0.9866644184898832
25400	1601295661152	68	10	0.0036321763447935518	0.005776094276094277	25	43	0.9866121072544827
25500	1601295686103	54	9	0.0036193452870537917	0.005796464646464646	24	30	0.9866315183418325
25600	1601295710635	66	10	0.0036649119921039644	0.005801515151515151	34	32	0.9866514229314032
25700	1601295733593	53	9	0.0036147392663266986	0.0058131313131313134	26	26	0.9866826780720513
25800	1601295754421	43	16	0.003621319295936832	0.005823905723905724	19	24	0.9866609639743379
25900	1601295775559	45	9	0.003623457805560125	0.005836531986531986	20	25	0.986690903109064
26000	1601295797649	67	15	0.0036334923507155784	0.005821043771043771	23	43	0.9866790590557658
26100	1601295819156	79	9	0.003632340845533805	0.005834848484848484	30	48	0.9866405658825464
26200	1601295840972	69	8	0.0036257608159236715	0.005810942760942761	30	38	0.9866404013818062
26300	1601295862631	49	9	0.0036397433788452047	0.00582962962962963	22	27	0.9865849646323408
26400	1601295884183	56	9	0.003620332291495312	0.005825420875420876	22	33	0.9866224708011186
26500	1601295906189	51	9	0.0036351373581181116	0.005811784511784512	25	26	0.9866663924987662
26600	1601295926951	54	9	0.003632340845533805	0.005794444444444444	27	26	0.9866802105609476
26700	1601295951374	77	10	0.003643362395130778	0.0058153198653198655	47	30	0.9866459944069749
26800	1601295973179	52	9	0.0036431978943905247	0.005814646464646465	22	30	0.986618851784833
26900	1601295994023	70	11	0.003641388386247738	0.005801010101010101	35	34	0.98662987333443
27000	1601296015519	72	10	0.0036313538410922847	0.005787878787878788	31	41	0.9867093271919724
27100	1601296037063	53	9	0.0036313538410922847	0.005805892255892256	24	29	0.9866861325875966
27200	1601296058563	51	8	0.003651258430662938	0.005778451178451178	19	32	0.9866635959861819
27300	1601296080126	53	9	0.003640894884026978	0.005792929292929292	20	33	0.9865780556012502
27400	1601296102495	53	9	0.003629873334430005	0.005771043771043771	27	25	0.9866635959861819
27500	1601296123881	52	12	0.0036705050172725776	0.005776094276094277	18	29	0.986553873992433
27600	1601296146342	50	8	0.0036635959861819377	0.005757575757575758	22	27	0.986596150682678
27700	1601296167991	73	11	0.003646816910676098	0.00577912457912458	26	47	0.9866216482974174
27800	1601296191097	62	10	0.0036530679388057244	0.00578956228956229	28	30	0.9866474749136371
27900	1601296213581	51	9	0.003662279980259911	0.005784680134680135	21	29	0.9865617700279651
28000	1601296235045	63	9	0.0036658989965454845	0.005807575757575758	31	32	0.9866005922026649
28100	1601296256397	78	16	0.0036640894884026978	0.00579915824915825	23	54	0.9866601414706366
28200	1601296278754	56	9	0.003665569995064978	0.0057932659932659935	24	32	0.9865221253495641
28300	1601296301339	58	14	0.0036846520809343643	0.005809090909090909	23	35	0.9866741240335581
28400	1601296322841	48	9	0.003627899325546965	0.005836195286195287	22	25	0.9865397269287712
28500	1601296344835	69	9	0.003637933870702418	0.005820202020202021	21	47	0.9866372758677414
28600	1601296366886	41	10	0.0036489554202993914	0.00581986531986532	19	22	0.9866367823655207
28700	1601296387748	59	9	0.0036405658825464714	0.005807744107744107	31	28	0.9866792235565061
28800	1601296409435	53	9	0.0036573449580523114	0.005778787878787879	24	29	0.9865431814443165
28900	1601296431618	45	10	0.0036649119921039644	0.005771717171717172	21	24	0.9866770850468827
29000	1601296453178	48	9	0.0036545484454680046	0.005787205387205387	20	28	0.9866514229314032
29100	1601296474212	51	9	0.0036331633492350714	0.005818518518518518	25	26	0.9866905741075834
29200	1601296495264	43	9	0.0036211547951965784	0.005816835016835017	20	23	0.9866274058233262
29300	1601296517218	48	16	0.003651258430662938	0.005806734006734007	19	28	0.9866497779240007
29400	1601296539034	72	10	0.0036399078795854582	0.005838215488215489	38	34	0.9865487744694851
29500	1601296560389	59	8	0.003678730054285244	0.0058503367003367	20	39	0.9866101332455997
29600	1601296581665	55	10	0.0036705050172725776	0.005827441077441078	29	26	0.9866127652574437
29700	1601296602711	74	8	0.003669682513571311	0.005825420875420876	41	32	0.9866749465372594
29800	1601296625002	75	10	0.003668695509129791	0.005823232323232324	24	50	0.9866734660305971
29900	1601296649809	48	10	0.0036506004277019246	0.005814309764309764	22	25	0.9866096397433789
30000	1601296673492	52	9	0.0036607994735976313	0.005823063973063973	19	32	0.9865861161375227
30100	1601296696866	56	9	0.0036795525579865107	0.005841245791245792	34	21	0.9865958216811975
30200	1601296722048	63	13	0.0036862970883368975	0.005842592592592592	33	30	0.9865599605198223
30300	1601296746206	54	9	0.003661786478039151	0.005834680134680135	22	32	0.9865417009376543
30400	1601296770238	47	9	0.0036673795032077646	0.005822390572390573	21	25	0.9865959861819378
30500	1601296793592	41	9	0.0036813620661292974	0.005827946127946128	21	20	0.9865848001316005
30600	1601296815423	45	9	0.003663760486922191	0.005834511784511784	22	23	0.9865533804902122
30700	1601296837888	48	10	0.003669024510610298	0.005808080808080808	22	26	0.9865693370620168
30800	1601296861819	62	10	0.0036529034380654714	0.005800841750841751	20	42	0.9866851455831551
30900	1601296885222	64	10	0.0036754400394801777	0.005772727272727272	36	27	0.9865879256456654
31000	1601296908177	53	10	0.0036425398914295116	0.005808080808080808	19	34	0.9866686955091298
31100	1601296931884	64	10	0.0036723145254153643	0.005782659932659932	29	34	0.986618193781872
31200	1601296956210	58	18	0.0036739595328178975	0.005797979797979798	27	30	0.9866543839447277
31300	1601296978080	66	9	0.003676591544661951	0.005815656565656566	28	38	0.9866313538410922
31400	1601297000811	49	10	0.0036635959861819377	0.0058065656565656565	22	25	0.9866502714262214
31500	1601297024059	57	12	0.0036604704721171243	0.005772053872053872	24	33	0.986605198223392
31600	1601297047508	67	10	0.003645336404013818	0.005802861952861953	39	27	0.9866701760157921
31700	1601297069693	50	9	0.0036675440039480177	0.005801851851851852	21	29	0.9865696660634973
31800	1601297092919	59	11	0.003667215002467511	0.005786195286195285	26	33	0.9865953281789768
31900	1601297116871	68	10	0.003652738937325218	0.005804545454545455	28	40	0.9866688600098701
32000	1601297141893	53	12	0.0036862970883368975	0.0057996632996633	24	28	0.9866515874321434
32100	1601297166412	42	9	0.003650764928442178	0.005818855218855219	19	22	0.9866816910676098
32200	1601297190226	60	9	0.003665076492844218	0.005791582491582492	23	37	0.9866357953610791
32300	1601297213728	65	9	0.003678565553544991	0.005768855218855219	24	41	0.9866119427537424
32400	1601297236279	44	9	0.0036807040631682843	0.005788552188552188	23	21	0.9865991116960027
32500	1601297259440	55	10	0.0036644184898832043	0.005793097643097643	22	33	0.9866035532159895
32600	1601297283155	57	10	0.003671656522454351	0.005839057239057238	22	34	0.9865770685968087
32700	1601297306825	49	9	0.003678072051324231	0.005796464646464646	27	21	0.9866325053462741
32800	1601297330215	65	10	0.0036779075505839775	0.005815488215488215	20	44	0.986575259088666
32900	1601297353503	48	9	0.0036703405165323245	0.0057910774410774414	26	22	0.9866491199210397
33000	1601297376416	65	9	0.003687613094258924	0.005805723905723905	24	41	0.9866665569995064
33100	1601297397742	66	10	0.0036678730054285243	0.00578939393939394	21	45	0.9866556999506497
33200	1601297420286	55	9	0.003673466030597138	0.005813636363636364	22	33	0.9865354499095246
33300	1601297442786	58	9	0.003682020069090311	0.005845791245791245	30	28	0.9866040467182102
33400	1601297464929	47	8	0.0036764270439216978	0.005827272727272727	22	25	0.9865583155124198
33500	1601297486458	60	10	0.0036642539891429513	0.005847811447811447	33	27	0.9866042112189505
33600	1601297507990	64	8	0.0036744530350386576	0.005836026936026936	19	44	0.9866050337226517
33700	1601297530123	63	11	0.003683007073531831	0.005846296296296296	34	29	0.9866060207270932
33800	1601297552772	55	9	0.0036772495476229644	0.005841582491582491	31	24	0.986576575094588
33900	1601297575478	42	9	0.0036890936009212043	0.005822727272727274	21	21	0.9865277183747326
34000	1601297597647	46	8	0.0036841585787136043	0.0058309764309764315	18	27	0.9866183582826122
34100	1601297619707	79	8	0.0036807040631682843	0.005805555555555555	34	44	0.986631189340352
34200	1601297641915	70	12	0.0036723145254153643	0.005836195286195287	25	45	0.986596150682678
34300	1601297663350	48	8	0.0036784010528047376	0.005847979797979798	21	27	0.9866728080276361
34400	1601297684800	59	9	0.0036971541371936174	0.005805218855218855	22	36	0.986596150682678
34500	1601297706235	42	9	0.0036874485935186707	0.00580993265993266	21	20	0.9865953281789768
34600	1601297728532	45	10	0.0037050501727257774	0.005827609427609427	20	24	0.9865836486264188
34700	1601297750004	38	9	0.003678730054285244	0.005811447811447812	19	18	0.9866450074025334
34800	1601297772030	56	10	0.0036983056423753905	0.005804545454545455	23	32	0.9865431814443165
34900	1601297794430	85	9	0.003678730054285244	0.005786195286195285	52	32	0.986592202664912
35000	1601297816729	67	12	0.003680539562428031	0.005799326599326599	22	44	0.9866020727093272
35100	1601297838048	71	12	0.0037006086527389373	0.005787373737373738	40	30	0.9865469649613423
35200	1601297859835	73	8	0.003693535120908044	0.005823063973063973	25	47	0.9865718045731205
35300	1601297882763	60	13	0.0037106431978943906	0.00581969696969697	20	30	0.9865374239184076
35400	1601297905201	68	9	0.0036936996216482974	0.00582053872053872	19	48	0.9865907221582497
35500	1601297926640	59	9	0.0037124527060371773	0.005840235690235691	31	27	0.9866066787300543
35600	1601297948028	44	9	0.0037076821845698307	0.0058	20	23	0.986576575094588
35700	1601297971578	60	11	0.003705379174206284	0.005835690235690236	22	37	0.9865481164665241
35800	1601297994357	41	9	0.003678565553544991	0.005823400673400673	21	19	0.9865966441848988
35900	1601298015389	70	10	0.0037006086527389373	0.005806397306397306	27	42	0.9865913801612107
36000	1601298035514	62	8	0.0036749465372594176	0.0058282828282828275	36	26	0.986607172232275
36100	1601298055823	44	9	0.0036961671327520973	0.0058131313131313134	23	20	0.9866135877611449
36200	1601298076993	63	12	0.003708833689751604	0.005837037037037036	20	42	0.986590228656029
36300	1601298097759	54	22	0.0037126172067774303	0.005827609427609427	18	36	0.986568843559796
36400	1601298118680	62	9	0.0036953446290508307	0.00584949494949495	37	25	0.9865839776278993
36500	1601298139628	54	8	0.0036795525579865107	0.005836026936026936	26	28	0.9866353018588584
36600	1601298160269	61	10	0.003713275209738444	0.005843771043771044	34	26	0.9865505839776278
36700	1601298181032	56	9	0.0037282447771014968	0.00580942760942761	21	34	0.986578549103471
36800	1601298202493	52	9	0.0036907386083237376	0.005834006734006735	24	28	0.9865892416515875
36900	1601298223831	55	9	0.003699457147557164	0.0058395622895622895	20	34	0.9865959861819378
37000	1601298244792	56	8	0.0037091626912321104	0.005824410774410775	30	25	0.9865976311893404
37100	1601298265775	58	9	0.003693370620167791	0.005831986531986533	30	28	0.9866491199210397
37200	1601298286207	53	9	0.003699621648297417	0.005821212121212122	28	24	0.9866079947359763
37300	1601298306824	42	9	0.0036966606349728573	0.005847474747474748	22	19	0.986566869550913
37400	1601298327709	52	9	0.0036904096068432306	0.005818686868686869	23	28	0.9866622799802599
37500	1601298349221	64	11	0.003695015627570324	0.005823569023569023	27	36	0.9866601414706366
37600	1601298370054	61	8	0.0037244612600756703	0.00582962962962963	20	40	0.9865966441848988
37700	1601298390718	54	9	0.0037038986675440038	0.005827272727272727	24	30	0.986609146241158
37800	1601298412205	50	22	0.003729231781543017	0.005815824915824916	20	29	0.9865640730383287
37900	1601298433398	45	9	0.0037062016779075505	0.005819528619528619	20	25	0.9865877611449252
38000	1601298454448	84	10	0.0037085046882710973	0.005802356902356903	52	32	0.9866081592367165
38100	1601298475134	42	9	0.003693370620167791	0.005807575757575758	21	20	0.9865339694028623
38200	1601298496582	47	12	0.003674124033558151	0.00582053872053872	20	27	0.9866186872840927
38300	1601298517615	66	9	0.0037117947030761637	0.00580050505050505	28	38	0.9866204967922355
38400	1601298538532	49	9	0.003696496134232604	0.005827104377104377	19	30	0.9866390853758842
38500	1601298559467	68	8	0.003705379174206284	0.005811279461279461	25	43	0.9865764105938477
38600	1601298581012	52	8	0.0036818555683500575	0.0058331649831649835	28	23	0.9866124362559632
38700	1601298601746	49	9	0.0037168942260240173	0.0058001683501683506	24	25	0.9865821681197565
38800	1601298623151	58	9	0.0036922191149860173	0.005833333333333333	28	29	0.9865724625760816
38900	1601298645294	48	9	0.003714920217140977	0.005807575757575758	21	27	0.9865530514887317
39000	1601298667640	58	8	0.0037152492186214837	0.0057956228956228956	22	36	0.9866035532159895
39100	1601298689807	57	9	0.0037200197400888303	0.005823737373737374	26	31	0.9866218127981576
39200	1601298711303	75	9	0.003706859680868564	0.005819360269360269	41	33	0.9865277183747326
39300	1601298731884	73	9	0.0037402533311399902	0.005833670033670034	38	34	0.986595492679717
39400	1601298752124	41	8	0.0037085046882710973	0.005801346801346801	19	21	0.9865390689258101
39500	1601298773020	57	8	0.003707517683829577	0.0058328282828282825	24	32	0.9865111037999671
39600	1601298794026	76	9	0.003718868234907057	0.005855387205387206	47	28	0.9866130942589242
39700	1601298815237	41	8	0.0037244612600756703	0.005874579124579125	21	19	0.9866606349728574
39800	1601298836071	68	9	0.0037196907386083237	0.0058594276094276095	22	46	0.9865186708340188
39900	1601298857145	53	9	0.0037113012008554037	0.005856565656565656	28	24	0.9865867741404837
40000	1601298877938	71	10	0.0037254482645171904	0.005841750841750842	48	23	0.986557164007238
40100	1601298898581	78	10	0.003725777265997697	0.005872558922558923	20	58	0.9866211547951966
40200	1601298919581	47	10	0.0037300542852442835	0.005844612794612795	21	25	0.9866356308603389
40300	1601298940995	56	10	0.0037231452541536436	0.005851851851851851	22	34	0.9865107747984866
40400	1601298962544	42	9	0.0037094916927126174	0.005820875420875421	20	22	0.986559138016121
40500	1601298984090	55	9	0.003756867905905577	0.005831818181818182	29	26	0.9865754235894062
40600	1601299005118	60	9	0.0037219937489718705	0.005862121212121212	28	32	0.9865852936338213
40700	1601299026868	56	11	0.0037203487415693372	0.005846464646464647	24	32	0.9865495969731863
40800	1601299047678	83	8	0.00373482480671163	0.0058286195286195285	53	30	0.9865170258266163
40900	1601299068218	48	8	0.003729067280802764	0.005817003367003366	19	29	0.9865127488073696
41000	1601299089045	50	9	0.0037330152985688434	0.005835521885521885	22	28	0.9866073367330153
41100	1601299110457	45	8	0.003715907221582497	0.0058350168350168345	19	25	0.9865801941108735
41200	1601299131141	38	8	0.0037185392334265505	0.005872390572390572	19	19	0.9866270768218457
41300	1601299152493	52	8	0.0037239677578549102	0.005862794612794613	32	20	0.9865079782859023
41400	1601299173647	59	9	0.003726270768218457	0.005836531986531986	19	40	0.9866135877611449
41500	1601299194940	68	14	0.0037384438229972035	0.005883838383838384	26	36	0.9865440039480178
41600	1601299216208	47	9	0.003726764270439217	0.005857575757575757	21	26	0.9865829906234578
41700	1601299236713	52	14	0.0037433788452048036	0.0058840067340067345	18	34	0.9864591215660471
41800	1601299258034	58	10	0.0037320282941273237	0.005866329966329966	26	32	0.9865148873169929
41900	1601299279462	50	8	0.003717716729725284	0.005852020202020202	21	29	0.9865834841256785
42000	1601299300612	49	10	0.003730218785984537	0.00582962962962963	28	21	0.9865640730383287
42100	1601299321647	79	10	0.00374370784668531	0.005828114478114478	50	29	0.9865913801612107
42200	1601299345268	64	9	0.003705872676427044	0.005850505050505051	32	32	0.9865676920546143
42300	1601299371603	59	9	0.003717223227504524	0.0058309764309764315	24	35	0.9866506004277019
42400	1601299399114	52	10	0.0037325217963480838	0.005842760942760943	21	31	0.9866270768218457
42500	1601299425923	74	9	0.003710314196413884	0.005856565656565656	39	32	0.9865632505346275
42600	1601299450346	46	9	0.0037239677578549102	0.005884848484848485	18	28	0.9865438394472775
42700	1601299474245	66	9	0.0037361408126336568	0.00586969696969697	30	36	0.9865491034709656
42800	1601299498310	71	11	0.0037394308274387236	0.0058749158249158245	41	29	0.9864846191807863
42900	1601299523618	49	25	0.0037289027800625103	0.005909932659932659	20	28	0.9865953281789768
43000	1601299549443	56	9	0.00374518835334759	0.00588047138047138	20	36	0.9865563415035368
43100	1601299575918	60	9	0.00372347425563415	0.005883838383838384	26	33	0.9865769040960685
43200	1601299603602	56	10	0.003727751274880737	0.005838888888888889	26	29	0.9865913801612107
43300	1601299631705	63	10	0.00373531830893239	0.005826936026936028	26	36	0.9865903931567692
43400	1601299658047	61	10	0.00373186379338707	0.0058594276094276095	29	32	0.9865637440368482
43500	1601299683584	79	11	0.0037394308274387236	0.005868855218855219	19	59	0.9864851126830071
43600	1601299709842	49	10	0.00373482480671163	0.005822053872053872	19	29	0.98651949333772
43700	1601299734646	66	12	0.003738114821516697	0.0058510101010101016	21	45	0.9865683500575753
43800	1601299756959	51	13	0.003719855239348577	0.005885185185185185	20	31	0.9866127652574437
43900	1601299778364	76	9	0.0037409113341010033	0.005816329966329966	20	56	0.98655848001316
44000	1601299800801	53	10	0.003738608323737457	0.00585016835016835	21	32	0.986529856884356
44100	1601299824802	66	9	0.0037282447771014968	0.00586111111111111	38	27	0.986618193781872
44200	1601299846893	59	10	0.0037435433459450567	0.00588047138047138	37	22	0.9865609475242638
44300	1601299869428	44	9	0.0037583484125678565	0.00586902356902357	21	22	0.9864717881230466
44400	1601299891480	48	12	0.00373926632669847	0.0058749158249158245	22	26	0.9866165487744695
44500	1601299915523	60	13	0.0037254482645171904	0.0058951178451178456	29	31	0.9866158907715085
44600	1601299940017	75	10	0.00373531830893239	0.005857575757575757	24	51	0.986615561770028
44700	1601299964103	62	13	0.00373137029116631	0.005856734006734007	29	33	0.9864884026978121
44800	1601299989934	61	10	0.00373926632669847	0.005857575757575757	31	29	0.986616219772989
44900	1601300015820	65	10	0.0037264352689587105	0.005844444444444445	28	36	0.9865676920546143
45000	1601300042695	69	10	0.0037221582497121235	0.005841245791245792	37	31	0.9865637440368482
45100	1601300068224	105	10	0.00374124033558151	0.005845117845117845	42	62	0.9865347919065636
45200	1601300093315	51	10	0.003738114821516697	0.005797811447811448	25	26	0.9865594670176016
45300	1601300118130	63	13	0.003726270768218457	0.005801178451178452	29	34	0.9866075012337555
45400	1601300144075	52	9	0.0037121237045566707	0.005820202020202021	23	28	0.9866274058233262
45500	1601300176654	66	10	0.003731205790426057	0.005805218855218855	32	33	0.9865690080605363
45600	1601300203325	54	11	0.0037539068925810165	0.005814478114478114	26	28	0.9865680210560948
45700	1601300232213	62	11	0.0037363053133739102	0.005853367003367003	25	36	0.9864949827274223
45800	1601300263166	61	10	0.0037409113341010033	0.005838888888888889	25	35	0.9865907221582497
45900	1601300292834	50	19	0.0037330152985688434	0.005849326599326599	20	29	0.9865892416515875
46000	1601300319129	52	10	0.0037162362230630038	0.005836363636363636	22	30	0.9866116137522619
46100	1601300345238	87	12	0.0037152492186214837	0.005838215488215489	43	43	0.9865277183747326
46200	1601300371835	64	12	0.003728738279322257	0.005855892255892256	31	33	0.9865451554531995
46300	1601300398626	65	10	0.00373531830893239	0.005857744107744108	31	34	0.9865645665405495
46400	1601300426154	67	12	0.0037435433459450567	0.005856060606060605	31	35	0.9865183418325383
46500	1601300453832	57	12	0.00373926632669847	0.005862962962962963	22	34	0.9866050337226517
46600	1601300480107	75	10	0.00373975982891923	0.0058771043771043766	23	52	0.98656489554203
46700	1601300506093	59	10	0.00375752590886659	0.005865488215488215	29	29	0.9864767231452541
46800	1601300534109	59	13	0.00374222734002303	0.0058395622895622895	27	32	0.9865035367659154
46900	1601300561281	58	10	0.003758677414048363	0.005869360269360269	29	29	0.9865486099687448
47000	1601300588943	70	12	0.0037407468333607503	0.005864814814814816	25	45	0.9864911992103964
47100	1601300619190	81	11	0.0037682184569830563	0.005860942760942761	26	53	0.9864418489883204
47200	1601300656307	76	18	0.0037706859680868565	0.005857912457912458	33	42	0.9865754235894062
47300	1601300694748	61	11	0.00375308438887975	0.005872895622895623	27	33	0.986577233097549
47400	1601300719489	61	26	0.0037718374732686297	0.005855892255892256	21	39	0.9866005922026649
47500	1601300742879	62	10	0.00376591544661951	0.005857912457912458	32	29	0.9865403849317322
47600	1601300769327	84	10	0.0037647639414377363	0.005875589225589226	47	34	0.9866649119921039
47700	1601300797306	61	11	0.0037395953281789767	0.00586952861952862	29	32	0.9866216482974174
47800	1601300824395	75	11	0.003751768382957723	0.005865993265993266	25	50	0.986542852442836
47900	1601300850392	50	18	0.0037468333607501235	0.005865656565656565	27	22	0.9866203322914953
48000	1601300876090	54	11	0.0037522618851784833	0.005868013468013468	21	32	0.9865334759006416
48100	1601300902186	74	11	0.0037458463563086034	0.005882491582491583	39	35	0.9864948182266821
48200	1601300928632	57	10	0.00375505839776279	0.00586969696969697	24	32	0.9865732850797828
48300	1601300956179	51	10	0.003758677414048363	0.0058548821548821545	22	29	0.9865989471952624
48400	1601300981142	52	11	0.003767066951801283	0.005843097643097643	22	30	0.9865665405494325
48500	1601301006286	55	10	0.003742062839282777	0.005852188552188552	24	31	0.9865423589406153
48600	1601301032043	64	10	0.003755222898503043	0.0058373737373737375	38	26	0.986591544661951
48700	1601301057939	56	10	0.0037463398585293635	0.0058771043771043766	22	34	0.986588254647146
48800	1601301083656	61	10	0.0037553873992432966	0.005871043771043772	23	37	0.9865773975982892
48900	1601301109467	70	28	0.0037677249547622966	0.005856902356902356	26	32	0.986570159565718
49000	1601301135822	64	11	0.003758677414048363	0.005840909090909091	27	36	0.9865028787629544
49100	1601301163425	64	10	0.0037340023030103635	0.0058703703703703695	29	34	0.9865166968251358
49200	1601301189348	62	9	0.00374272084224379	0.005855892255892256	27	34	0.9865389044250699
49300	1601301213493	57	14	0.0037672314525415366	0.005877609427609427	31	26	0.9864555025497614
49400	1601301237597	75	15	0.00375900641552887	0.005862121212121212	35	40	0.9864874156933706
49500	1601301263720	72	12	0.0037721664747491362	0.005875252525252526	24	48	0.9865300213850963
49600	1601301289589	81	10	0.003737127817075177	0.005873569023569024	45	35	0.986582497121237
49700	1601301313817	50	9	0.0037637769369962167	0.005876094276094277	22	28	0.9865257443658496
49800	1601301341227	58	10	0.0037622964303339365	0.0059006734006734	25	32	0.9864824806711631
49900	1601301367856	60	27	0.0037687119592038163	0.005854040404040405	34	25	0.9864171738772824
50000	1601301394045	63	14	0.00377331797993091	0.0058526936026936024	28	34	0.9864703076163843
50100	1601301420582	78	11	0.0037726599769698963	0.005861952861952862	24	53	0.9865523934857707
50200	1601301445781	85	10	0.00374666886000987	0.005877946127946128	27	58	0.9865560125020563
50300	1601301471120	79	10	0.0037706859680868565	0.005853198653198654	21	57	0.9865436749465373
50400	1601301495436	66	10	0.0037647639414377363	0.0058860269360269364	36	30	0.9865413719361737
50500	1601301519469	50	9	0.0037703569666063495	0.005896296296296296	22	27	0.9865433459450568
50600	1601301542933	65	11	0.00376887645994407	0.005893771043771044	34	31	0.9864637275867741
50700	1601301569587	95	16	0.00375012337555519	0.00589983164983165	45	47	0.9865790426056917
50800	1601301597480	59	11	0.0037519328836979767	0.005866835016835016	26	33	0.9864948182266821
50900	1601301622853	50	10	0.0037507813785162035	0.0058818181818181825	22	27	0.9865385754235894
51000	1601301646250	65	12	0.0037642704392169763	0.005886700336700337	43	22	0.9865326533969403
51100	1601301669730	70	11	0.00375061687777595	0.005884848484848485	35	35	0.9865020562592531
51200	1601301693749	49	10	0.0037458463563086034	0.0059011784511784505	21	28	0.9864918572133574
51300	1601301717618	44	10	0.00374124033558151	0.0058771043771043766	21	23	0.986581839118276
51400	1601301741254	57	10	0.0037379503207764435	0.0058574074074074075	23	34	0.9865199868399408
51500	1601301764454	44	21	0.003789768053956243	0.005851178451178451	18	26	0.986468827109722
51600	1601301787536	52	9	0.003747820365191643	0.0058818181818181825	33	18	0.9866326698470144
51700	1601301811001	56	9	0.0037384438229972035	0.005874074074074075	29	27	0.9866216482974174
51800	1601301836568	81	10	0.0037409113341010033	0.005893097643097644	32	48	0.9865839776278993
51900	1601301862626	51	9	0.003759170916269123	0.005907744107744107	24	26	0.9865617700279651
52000	1601301888238	58	10	0.0037820365191643364	0.005917340067340068	21	37	0.9865255798651094
52100	1601301913036	51	9	0.003759664418489883	0.005904208754208754	26	25	0.9866089817404178
52200	1601301937937	100	10	0.0037696989636453364	0.00592020202020202	28	72	0.9865862806382629
52300	1601301966812	107	12	0.003767560454022043	0.0059015151515151515	44	36	0.9864727751274881
52400	1601301995331	108	10	0.0037571969073860833	0.005882154882154882	25	77	0.986566869550913
52500	1601302023213	63	12	0.00375505839776279	0.0058705387205387205	22	40	0.9865537094916927
52600	1601302050716	62	18	0.00377331797993091	0.005853872053872054	32	30	0.9864938312222405
52700	1601302078461	64	10	0.0037723309754893897	0.005834343434343434	23	40	0.9864959697318638
52800	1601302104148	203	12	0.0037430498437242966	0.0058814814814814815	51	151	0.9864423424905412
52900	1601302137543	57	10	0.003763612436255963	0.005853367003367003	22	34	0.9864999177496299
53000	1601302168081	58	10	0.0037606514229314033	0.00584949494949495	24	32	0.9865619345287053
53100	1601302195274	71	11	0.003786313538410923	0.005868518518518519	30	40	0.9865153808192136
53200	1601302223316	79	12	0.0037567034051653233	0.0058705387205387205	34	45	0.9865333113999013
53300	1601302248330	59	11	0.003769040960684323	0.005880808080808081	27	31	0.9865265668695509
53400	1601302275138	82	11	0.0037810495147228163	0.005889057239057239	28	54	0.986566869550913
53500	1601302301965	59	11	0.003797335088007896	0.005889730639730639	23	36	0.9865004112518506
53600	1601302329690	101	15	0.0037514393814772166	0.0058769360269360265	68	33	0.9865063332784998
53700	1601302354621	47	9	0.0037524263859187367	0.005883333333333334	24	23	0.9865252508636289
53800	1601302380830	118	68	0.00375456489554203	0.0058971380471380475	80	32	0.9865013982562921
53900	1601302414681	62	12	0.0037583484125678565	0.005899663299663299	27	34	0.9865537094916927
54000	1601302444154	80	10	0.00375801941108735	0.005911279461279461	22	56	0.986592860667873
54100	1601302473397	80	12	0.0037798980095410427	0.005923905723905725	26	53	0.9864911992103964
54200	1601302501700	58	28	0.0037578549103470965	0.005938383838383838	24	33	0.9865540384931732
54300	1601302529047	55	11	0.003734166803750617	0.005910774410774411	30	25	0.9866042112189505
54400	1601302554634	50	9	0.0037542358940615235	0.0059212121212121206	25	22	0.9865313373910183
54500	1601302582565	69	14	0.0037588419147886166	0.005935185185185186	35	33	0.9865542029939135
54600	1601302609260	76	13	0.003758183911827603	0.005922895622895623	46	27	0.9865293633821353
54700	1601302635679	60	12	0.003763612436255963	0.005891750841750842	23	36	0.9864958052311236
54800	1601302661713	74	10	0.003769534462905083	0.00589023569023569	29	45	0.9865438394472775
54900	1601302686829	45	11	0.0037708504688271096	0.005935858585858586	22	23	0.9865856226353018
55000	1601302715113	86	12	0.00376936996216483	0.005893097643097644	31	33	0.9865443329494983
55100	1601302742745	91	12	0.00373877282447771	0.005888047138047138	52	38	0.9865864451390032
55200	1601302768875	66	9	0.003771672972528376	0.005878956228956229	24	42	0.9865834841256785
55300	1601302794902	56	12	0.0037645994406974833	0.005890909090909091	21	34	0.9865750945879257
55400	1601302820157	55	20	0.003786313538410923	0.005911111111111112	27	28	0.9866073367330153
55500	1601302846135	61	10	0.003768053956242803	0.005921717171717171	24	36	0.9865384109228491
55600	1601302873637	94	10	0.0037364698141141633	0.0058991582491582486	53	41	0.9865770685968087
55700	1601302901851	48	10	0.0037792400065800296	0.005894612794612795	26	22	0.9864589570653068
55800	1601302926540	71	14	0.003741075834841257	0.005915993265993266	33	38	0.9865300213850963
55900	1601302951504	87	18	0.0037544003948017765	0.005925084175084175	48	37	0.9864905412074354
56000	1601302976194	60	10	0.0037509458792564566	0.0059060606060606065	32	27	0.9865440039480178
56100	1601302999893	72	11	0.0037534133903602564	0.005915656565656566	28	44	0.9864967922355651
56200	1601303026617	91	10	0.0037578549103470965	0.005902188552188552	32	57	0.9864589570653068
56300	1601303053962	47	10	0.003762625431814443	0.005908585858585859	21	25	0.9865463069583813
56400	1601303080180	99	16	0.0037632834347754566	0.00592070707070707	32	64	0.98650649777924
56500	1601303106557	48	10	0.0037544003948017765	0.005948484848484849	24	23	0.9865135713110709
56600	1601303131388	61	11	0.0037632834347754566	0.005914814814814815	31	29	0.9865152163184734
56700	1601303155299	64	12	0.00376196742885343	0.005908754208754209	33	30	0.9864813291659813
56800	1601303179736	55	12	0.0037504523770356965	0.005907912457912458	24	31	0.9865189998354993
56900	1601303206441	81	14	0.00376492844217799	0.005913299663299663	45	35	0.9865367659154466
57000	1601303232808	67	12	0.0037598289192301367	0.005891750841750842	19	47	0.9865356144102648
57100	1601303256206	57	14	0.003775456489554203	0.005907744107744107	23	34	0.9865412074354335
57200	1601303281208	85	12	0.0037483138674124033	0.005883838383838384	38	46	0.986619509787794
57300	1601303311486	62	11	0.0037803915117618028	0.005902356902356903	25	36	0.9865254153643691
57400	1601303338812	61	10	0.0037562099029445632	0.005914309764309764	27	33	0.9865237703569666
57500	1601303364168	60	23	0.0037792400065800296	0.005902861952861953	26	34	0.9865142293140319
57600	1601303389419	66	10	0.0037542358940615235	0.0059037037037037035	36	30	0.9864732686297089
57700	1601303416042	59	19	0.003775456489554203	0.005888888888888888	26	29	0.9864796841585787
57800	1601303441692	59	10	0.003771508471788123	0.0058860269360269364	24	35	0.9865556835005758
57900	1601303473049	54	9	0.0037798980095410427	0.005889393939393939	22	31	0.9865443329494983
58000	1601303505917	71	11	0.003774469485112683	0.005891077441077442	29	42	0.9864739266326699
58100	1601303538612	55	12	0.0037527553873992433	0.005909764309764309	23	31	0.9865127488073696
58200	1601303570445	65	10	0.0037598289192301367	0.005906565656565657	23	42	0.9865780556012502
58300	1601303600384	70	10	0.003764105938476723	0.005895791245791246	24	45	0.9865125843066294
58400	1601303628545	55	10	0.00374222734002303	0.005874579124579125	20	35	0.9865533804902122
58500	1601303656941	59	11	0.0037563744036848167	0.0058840067340067345	23	30	0.9865879256456654
58600	1601303688137	61	22	0.00377381148215167	0.005871717171717172	29	31	0.9866043757196907
58700	1601303718601	60	13	0.003797335088007896	0.005881986531986532	25	34	0.9865523934857707
58800	1601303754818	79	16	0.003776936996216483	0.005885690235690235	43	29	0.9865224543510446
58900	1601303787748	60	10	0.0037807205132423098	0.005891077441077442	28	31	0.9865204803421616
59000	1601303818783	74	12	0.00377331797993091	0.005893097643097644	29	44	0.9865731205790426
59100	1601303848978	86	11	0.003762131929593683	0.005883501683501683	50	35	0.9865277183747326
59200	1601303876810	74	9	0.0037604869221911498	0.005918181818181819	25	48	0.9865217963480836
59300	1601303903496	61	10	0.0037907550583977626	0.005898148148148147	25	35	0.9864966277348248
59400	1601303928282	54	17	0.003773975982891923	0.005933164983164984	24	30	0.9865451554531995
59500	1601303952406	56	10	0.0037711794703076166	0.005943771043771044	23	31	0.98655189998355
59600	1601303977689	42	10	0.003770027965125843	0.005940404040404041	20	21	0.9865397269287712
59700	1601304002576	54	10	0.0037645994406974833	0.005885353535353536	20	34	0.986589570653068
59800	1601304026412	60	11	0.0037935515709820694	0.005893097643097644	27	32	0.9864892252015134
59900	1601304050661	63	10	0.003795361079124856	0.005882996632996633	27	36	0.9865507484783681
60000	1601304075664	66	13	0.0037766079947359763	0.005898484848484848	20	45	0.9866053627241322
60100	1601304100284	49	9	0.0037767724954762298	0.005911784511784512	23	25	0.9865790426056917
60200	1601304124252	49	9	0.0037608159236716563	0.005874410774410774	22	26	0.9864793551570982
60300	1601304148314	67	12	0.0037721664747491362	0.005916329966329966	32	34	0.986579865109393
60400	1601304172401	57	9	0.0037667379503207765	0.005931986531986531	23	33	0.9865088007896036
60500	1601304196070	54	9	0.0037785820036190165	0.0059232323232323225	22	31	0.9864930087185393
60600	1601304220513	55	10	0.003782530021385096	0.00591010101010101	27	26	0.9865389044250699
60700	1601304245334	61	10	0.003791413061358776	0.005927609427609427	25	36	0.9865143938147721
60800	1601304269948	80	9	0.0037741404836321765	0.0059301346801346804	45	34	0.986575259088666
60900	1601304292946	58	9	0.003791906563579536	0.005887878787878787	32	26	0.9865046882710973
61000	1601304316276	68	10	0.0037567034051653233	0.005918013468013468	33	35	0.9866196742885343
61100	1601304340601	75	9	0.0037637769369962167	0.0059345117845117845	28	47	0.9865755880901464
61200	1601304363172	58	10	0.003773482480671163	0.005904713804713804	30	28	0.9865380819213686
61300	1601304385900	65	9	0.0037718374732686297	0.005936026936026935	29	35	0.9866157262707682
61400	1601304409563	88	11	0.00376098042441191	0.00595050505050505	31	57	0.9864972857377858
61500	1601304434830	57	9	0.0037873005428524426	0.005953703703703704	30	25	0.9864805066622799
61600	1601304462598	48	17	0.003771508471788123	0.005935690235690236	23	24	0.9864568185556835
61700	1601304485978	53	9	0.0037810495147228163	0.005934175084175084	28	25	0.9865056752755388
61800	1601304507343	68	13	0.0037718374732686297	0.005936531986531986	36	31	0.9865546964961343
61900	1601304527907	75	9	0.003770027965125843	0.005914814814814815	19	56	0.9865155453199539
62000	1601304550139	71	9	0.0037787465043592696	0.005884848484848485	29	42	0.9865012337555519
62100	1601304572051	44	10	0.00377331797993091	0.005914814814814815	25	19	0.986505839776279
62200	1601304593337	59	9	0.0037683829577233098	0.0059015151515151515	19	40	0.9865617700279651
62300	1601304615425	51	9	0.003783023523605856	0.00591043771043771	22	28	0.9865611120250041
62400	1601304637125	42	9	0.003797335088007896	0.005884680134680134	20	22	0.9865535449909525
62500	1601304658917	52	14	0.003767066951801283	0.005917845117845118	28	24	0.9865417009376543
62600	1601304680163	61	9	0.003798815594670176	0.005911784511784512	31	30	0.9865898996545485
62700	1601304702579	62	8	0.0037731534791906563	0.005909259259259259	21	40	0.9866134232604047
62800	1601304724529	44	9	0.003787465043592696	0.005894444444444444	20	24	0.9864984372429676
62900	1601304745751	52	11	0.0037711794703076166	0.005895622895622896	28	24	0.9865507484783681
63000	1601304766734	49	9	0.0038004606020727093	0.005894444444444444	24	25	0.9864731041289686
63100	1601304788066	65	9	0.003782530021385096	0.00592020202020202	30	35	0.9865597960190821
63200	1601304809689	59	9	0.003778911005099523	0.005912289562289562	35	24	0.9865316663924988
63300	1601304830296	47	8	0.003787958545813456	0.005915656565656566	23	24	0.9864686626089817
63400	1601304851691	61	9	0.0037986510939299225	0.005901683501683502	21	38	0.9865186708340188
63500	1601304873609	61	19	0.003786313538410923	0.005891077441077442	29	31	0.9864834676756046
63600	1601304895289	46	8	0.0037882875472939627	0.005856397306397306	24	21	0.986540220430992
63700	1601304916505	68	12	0.003771014969567363	0.005911616161616162	21	30	0.98651949333772
63800	1601304938510	79	9	0.0037767724954762298	0.0058572390572390574	34	44	0.9865163678236553
63900	1601304961264	57	9	0.0038060536272413225	0.005888383838383838	28	27	0.9864714591215661
64000	1601304983839	49	8	0.0037820365191643364	0.005914814814814815	24	24	0.9865135713110709
64100	1601305004690	48	8	0.003780062510281296	0.005897811447811448	22	26	0.9865244283599276
64200	1601305025287	51	10	0.0038093436420463893	0.005874747474747475	25	26	0.9865390689258101
64300	1601305046908	41	9	0.003781872018424083	0.0058772727272727275	20	21	0.9865171903273565
64400	1601305068159	56	10	0.0037787465043592696	0.005882659932659932	20	36	0.9865000822503701
64500	1601305089586	57	8	0.0038058891265010694	0.005902020202020202	25	32	0.9865045237703569
64600	1601305111906	50	11	0.0037767724954762298	0.005907407407407408	21	29	0.9864974502385261
64700	1601305133362	60	8	0.003786478039151176	0.005915319865319866	35	25	0.9865117618029281
64800	1601305154099	86	9	0.003778417502878763	0.005867676767676767	55	31	0.9864540220430992
64900	1601305175235	55	14	0.0037782530021385095	0.005893939393939393	24	30	0.9865283763776937
65000	1601305196355	49	9	0.0037701924658660965	0.005897979797979798	20	29	0.9864528705379174
65100	1601305217787	56	14	0.0037802270110215497	0.005905555555555555	26	30	0.9864383944727751
65200	1601305239162	58	9	0.003789932554696496	0.005929797979797979	32	26	0.9864976147392663
65300	1601305259841	44	10	0.00375505839776279	0.00591010101010101	22	22	0.9865634150353677
65400	1601305280869	48	8	0.0038001316005922027	0.005922558922558922	20	27	0.9864981082414871
65500	1601305302572	45	9	0.0037519328836979767	0.0059035353535353535	19	25	0.9865076492844218
65600	1601305324371	41	9	0.0037544003948017765	0.005918350168350168	19	22	0.9865183418325383
65700	1601305345494	43	9	0.0037836815265668696	0.005906734006734007	18	25	0.9864967922355651
65800	1601305365880	47	8	0.003795361079124856	0.005927104377104377	23	24	0.9864811646652409
65900	1601305387531	51	16	0.003813785162033229	0.005933164983164984	24	27	0.986520151340681
66000	1601305409327	48	10	0.003790919559138016	0.005927946127946128	24	24	0.9864920217140977
66100	1601305430161	53	9	0.0037843395295278828	0.005912962962962963	28	24	0.9864507320282941
66200	1601305451841	69	10	0.003814278664253989	0.00592053872053872	41	28	0.9864772166474749
66300	1601305473767	59	9	0.0038001316005922027	0.005922727272727272	30	28	0.9864847836815266
66400	1601305495122	54	9	0.0037927290672808028	0.0059212121212121206	33	21	0.9865769040960685
66500	1601305516759	55	9	0.0037871360421121896	0.00591986531986532	23	32	0.9865362724132258
66600	1601305537942	57	8	0.0037861490376706695	0.0059190235690235685	34	22	0.9864762296430334
66700	1601305558700	66	12	0.0037706859680868565	0.005921043771043771	43	23	0.9865234413554861
66800	1601305580294	54	12	0.0037854910347096564	0.005914814814814815	26	28	0.9864762296430334
66900	1601305602008	52	9	0.003786971541371936	0.0059589225589225595	25	26	0.9865142293140319
67000	1601305622911	54	11	0.0037805560125020563	0.0059299663299663295	27	27	0.9865204803421616
67100	1601305643981	45	9	0.003775949991774963	0.005937878787878788	24	21	0.9864989307451884
67200	1601305666018	70	12	0.0038030926139167626	0.0059301346801346804	24	46	0.9865198223392005
67300	1601305687361	69	8	0.003806711630202336	0.005913299663299663	40	28	0.9864847836815266
67400	1601305707751	60	9	0.003790426056917256	0.005912626262626263	30	30	0.986565553544991
67500	1601305728922	47	9	0.0037822010199045895	0.00595050505050505	26	21	0.9866274058233262
67600	1601305749785	44	9	0.003783517025826616	0.005912794612794613	21	23	0.9865255798651094
67700	1601305771585	44	10	0.0037522618851784833	0.005915319865319866	21	23	0.9866060207270932
67800	1601305792318	39	9	0.0037747984865931896	0.005936868686868687	19	20	0.9865061687777595
67900	1601305813919	69	8	0.0037927290672808028	0.005887542087542088	28	40	0.9865022207599934
68000	1601305834559	61	8	0.0037838460273071227	0.005916835016835017	31	30	0.9865469649613423
68100	1601305868448	60	9	0.0037706859680868565	0.00593047138047138	28	30	0.9865260733673301
68200	1601305893445	78	9	0.00376591544661951	0.005906397306397307	32	42	0.986518835334759
68300	1601305919179	76	11	0.0037696989636453364	0.005919696969696969	33	42	0.9865436749465373
68400	1601305942549	57	9	0.0037802270110215497	0.005903198653198652	29	27	0.9864505675275539
68500	1601305973829	81	11	0.003807205132423096	0.005906734006734007	42	37	0.9865349564073038
68600	1601306003789	75	10	0.003770521467346603	0.005916329966329966	37	37	0.9865084717881231
68700	1601306029179	64	11	0.003773975982891923	0.005906902356902358	27	37	0.986505839776279
68800	1601306055827	51	10	0.003791413061358776	0.005905892255892256	22	28	0.9865468004606021
68900	1601306083848	62	10	0.003810824148708669	0.005888552188552189	26	36	0.9864278664253989
69000	1601306113189	65	9	0.0038044086198387892	0.0059299663299663295	27	37	0.9864094423424905
69100	1601306137447	69	25	0.003803750616877776	0.0059	30	38	0.986566869550913
69200	1601306163198	53	10	0.003806876130942589	0.005911784511784512	28	25	0.9865092942918243
69300	1601306188286	59	10	0.00377282447771015	0.00590016835016835	29	30	0.9865737785820036
69400	1601306214217	60	11	0.0037757854910347097	0.005915824915824916	27	32	0.9864946537259418
69500	1601306240621	60	9	0.003785984536930416	0.005877946127946128	32	27	0.9865222898503043
69600	1601306265905	65	19	0.003770027965125843	0.0058969696969696965	22	43	0.9864967922355651
69700	1601306294074	74	11	0.003798815594670176	0.005865824915824916	31	41	0.9864347754564895
69800	1601306320752	67	10	0.003803257114657016	0.0058882154882154885	33	34	0.986456489554203
69900	1601306347925	82	29	0.003790261556177003	0.005912121212121212	50	32	0.9865211383451226
70000	1601306374551	59	10	0.0038124691561112027	0.005921717171717171	27	31	0.9864538575423589
70100	1601306400549	57	12	0.0037803915117618028	0.005902020202020202	26	31	0.986568843559796
70200	1601306428111	74	11	0.0037877940450732027	0.00593047138047138	32	41	0.9864938312222405
70300	1601306455363	63	10	0.003802763612436256	0.005909932659932659	34	28	0.9865362724132258
70400	1601306481564	65	14	0.0037907550583977626	0.005908585858585859	24	41	0.9865178483303175
70500	1601306507832	52	20	0.003802763612436256	0.005888047138047138	28	24	0.9865449909524593
70600	1601306533649	90	11	0.003809672643526896	0.0058969696969696965	31	58	0.9865283763776937
70700	1601306559039	68	10	0.003799967099851949	0.005892760942760943	24	44	0.9864869221911499
70800	1601306585599	71	10	0.0037945385754235895	0.005913636363636364	23	48	0.9864658660963974
70900	1601306613764	63	21	0.003785326533969403	0.0059080808080808084	32	30	0.9865226188517848
71000	1601306640728	71	10	0.0037989800954104295	0.0059232323232323225	25	45	0.9864541865438394
71100	1601306667905	61	13	0.003793880572462576	0.005924915824915825	25	35	0.9864944892252016
71200	1601306693881	69	10	0.003769534462905083	0.005953030303030303	38	31	0.9865497614739266
71300	1601306718804	91	10	0.0038243132094094422	0.005933501683501683	38	53	0.9864433294949827
71400	1601306744092	65	10	0.0037996380983714426	0.005913804713804714	36	29	0.9864709656193453
71500	1601306769570	48	18	0.00377282447771015	0.005909259259259259	23	24	0.9864841256785656
71600	1601306795170	58	11	0.0038055601250205624	0.0059345117845117845	27	31	0.9864834676756046
71700	1601306820750	62	13	0.0037974995887481494	0.005961784511784511	32	30	0.9865125843066294
71800	1601306845882	46	9	0.0037807205132423098	0.005926430976430977	21	24	0.9866121072544827
71900	1601306871090	52	11	0.003823655206448429	0.005907744107744107	22	30	0.9865848001316005
72000	1601306896118	52	9	0.003780062510281296	0.005933501683501683	22	30	0.9864780391511762
72100	1601306920698	70	10	0.003799967099851949	0.005934006734006733	39	31	0.9865129133081099
72200	1601306946724	62	11	0.0037876295443329496	0.005931649831649832	29	33	0.9864913637111367
72300	1601306972458	56	10	0.0037861490376706695	0.005922558922558922	29	26	0.9864790261556177
72400	1601306997516	58	34	0.003775949991774963	0.005914478114478114	22	23	0.9864775456489554
72500	1601307023134	58	10	0.0037947030761638426	0.005907912457912458	26	31	0.9864709656193453
72600	1601307048580	61	9	0.003826616219772989	0.005906734006734007	27	33	0.9865423589406153
72700	1601307074780	53	10	0.0037955255798651096	0.005906397306397307	24	29	0.9865160388221746
72800	1601307100671	51	10	0.0038053956242803093	0.005904377104377105	24	27	0.9864921862148379
72900	1601307125851	58	15	0.0037970060865273893	0.005893771043771044	21	37	0.9864550090475407
73000	1601307150810	47	10	0.0037920710643197892	0.005906734006734007	21	26	0.9864462905083072
73100	1601307175946	63	11	0.003781378516203323	0.005894612794612795	34	29	0.9865227833525251
73200	1601307202265	61	11	0.003785820036190163	0.005907239057239057	25	36	0.9864933377200198
73300	1601307227981	61	10	0.003814607665734496	0.005925084175084175	31	29	0.9864930087185393
73400	1601307252228	63	10	0.0037881230465537097	0.005910606060606061	34	28	0.9865255798651094
73500	1601307277299	68	10	0.003797170587267643	0.005927609427609427	24	43	0.9866232933048199
73600	1601307303746	61	10	0.0037854910347096564	0.005935858585858586	25	35	0.9865120908044086
73700	1601307330086	59	19	0.0037884520480342162	0.00592003367003367	29	30	0.9864782036519164
73800	1601307356448	59	12	0.003790919559138016	0.005916161616161617	29	30	0.9864885671985524
73900	1601307383733	64	18	0.0037854910347096564	0.005924242424242424	25	38	0.986567527553874
74000	1601307410485	72	21	0.003779569008060536	0.005931481481481481	25	45	0.9864388879749959
74100	1601307436601	46	10	0.003805066622799803	0.005924579124579125	23	23	0.9864860996874486
74200	1601307463497	60	11	0.0037966770850468828	0.005918686868686868	23	36	0.9864837966770851
74300	1601307488897	50	10	0.0037877940450732027	0.005875589225589226	24	26	0.9865301858858365
74400	1601307512824	65	10	0.0037974995887481494	0.005930808080808081	29	36	0.9865502549761473
74500	1601307539780	59	11	0.003806876130942589	0.0058951178451178456	25	34	0.9865290343806548
74600	1601307568775	57	10	0.003796841585787136	0.005915824915824916	25	31	0.9864972857377858
74700	1601307600507	114	10	0.0037924000658002962	0.005918855218855219	58	55	0.9864485935186709
74800	1601307631562	69	17	0.0037632834347754566	0.005946127946127946	34	34	0.9865872676427044
74900	1601307662048	84	9	0.003791413061358776	0.005912289562289562	30	52	0.9865249218621484
75000	1601307691396	62	11	0.0038042441190985357	0.00590016835016835	30	31	0.9865257443658496
75100	1601307728631	78	10	0.00375900641552887	0.005913973063973063	37	39	0.9865982891923014
75200	1601307758286	70	50	0.0037894390524757363	0.005924579124579125	37	31	0.9865055107747985
75300	1601307788371	94	11	0.0037650929429182433	0.005922053872053872	57	36	0.9865227833525251
75400	1601307821036	62	12	0.0037871360421121896	0.005915319865319866	28	32	0.9864879091955914
75500	1601307851708	56	9	0.0037810495147228163	0.005935521885521885	20	34	0.9865028787629544
75600	1601307878540	155	20	0.003810166145747656	0.005894107744107744	23	46	0.9864981082414871
75700	1601307909034	59	11	0.0037762789932554697	0.00590959595959596	28	31	0.9866578384602731
75800	1601307939255	63	10	0.003814278664253989	0.005957239057239058	25	37	0.986494160223721
75900	1601307973941	86	15	0.003787465043592696	0.005905892255892256	38	43	0.9865826616219773
76000	1601308004066	66	10	0.0037849975324888963	0.005922053872053872	22	41	0.9864990952459286
76100	1601308033335	70	11	0.003779569008060536	0.005930639730639731	39	30	0.9865443329494983
76200	1601308062696	55	12	0.003774962987333443	0.00594006734006734	24	31	0.9865119263036684
76300	1601308091775	76	11	0.003790919559138016	0.00590050505050505	32	43	0.9864693206119427
76400	1601308117928	49	9	0.003796348083566376	0.005911784511784512	21	28	0.9865393979272906
76500	1601308145899	74	10	0.003784010528047376	0.00594006734006734	25	48	0.9864936667215003
76600	1601308172240	56	11	0.0037984865931896695	0.005942760942760942	25	31	0.9864661950978779
76700	1601308198607	50	11	0.003803750616877776	0.005928282828282828	24	26	0.9864770521467346
76800	1601308224767	57	12	0.0037798980095410427	0.005937710437710438	24	33	0.9865255798651094
76900	1601308249662	70	10	0.0037961835828261227	0.005913131313131314	26	44	0.9865211383451226
77000	1601308275775	71	9	0.003772001974008883	0.005933670033670034	31	39	0.9865217963480836
77100	1601308307338	78	10	0.0037743049843724295	0.00591010101010101	37	39	0.9865073202829413
77200	1601308369674	83	11	0.003803750616877776	0.005945454545454546	44	36	0.9865222898503043
77300	1601308424123	60	11	0.0037876295443329496	0.0059496632996633	25	34	0.9865073202829413
77400	1601308469014	69	14	0.0037955255798651096	0.005948821548821549	31	37	0.9865018917585129
77500	1601308505423	71	14	0.003804737621319296	0.005921885521885523	37	33	0.9864250699128146
77600	1601308532867	52	9	0.0037873005428524426	0.005948484848484849	24	27	0.9865405494324725
77700	1601308557353	62	9	0.003800789603553216	0.005958754208754209	32	29	0.9864209573943082
77800	1601308584778	48	19	0.003797828590228656	0.005958754208754209	24	24	0.9865783846027307
77900	1601308611903	61	15	0.003817568679059056	0.005954040404040403	25	35	0.9865099522947853
78000	1601308639273	61	10	0.0038042441190985357	0.005937037037037037	27	34	0.9864754071393321
78100	1601308664245	73	28	0.003793387070241816	0.00594023569023569	35	37	0.9864841256785656
78200	1601308691296	64	10	0.0038228327027471625	0.005911279461279461	29	33	0.986366178647804
78300	1601308718742	54	11	0.0037986510939299225	0.005926430976430977	22	29	0.9864719526237868
78400	1601308745938	64	10	0.0038164171738772823	0.005926599326599327	30	34	0.986518835334759
78500	1601308772901	62	10	0.0038129626583319623	0.005933838383838384	23	38	0.9864604375719691
78600	1601308800881	66	10	0.003810166145747656	0.00591986531986532	24	40	0.9865109392992268
78700	1601308828760	53	10	0.0038213521960848824	0.005924074074074074	25	27	0.9864716236223063
78800	1601308855311	68	9	0.0037917420628392827	0.005941750841750841	31	35	0.9865481164665241
78900	1601308881093	62	10	0.0038129626583319623	0.0059510101010101	26	35	0.9864749136371114
79000	1601308908769	58	10	0.0038035861161375226	0.005964814814814814	26	31	0.9864675111037999
79100	1601308934423	58	9	0.0037798980095410427	0.005964814814814814	28	29	0.9864826451719033
79200	1601308959555	61	10	0.0037928935680210563	0.0059764309764309765	26	35	0.9864497450238526
79300	1601308983854	55	10	0.0038267807205132425	0.005946632996632997	20	35	0.9864865931896694
79400	1601309010988	73	20	0.003818062181279816	0.005936195286195286	28	44	0.986433788452048
79500	1601309039601	56	9	0.003793222569501563	0.005917340067340068	24	31	0.9865347919065636
79600	1601309066182	57	11	0.0038193781872018426	0.00591986531986532	29	27	0.9864994242474091
79700	1601309095080	71	10	0.003807369633163349	0.005942760942760942	25	46	0.9865173548280968
79800	1601309119223	56	10	0.003799802599111696	0.00595	27	29	0.9865443329494983
79900	1601309144902	66	11	0.003805724625760816	0.005936195286195286	23	43	0.9864981082414871
80000	1601309174341	60	16	0.003820200690903109	0.005944612794612795	32	27	0.9865111037999671
80100	1601309199022	49	9	0.003822174699786149	0.005983333333333333	20	28	0.9864709656193453
80200	1601309222948	55	10	0.0038014476065142294	0.005962626262626262	26	29	0.9865374239184076
80300	1601309247866	80	9	0.003831057739759829	0.00595050505050505	45	35	0.9864683336075012
80400	1601309273246	73	10	0.003797170587267643	0.005947138047138047	40	33	0.9864852771837473
80500	1601309299046	79	15	0.0038172396775785493	0.005933838383838384	29	35	0.9864908702089159
80600	1601309324126	113	12	0.0038328672479026158	0.0059410774410774405	76	36	0.9864240829083731
80700	1601309350610	89	9	0.003800789603553216	0.005964983164983165	35	53	0.9865155453199539
80800	1601309378564	57	11	0.0038284257279157757	0.00594023569023569	29	28	0.9865466359598618
80900	1601309403815	56	18	0.0037884520480342162	0.0059567340067340074	27	28	0.986446126007567
81000	1601309430401	53	15	0.0038284257279157757	0.005939730639730639	22	30	0.9864729396282284
81100	1601309464657	78	10	0.003827109721993749	0.0059520202020202015	28	48	0.9865189998354993
81200	1601309514696	85	9	0.003836157262707682	0.005939057239057239	43	38	0.9864622470801119
81300	1601309552537	68	11	0.003821516696825136	0.005924074074074074	28	39	0.9865379174206284
81400	1601309599280	67	11	0.003827274222734002	0.005920875420875421	26	39	0.9865382464221089
81500	1601309643063	68	10	0.0038129626583319623	0.00592020202020202	23	44	0.9865119263036684
81600	1601309683879	58	9	0.0038042441190985357	0.005931818181818181	22	33	0.9865257443658496
81700	1601309725115	66	10	0.0037960190820858692	0.0059496632996633	26	38	0.9864202993913472
81800	1601309764538	69	10	0.003823819707188682	0.005987205387205387	24	44	0.9864250699128146
81900	1601309803681	68	10	0.0038063826287218295	0.00597996632996633	25	43	0.986429840434282
82000	1601309844254	73	10	0.003816252673137029	0.005943771043771044	26	46	0.9864364204638921
82100	1601309881385	64	10	0.003804737621319296	0.005941919191919192	21	42	0.9865102812962658
82200	1601309921474	70	10	0.003794867576904096	0.005945791245791246	26	42	0.986505181773318
82300	1601309963590	66	10	0.0038234907057081756	0.005944781144781144	26	35	0.9865120908044086
82400	1601309998038	78	9	0.0038035861161375226	0.00596010101010101	29	48	0.9865145583155124
82500	1601310030467	171	11	0.0038206941931238692	0.005967003367003367	27	143	0.9865041947688764
82600	1601310064136	101	10	0.0037810495147228163	0.005944444444444445	39	62	0.9865323243954598
82700	1601310097893	108	12	0.003838131271590722	0.00593989898989899	32	44	0.9864910347096562
82800	1601310128945	67	10	0.003814114163513736	0.00594023569023569	33	33	0.9864393814772167
82900	1601310160060	70	10	0.003805066622799803	0.0059479797979797985	31	38	0.986568843559796
83000	1601310191315	74	11	0.003818720184240829	0.005947474747474748	30	42	0.9864645500904754
83100	1601310218857	60	10	0.0037991445961506826	0.0059410774410774405	32	28	0.9864782036519164
83200	1601310247577	57	10	0.0037925645665405493	0.0059410774410774405	24	31	0.9865163678236553
83300	1601310274548	69	10	0.0038083566376048692	0.005935185185185186	32	37	0.9865165323243955
83400	1601310301669	85	20	0.0038208586938641223	0.005965993265993267	35	49	0.9864576410593847
83500	1601310328856	62	10	0.0038042441190985357	0.005952861952861953	26	36	0.9864722816252673
83600	1601310363202	57	11	0.0038243132094094422	0.005950673400673401	24	32	0.9864897187037341
83700	1601310398450	54	28	0.0038035861161375226	0.005940909090909091	20	33	0.9865574930087185
83800	1601310436103	62	12	0.0038063826287218295	0.005930808080808081	24	37	0.986527882875473
83900	1601310480343	70	12	0.003791906563579536	0.005950673400673401	27	42	0.9865134068103306
84000	1601310517910	70	12	0.0038174041783188024	0.0059653198653198646	28	41	0.9865074847836816
84100	1601310569395	65	11	0.0038063826287218295	0.005973063973063973	25	39	0.9864535285408784
84200	1601310609945	57	9	0.0038100016450074024	0.005958249158249159	22	34	0.9865114328014476
84300	1601310650457	63	10	0.003814278664253989	0.005931818181818181	27	35	0.9865231123540056
84400	1601310689603	70	10	0.003844053298239842	0.005909932659932659	28	41	0.9864336239513077
84500	1601310726600	55	10	0.0037925645665405493	0.005927946127946128	20	34	0.9865264023688106
84600	1601310766425	60	12	0.003825464714591216	0.005940404040404041	22	38	0.9865555189998355
84700	1601310802644	82	12	0.0038126336568514558	0.005934848484848485	46	36	0.9864383944727751
84800	1601310841429	74	10	0.003789768053956243	0.005953030303030303	27	46	0.9864643855897351
84900	1601310879453	57	9	0.003832209244941602	0.005956228956228956	22	34	0.9864875801941109
85000	1601310908806	62	11	0.003803915117618029	0.005971212121212121	23	34	0.9864418489883204
85100	1601310938130	66	15	0.003844546800460602	0.005954040404040403	24	41	0.9865260733673301
85200	1601310964340	48	11	0.003827274222734002	0.005927104377104377	23	25	0.9864566540549432
85300	1601310991879	87	10	0.0038127981575917093	0.0059476430976430975	42	40	0.9864415199868399
85400	1601311018874	53	9	0.0038065471294620825	0.0059456228956228955	22	31	0.9864754071393321
85500	1601311045887	82	9	0.0038225037012666555	0.005932491582491582	24	56	0.9864765586445139
85600	1601311077709	88	311	0.0038127981575917093	0.0059476430976430975	32	52	0.9864561605527224
85700	1601311107572	87	11	0.003815265668695509	0.005951851851851851	47	37	0.9865239348577068
85800	1601311136155	52	10	0.0038044086198387892	0.005927272727272727	22	29	0.9864341174535285
85900	1601311164798	61	9	0.003830728738279322	0.005941919191919192	26	33	0.9864856061852278
86000	1601311195843	61	10	0.0038213521960848824	0.005955387205387205	25	34	0.9865068267807205
86100	1601311227554	71	10	0.003811317650929429	0.00594949494949495	24	46	0.9864625760815924
86200	1601311256381	89	14	0.003814772166474749	0.0059434343434343435	23	64	0.9864961342326041
86300	1601311283770	68	9	0.0038289192301365358	0.0059299663299663295	24	43	0.9865624280309261
86400	1601311311334	55	11	0.0038083566376048692	0.005935353535353536	23	32	0.9864831386741241
86500	1601311341310	52	12	0.003806711630202336	0.005942760942760942	22	29	0.9864347754564895
86600	1601311368450	64	17	0.0038045731205790427	0.005942929292929293	23	31	0.9865242638591873
86700	1601311395857	54	10	0.0037905905576575095	0.00594057239057239	24	29	0.9865548609968745
86800	1601311425021	52	10	0.003819871689422602	0.005912457912457912	22	30	0.9865068267807205
86900	1601311455300	68	11	0.003788781049514723	0.00593047138047138	23	44	0.9865018917585129
87000	1601311505335	92	9	0.0037965125843066293	0.0059498316498316495	29	40	0.9864349399572299
87100	1601311533087	52	10	0.0038075341339036026	0.005948148148148149	23	28	0.9864874156933706
87200	1601311586076	69	11	0.0038080276361243627	0.005934343434343434	37	31	0.9864880736963316
87300	1601311614081	56	10	0.003834512255305149	0.005924579124579125	26	30	0.9864321434446455
87400	1601311642036	69	13	0.0038093436420463893	0.005944276094276094	34	35	0.9864949827274223
87500	1601311687107	262	12	0.0038257937160717224	0.005946801346801346	218	37	0.986443493995723
87600	1601311726817	64	10	0.003817568679059056	0.005962457912457913	29	33	0.986581839118276
87700	1601311796263	77	11	0.0038114821516696826	0.005962962962962963	26	47	0.9865147228162526
87800	1601311835078	69	19	0.0038188846849810825	0.00595	27	41	0.9865219608488238
87900	1601311885823	66	10	0.0038155946701760157	0.005968855218855218	28	37	0.9864905412074354
88000	1601311919474	55	10	0.0038121401546306957	0.005942929292929293	24	31	0.9865389044250699
88100	1601311977793	67	10	0.003832209244941602	0.005965993265993267	26	39	0.9864729396282284
88200	1601312009541	92	14	0.0038070406316828426	0.005946464646464647	53	34	0.9864967922355651
88300	1601312044611	68	13	0.003818062181279816	0.005915319865319866	28	40	0.9864650435926962
88400	1601312095554	59	11	0.003811317650929429	0.005924747474747474	28	30	0.9865392334265504
88500	1601312140943	643	163	0.0038358282612271756	0.005933501683501683	290	56	0.9865647310412897
88600	1601312199124	116	14	0.0038139496627734824	0.0059057239057239055	70	39	0.9864484290179306
88700	1601312250522	113	18	0.003826616219772989	0.005927104377104377	65	47	0.9864643855897351
88800	1601312294465	72	10	0.0037925645665405493	0.00594057239057239	29	42	0.9865134068103306
88900	1601312328262	102	13	0.003813785162033229	0.005935521885521885	61	37	0.9864948182266821
89000	1601312363905	67	12	0.003842408290837309	0.00593989898989899	31	35	0.9864319789439052
89100	1601312402659	506	138	0.0037960190820858692	0.005914141414141414	431	74	0.9865306793880573
89200	1601312442635	63	11	0.0038183911827603225	0.0059346801346801354	28	34	0.9865160388221746
89300	1601312476711	68	11	0.0038127981575917093	0.005931481481481481	25	42	0.9865081427866426
89400	1601312510084	97	12	0.0038262872182924824	0.00591952861952862	57	39	0.986429840434282
89500	1601312544133	138	12	0.003816252673137029	0.005930808080808081	27	110	0.986542852442836
89600	1601312574774	58	10	0.0038348412567856555	0.005937373737373738	22	36	0.9864890607007731
89700	1601312603692	84	26	0.0038134561605527224	0.005964814814814814	42	40	0.986446126007567
89800	1601312639305	57	16	0.0038376377693699623	0.005953535353535353	25	31	0.9864630695838131
89900	1601312698882	307	13	0.0038169106760980423	0.005935858585858586	26	57	0.9865208093436421
90000	1601312748115	72	25	0.003803257114657016	0.005912962962962963	30	35	0.9864961342326041
90100	1601312780413	71	9	0.0038213521960848824	0.005927272727272727	24	46	0.9864683336075012
90200	1601312813236	70	12	0.003805724625760816	0.005935016835016835	33	35	0.9865112683007073
90300	1601312846432	73	10	0.0038229972034874156	0.005945117845117845	24	47	0.9864462905083072
90400	1601312876504	64	21	0.003832209244941602	0.005906228956228956	28	35	0.9864120743543346
90500	1601312907513	51	9	0.003813620661292976	0.005925084175084175	23	27	0.9864640565882546
90600	1601312937909	70	11	0.003823819707188682	0.005931313131313131	22	47	0.9865652245435105
90700	1601312970561	62	11	0.0038292482316170423	0.00595050505050505	27	33	0.9864930087185393
90800	1601313001507	96	11	0.0038088501398256293	0.005955723905723906	27	41	0.9865109392992268
90900	1601313032185	77	10	0.003810166145747656	0.0059476430976430975	29	47	0.9864892252015134
91000	1601313060406	68	9	0.0037984865931896695	0.005953872053872054	24	42	0.986541536436914
91100	1601313088931	94	12	0.0038149366672150025	0.00593956228956229	49	45	0.9865101167955256
91200	1601313119286	101	11	0.0038331962493831223	0.0059432659932659926	32	68	0.9864880736963316
91300	1601313153096	104	13	0.003819871689422602	0.005944444444444445	67	35	0.98651949333772
91400	1601313182493	65	10	0.003813127159072216	0.005944949494949495	32	31	0.9865015627570324
91500	1601313229140	69	12	0.0037924000658002962	0.0059501683501683505	31	34	0.9865217963480836
91600	1601313278141	70	9	0.003834018753084389	0.005940404040404041	33	32	0.9864477710149696
91700	1601313306889	58	12	0.0038200361901628557	0.00598047138047138	22	35	0.9864844546800461
91800	1601313340230	101	13	0.0038024346109557495	0.005955892255892256	39	55	0.9864773811482151
91900	1601313370164	58	11	0.003810330646487909	0.005983838383838383	23	34	0.9864734331304491
92000	1601313447644	68	11	0.003824642210889949	0.005968181818181819	25	41	0.9865328178976805
92100	1601313478643	66	10	0.0038341832538246424	0.0059565656565656565	24	41	0.9864836321763448
92200	1601313508897	92	10	0.0038447113012008553	0.0059765993265993266	34	57	0.9863985852936338
92300	1601313538660	70	17	0.003823655206448429	0.00596043771043771	35	35	0.9865491034709656
92400	1601313567494	58	10	0.003842572791577562	0.005926767676767676	25	32	0.9864721171245271
92500	1601313596545	142	11	0.003833031748642869	0.005891750841750842	47	95	0.9865431814443165
92600	1601313626250	98	10	0.003841914788616549	0.005958080808080808	51	38	0.9864573120579042
92700	1601313654539	54	10	0.003822010199045896	0.005929292929292929	22	29	0.9864474420134891
92800	1601313682352	82	20	0.003848494818226682	0.005974747474747475	34	47	0.9864482645171904
92900	1601313711531	70	12	0.003837966770850469	0.005952525252525252	34	35	0.9864260569172562
93000	1601313740934	78	12	0.0038507978285902285	0.005924579124579125	37	40	0.9865295278828755
93100	1601313767166	56	10	0.0038392827767724956	0.005958417508417508	24	32	0.986505839776279
93200	1601313795345	65	9	0.003844053298239842	0.005946632996632997	24	41	0.9864536930416187
93300	1601313825029	77	10	0.0038132916598124693	0.0059543771043771045	24	52	0.9864995887481494
93400	1601313855539	63	17	0.0038208586938641223	0.0059346801346801354	29	33	0.9864653725941767
93500	1601313882660	66	11	0.0038471788123046555	0.00597996632996633	27	39	0.9864805066622799
93600	1601313910014	104	29	0.003843559796019082	0.00593939393939394	38	55	0.9865579865109393
93700	1601313956441	57	10	0.0038478368152656687	0.005975757575757576	25	29	0.9864907057081757
93800	1601313980340	63	10	0.0038705379174206285	0.005949326599326599	21	39	0.9864212863957887
93900	1601314005951	55	10	0.0038164171738772823	0.005935858585858586	22	33	0.9865101167955256
94000	1601314031927	64	10	0.0038104951472281625	0.005955892255892256	22	42	0.9864148708669189
94100	1601314057647	71	10	0.0038124691561112027	0.005970707070707071	43	28	0.9864619180786314
94200	1601314082464	56	11	0.0038169106760980423	0.005986531986531987	22	33	0.9865329823984208
94300	1601314107326	54	30	0.0038233262049679226	0.005965151515151515	24	29	0.9864946537259418
94400	1601314132742	51	9	0.003821681197565389	0.00597996632996633	24	26	0.9865300213850963
94500	1601314158152	57	15	0.003803257114657016	0.005975420875420875	22	34	0.9865112683007073
94600	1601314184506	54	10	0.003833525250863629	0.0059489898989899	24	30	0.9864375719690739
94700	1601314208391	49	10	0.0038259582168119755	0.005933164983164984	24	25	0.9865431814443165
94800	1601314235134	55	34	0.0038126336568514558	0.00596952861952862	21	33	0.9865086362888633
94900	1601314265266	61	10	0.0038402697812140157	0.00592962962962963	28	31	0.9864923507155782
95000	1601314289507	45	10	0.0038297417338378024	0.005938720538720539	21	24	0.9864676756045402
95100	1601314314083	61	9	0.003847014311564402	0.005934848484848485	29	30	0.9864457970060865
95200	1601314340057	59	10	0.0038353347590064156	0.005943939393939395	25	34	0.9864676756045402
95300	1601314365433	48	9	0.003860009870044415	0.005949158249158249	20	27	0.9864829741733838
95400	1601314389543	44	8	0.0038218456983056424	0.005929124579124579	19	23	0.9865139003125514
95500	1601314414549	51	11	0.003833525250863629	0.005952525252525252	20	30	0.9864643855897351
95600	1601314439898	64	10	0.0038427372923178155	0.005965151515151515	35	29	0.9864699786149038
95700	1601314469437	53	11	0.0038205296923836157	0.005953030303030303	19	34	0.9864099358447113
95800	1601314492618	66	9	0.0038167461753577893	0.0059452861952861945	25	40	0.9864281954268794
95900	1601314515928	58	10	0.0038257937160717224	0.005931649831649832	26	31	0.986417502878763
96000	1601314538737	62	9	0.0038203651916433622	0.005943939393939395	24	38	0.9864643855897351
96100	1601314561726	52	9	0.003844053298239842	0.005951851851851851	26	25	0.9864482645171904
96200	1601314589451	80	10	0.0038422437900970554	0.005945959595959597	52	27	0.986505181773318
96300	1601314612447	53	9	0.0038274387234742556	0.005916329966329966	23	19	0.9865219608488238
96400	1601314634647	45	10	0.0038274387234742556	0.005917340067340068	20	24	0.9864568185556835
96500	1601314662181	62	10	0.0038318802434610956	0.005945959595959597	30	31	0.9864739266326699
96600	1601314684683	78	9	0.003845369304161869	0.00596060606060606	40	38	0.9864198058891265
96700	1601314705591	41	7	0.0038483303174864287	0.0059501683501683505	23	18	0.9864788616548774
96800	1601314727071	59	17	0.0038542523441355485	0.00594023569023569	32	26	0.9864313209409442
96900	1601314750936	63	10	0.0038501398256292154	0.0059345117845117845	21	42	0.9864017108076987
97000	1601314773037	52	8	0.0038399407797335087	0.005955050505050505	23	29	0.9864128968580359
97100	1601314794150	50	9	0.003819707188682349	0.00594006734006734	26	24	0.9864446455009047
97200	1601314816421	53	9	0.003836979766408949	0.005951346801346801	20	33	0.9864724461260076
97300	1601314838517	60	9	0.0038208586938641223	0.005947474747474748	24	35	0.9864627405823326
97400	1601314859795	82	9	0.003816252673137029	0.005953703703703704	35	46	0.9864592860667873
97500	1601314881444	46	12	0.003827767724954762	0.0059235690235690235	21	25	0.986442835992762
97600	1601314904133	71	12	0.0038234907057081756	0.00596060606060606	27	44	0.9864258924165159
97700	1601314926582	61	9	0.0038244777101496957	0.005962457912457913	27	34	0.9865425234413555
97800	1601314949705	43	10	0.0038404342819542687	0.005925084175084175	22	21	0.9864232604046719
97900	1601314973176	52	9	0.0038285902286560288	0.0059346801346801354	26	26	0.9865066622799803
98000	1601314996512	56	12	0.0038083566376048692	0.005970707070707071	22	33	0.9864531995393979
98100	1601315019578	58	10	0.0038172396775785493	0.005934848484848485	23	34	0.9864610955749301
98200	1601315042709	72	10	0.003848494818226682	0.0059345117845117845	43	29	0.9865191643362395
98300	1601315064148	45	8	0.0038557328507978286	0.005932491582491582	22	22	0.9864178318802435
98400	1601315085868	49	9	0.0038483303174864287	0.00595050505050505	22	26	0.9864587925645666
98500	1601315108576	51	8	0.003817568679059056	0.005938047138047138	23	27	0.9864884026978121
98600	1601315130093	50	8	0.0038354992597466686	0.005938552188552188	20	29	0.9864763941437736
98700	1601315151801	54	9	0.003849481822668202	0.005958417508417508	26	27	0.9865352854087843
98800	1601315174124	50	8	0.0038172396775785493	0.005964309764309764	19	30	0.9864966277348248
98900	1601315195404	59	10	0.003843559796019082	0.005954040404040403	28	30	0.9864115808521139
99000	1601315217555	123	9	0.003848001316005922	0.005942087542087542	73	50	0.986432472446126
99100	1601315242007	62	9	0.0038144431649942425	0.005932659932659933	22	39	0.9864755716400724
99200	1601315265262	63	9	0.003838624773811482	0.005966161616161616	33	29	0.9864712946208258
99300	1601315288179	50	9	0.0038443822997203487	0.005960942760942761	26	24	0.9864314854416845
99400	1601315309333	55	9	0.0038397762789932556	0.005952693602693603	28	27	0.9864023688106597
99500	1601315331028	49	9	0.003855403849317322	0.005937205387205388	21	28	0.9864481000164501
99600	1601315353174	55	9	0.0038407632834347753	0.005961447811447812	22	33	0.986457805560125
99700	1601315374110	47	9	0.0038427372923178155	0.005977441077441078	26	21	0.986457147557164
99800	1601315393285	60	10	0.003858858364862642	0.005968686868686869	23	37	0.9864374074683336
99900	1601315412849	67	24	0.003863464385589735	0.005953872053872054	37	29	0.9864869221911499
100000	1601315429295	46	8	0.0038705379174206285	0.005908922558922558	19	27	0.9864780391511762
