0	-1.5416781443024246E7
100	-1.5403782825480605E7
200	-1.5373420881198296E7
300	-1.5399774962556897E7
400	-1.5398652908272851E7
500	-1.536896566590637E7
600	-1.532422564059807E7
700	-1.5287773191800568E7
800	-1.5248170617917197E7
900	-1.5214231577523967E7
1000	-1.5187960285214772E7
1100	-1.5172702376508947E7
1200	-1.5160824108478764E7
1300	-1.5157003423819244E7
1400	-1.5142291409849659E7
1500	-1.5132570088621365E7
1600	-1.5128857007230407E7
1700	-1.5121666166034967E7
1800	-1.5117402734965874E7
1900	-1.5115423095970633E7
2000	-1.5111270800058145E7
2100	-1.5111437967341831E7
2200	-1.5110211106834609E7
2300	-1.5116167883808859E7
2400	-1.5116363030358216E7
2500	-1.5110219895111127E7
2600	-1.5108556142642139E7
2700	-1.5112593933053993E7
2800	-1.511580549343089E7
2900	-1.5115586930215925E7
3000	-1.510940881927414E7
3100	-1.5108528459766813E7
3200	-1.510852641462937E7
3300	-1.5107429836497573E7
3400	-1.5107950081852607E7
3500	-1.5104541221234469E7
3600	-1.510530135155228E7
3700	-1.5106664640266638E7
3800	-1.5101838181673912E7
3900	-1.5102820022162283E7
4000	-1.5100528305848222E7
4100	-1.5101979907127444E7
4200	-1.5104835086875131E7
4300	-1.510347497455282E7
4400	-1.5099009866783269E7
4500	-1.5101879017736992E7
4600	-1.509953274662241E7
4700	-1.5099467379576424E7
4800	-1.5093938914337281E7
4900	-1.5092510380673153E7
5000	-1.5093330015127392E7
5100	-1.5092382525265655E7
5200	-1.5094235229804492E7
5300	-1.5093323488049926E7
5400	-1.5089534029351406E7
5500	-1.5096293702454587E7
5600	-1.509356453021205E7
5700	-1.5092553621920975E7
5800	-1.5093162774885762E7
5900	-1.5087075615510061E7
6000	-1.5090443695793148E7
6100	-1.508954427301426E7
6200	-1.509011020341079E7
6300	-1.5087790210997418E7
6400	-1.5086979118878387E7
6500	-1.5085601755244287E7
6600	-1.5084999962346073E7
6700	-1.5091449565136692E7
6800	-1.5088542036399283E7
6900	-1.508445663784249E7
7000	-1.5084657969340725E7
7100	-1.5088386555943541E7
7200	-1.5080435812150853E7
7300	-1.5085331033695268E7
7400	-1.508251221220117E7
7500	-1.5079772973551886E7
7600	-1.5075647278197598E7
7700	-1.5075352149363885E7
7800	-1.5075153683540791E7
7900	-1.5078721123374883E7
8000	-1.50719106441576E7
8100	-1.5073536991477137E7
8200	-1.5071817845376525E7
8300	-1.5073460382353097E7
8400	-1.5070186412531089E7
8500	-1.5073276820034187E7
8600	-1.507278557077518E7
8700	-1.5072630025435934E7
8800	-1.507298807458263E7
8900	-1.5067703535321081E7
9000	-1.5067567070334416E7
9100	-1.5066229205083102E7
9200	-1.5064992130268224E7
9300	-1.507030681144903E7
9400	-1.506745623628658E7
9500	-1.506622374999116E7
9600	-1.506912410114434E7
9700	-1.5071249914669646E7
9800	-1.5065469022206644E7
9900	-1.5063667772289243E7
10000	-1.50701217902475E7
10100	-1.5066007270289015E7
10200	-1.5064345552582245E7
10300	-1.506106918161312E7
10400	-1.5061910996710857E7
10500	-1.5060026190049406E7
10600	-1.5063191914103663E7
10700	-1.5063696787002085E7
10800	-1.5063200458756292E7
10900	-1.5058794022253515E7
11000	-1.506290593497307E7
11100	-1.5058920820157701E7
11200	-1.5060582003282007E7
11300	-1.5059615402952066E7
11400	-1.5061620462359246E7
11500	-1.5062276166298253E7
11600	-1.5059515947869109E7
11700	-1.5058116641688991E7
11800	-1.5058559216349496E7
11900	-1.5055471019209104E7
12000	-1.5054273749847284E7
12100	-1.5060574622182205E7
12200	-1.5056361525547018E7
12300	-1.5059135491097974E7
12400	-1.505528299908012E7
12500	-1.5059525815062476E7
12600	-1.5057475782532785E7
12700	-1.5059943329207662E7
12800	-1.50583943548195E7
12900	-1.506066608141273E7
13000	-1.5058439929238765E7
13100	-1.5052330286558118E7
13200	-1.5056134539650058E7
13300	-1.505587721948155E7
13400	-1.5050470804406993E7
13500	-1.5052683228113951E7
13600	-1.504934820709986E7
13700	-1.5055483808778975E7
13800	-1.5050995497093972E7
13900	-1.5053742337757202E7
14000	-1.5049147600771476E7
14100	-1.5053059321765088E7
14200	-1.5052391676790066E7
14300	-1.5048937050355302E7
14400	-1.5053492222590104E7
14500	-1.5051354551609715E7
14600	-1.5053133049759066E7
14700	-1.5052760156801E7
14800	-1.505127051772075E7
14900	-1.5046821665974412E7
15000	-1.50460832459053E7
15100	-1.5047450306866417E7
15200	-1.5048029216728168E7
15300	-1.504423383832617E7
15400	-1.5046556828814581E7
15500	-1.5049679444299798E7
15600	-1.504739482753443E7
15700	-1.5047501709651588E7
15800	-1.5048916767538128E7
15900	-1.5047571642358763E7
16000	-1.5052617234035565E7
16100	-1.5047284378213005E7
16200	-1.5045163074350452E7
16300	-1.5050441988545157E7
16400	-1.5049423682988757E7
16500	-1.5050693242896046E7
16600	-1.5054139165817559E7
16700	-1.5047832454991793E7
16800	-1.5050336580260275E7
16900	-1.5048592025141485E7
17000	-1.5051969870792873E7
17100	-1.5049671031710092E7
17200	-1.5045610897880223E7
17300	-1.504945808131356E7
17400	-1.5048256020581659E7
17500	-1.5048389949931698E7
17600	-1.5051611044173872E7
17700	-1.504637712604751E7
17800	-1.5049394404924547E7
17900	-1.50507240532016E7
18000	-1.5047083164047966E7
18100	-1.5046396282734392E7
18200	-1.50496875772123E7
18300	-1.5046951062425442E7
18400	-1.5039767041151404E7
18500	-1.5040788204040434E7
18600	-1.504492793037506E7
18700	-1.5041635786398843E7
18800	-1.5042257705239162E7
18900	-1.5040350927605862E7
19000	-1.504228643465768E7
19100	-1.504744410203373E7
19200	-1.5044425127586823E7
19300	-1.504346992685569E7
19400	-1.504159745221282E7
19500	-1.5042999957823263E7
19600	-1.5046514581161654E7
19700	-1.5041818780461118E7
19800	-1.5039193363782441E7
19900	-1.503856637885625E7
20000	-1.5039191982693588E7
20100	-1.5041793573756622E7
20200	-1.5044149560423765E7
20300	-1.504227521491398E7
20400	-1.5039129431679545E7
20500	-1.5042888205940839E7
20600	-1.5039061837728878E7
20700	-1.5038884336879194E7
20800	-1.5038965638728993E7
20900	-1.5040186157218115E7
21000	-1.5038153322158933E7
21100	-1.5035274023454964E7
21200	-1.5030905938534554E7
21300	-1.5034487191042958E7
21400	-1.5032298312818388E7
21500	-1.5034788154851902E7
21600	-1.5036374904579345E7
21700	-1.5039761111494714E7
21800	-1.5040806141272465E7
21900	-1.5039876653059753E7
22000	-1.504497830541105E7
22100	-1.5042637650190316E7
22200	-1.5037074700747093E7
22300	-1.5034996484707227E7
22400	-1.5030911991379326E7
22500	-1.5034107305289635E7
22600	-1.5036486219333537E7
22700	-1.503837958306952E7
22800	-1.5040415927947091E7
22900	-1.5035029367025875E7
23000	-1.5036745518167451E7
23100	-1.5036646406113576E7
23200	-1.5033597541817097E7
23300	-1.5032703108515646E7
23400	-1.5030662705745216E7
23500	-1.5032666950687615E7
23600	-1.5032094811742112E7
23700	-1.5032153646296883E7
23800	-1.5031462810329875E7
23900	-1.5030684251952646E7
24000	-1.5033350970284676E7
24100	-1.5025574971428212E7
24200	-1.5030316129209226E7
24300	-1.5029407753155952E7
24400	-1.5029238072332403E7
24500	-1.5032642648414057E7
24600	-1.5031105301957883E7
24700	-1.503313879376556E7
24800	-1.5036015892902646E7
24900	-1.5031273272879137E7
25000	-1.502976141818868E7
25100	-1.5027704374977743E7
25200	-1.5031820038832428E7
25300	-1.5031085262153286E7
25400	-1.5028001302604374E7
25500	-1.503049294023778E7
25600	-1.502537627252217E7
25700	-1.5023130566304322E7
25800	-1.5026229837936008E7
25900	-1.5031527952049486E7
26000	-1.5029469284695419E7
26100	-1.5029441983554875E7
26200	-1.502773135701023E7
26300	-1.5025965258395135E7
26400	-1.5026756219997779E7
26500	-1.5027054972006865E7
26600	-1.5028693252174076E7
26700	-1.503036758862061E7
26800	-1.5027022216828974E7
26900	-1.5028801012031984E7
27000	-1.5022316159369204E7
27100	-1.5028215021072144E7
27200	-1.50286327695683E7
27300	-1.5027720477247823E7
27400	-1.5031263550580416E7
27500	-1.5027472642855123E7
27600	-1.5032032577641493E7
27700	-1.5029033127758259E7
27800	-1.5031678879503006E7
27900	-1.5024471633155499E7
28000	-1.5025413193344897E7
28100	-1.5023539030066058E7
28200	-1.5026204552029861E7
28300	-1.5032792705875235E7
28400	-1.5027623899767201E7
28500	-1.5028466895924598E7
28600	-1.5026444162290124E7
28700	-1.5031360099228302E7
28800	-1.502602242630565E7
28900	-1.5025085556575779E7
29000	-1.502744823786348E7
29100	-1.5027542663148224E7
29200	-1.5026024498878539E7
29300	-1.5024686739219567E7
29400	-1.502779842278854E7
29500	-1.5026079865720028E7
29600	-1.5023032849771317E7
29700	-1.5022980239203006E7
29800	-1.5028310166137667E7
29900	-1.5026597484206695E7
30000	-1.5028080748194968E7
30100	-1.5022578855125196E7
30200	-1.5027259332029197E7
30300	-1.5025627067388838E7
30400	-1.502762925109314E7
30500	-1.5031967823600385E7
30600	-1.5032289722216662E7
30700	-1.5029730589427201E7
30800	-1.5032857701184615E7
30900	-1.5030638295389745E7
31000	-1.5025375448352827E7
31100	-1.5028547706602514E7
31200	-1.5031657304733397E7
31300	-1.5024218470373278E7
31400	-1.5022333266599046E7
31500	-1.5025515401587415E7
31600	-1.502256417287411E7
31700	-1.5029322100447817E7
31800	-1.502668153687935E7
31900	-1.5022798198366048E7
32000	-1.5024612111748345E7
32100	-1.5022729225910546E7
32200	-1.5025027157359757E7
32300	-1.50192454607179E7
32400	-1.5020983170600267E7
32500	-1.5021874625105415E7
32600	-1.5023387989405543E7
32700	-1.5021584917903036E7
32800	-1.5022679439973798E7
32900	-1.5022610582284786E7
33000	-1.5019076620731436E7
33100	-1.5023903823145887E7
33200	-1.5024248569030978E7
33300	-1.5022398764778227E7
33400	-1.5023317474419106E7
33500	-1.5023877677057518E7
33600	-1.5018437621567402E7
33700	-1.5024815804208156E7
33800	-1.5022281170024265E7
33900	-1.502383324792814E7
34000	-1.5017348727932455E7
34100	-1.501852001429683E7
34200	-1.5021153369021727E7
34300	-1.5023889358697813E7
34400	-1.5020058581377072E7
34500	-1.5024777722622488E7
34600	-1.5023475884809498E7
34700	-1.5020695877683619E7
34800	-1.5014575426806994E7
34900	-1.501541938861683E7
35000	-1.5013901270641433E7
35100	-1.5017255028552547E7
35200	-1.501598769573448E7
35300	-1.5018382922482442E7
35400	-1.5018657020162908E7
35500	-1.5013688980647871E7
35600	-1.5015875923204143E7
35700	-1.5015240143582981E7
35800	-1.5019015932633577E7
35900	-1.5014677368605401E7
36000	-1.5020071325243648E7
36100	-1.5016610636093332E7
36200	-1.5017740975300688E7
36300	-1.5014659552316085E7
36400	-1.5017730121699816E7
36500	-1.5018502817066431E7
36600	-1.5016965275744284E7
36700	-1.5015892117444422E7
36800	-1.5011172686093638E7
36900	-1.5012656797807576E7
37000	-1.5015115811414616E7
37100	-1.5012682827446308E7
37200	-1.5016020902896762E7
37300	-1.5015602201439295E7
37400	-1.5009912836635087E7
37500	-1.5010462322585994E7
37600	-1.501591016043898E7
37700	-1.5019716269127404E7
37800	-1.5011605824085169E7
37900	-1.5014254162081936E7
38000	-1.501654946419548E7
38100	-1.5015651281437678E7
38200	-1.501699386081465E7
38300	-1.5015721836588206E7
38400	-1.5016542915092476E7
38500	-1.5019384510256128E7
38600	-1.5009898820954556E7
38700	-1.5014128733878154E7
38800	-1.501535753058016E7
38900	-1.5016170638542568E7
39000	-1.5017024120654505E7
39100	-1.5018240597406842E7
39200	-1.5013654178798884E7
39300	-1.5013701589591287E7
39400	-1.50165991911754E7
39500	-1.501481264690871E7
39600	-1.5012392038675254E7
39700	-1.5016694941828487E7
39800	-1.5011308404425561E7
39900	-1.5014249863883747E7
40000	-1.5013936867284503E7
40100	-1.5004090730384136E7
40200	-1.5007264684096748E7
40300	-1.5008775491438994E7
40400	-1.5012048174915945E7
40500	-1.501264977123345E7
40600	-1.5013680714652339E7
40700	-1.5013383001464507E7
40800	-1.5012468537761044E7
40900	-1.5009018067895923E7
41000	-1.5013199772648828E7
41100	-1.5008328439073289E7
41200	-1.5011617966708517E7
41300	-1.5008611082000427E7
41400	-1.5012088328277588E7
41500	-1.5013893820749644E7
41600	-1.501235387562775E7
41700	-1.5009530928478666E7
41800	-1.500800291988086E7
41900	-1.5014615246632278E7
42000	-1.5012428194201903E7
42100	-1.5012174242015712E7
42200	-1.5016218619278692E7
42300	-1.5015841859444331E7
42400	-1.5018602355225611E7
42500	-1.501533794535049E7
42600	-1.5017094614769863E7
42700	-1.5021123482365327E7
42800	-1.5017559886440858E7
42900	-1.5016140534940964E7
43000	-1.5019162113922857E7
43100	-1.501417634572659E7
43200	-1.5013287987036247E7
43300	-1.5017065474456836E7
43400	-1.5017031142740276E7
43500	-1.5013516100516388E7
43600	-1.5014248684575437E7
43700	-1.5013882023370232E7
43800	-1.5012425600053918E7
43900	-1.501492390861722E7
44000	-1.5012770406814337E7
44100	-1.501298893640556E7
44200	-1.5016389596961126E7
44300	-1.5013959530547714E7
44400	-1.5016610673412671E7
44500	-1.5014078817697959E7
44600	-1.501627173906308E7
44700	-1.5013134830151342E7
44800	-1.5013880449948443E7
44900	-1.5018265926425915E7
45000	-1.5015475222421598E7
45100	-1.5011247322247993E7
45200	-1.5014105280326653E7
45300	-1.5012659239961859E7
45400	-1.5015315942681406E7
45500	-1.5014294424507221E7
45600	-1.5011547979199354E7
45700	-1.5013957566408958E7
45800	-1.5015136313753724E7
45900	-1.5015879739810793E7
46000	-1.50086960437069E7
46100	-1.5012099950097946E7
46200	-1.5010583212895183E7
46300	-1.5007797489414718E7
46400	-1.5007729450823711E7
46500	-1.5012564449596675E7
46600	-1.5014652926676067E7
46700	-1.5013770274223818E7
46800	-1.501190687002737E7
46900	-1.5014702704414072E7
47000	-1.5014805396799428E7
47100	-1.5015835430914346E7
47200	-1.5013513891849443E7
47300	-1.5013932885984978E7
47400	-1.5008536094112663E7
47500	-1.5015916217718495E7
47600	-1.5011003815352503E7
47700	-1.5014098490990339E7
47800	-1.5014651736243343E7
47900	-1.5016084714923616E7
48000	-1.5016375595884558E7
48100	-1.501720563586926E7
48200	-1.5016377845576245E7
48300	-1.5015166729420077E7
48400	-1.5014480829989504E7
48500	-1.502065648366314E7
48600	-1.5014359588623064E7
48700	-1.5011072247073533E7
48800	-1.5014597943715021E7
48900	-1.5015012044463385E7
49000	-1.5014335469922785E7
49100	-1.5013142980679879E7
49200	-1.5014857169185521E7
49300	-1.5013143863169055E7
49400	-1.5012706945834685E7
49500	-1.501452202074402E7
49600	-1.5011094409930337E7
49700	-1.5010803117696915E7
49800	-1.5013043885773802E7
49900	-1.5013811930542639E7
50000	-1.5014656765880981E7
50100	-1.5015559254939273E7
50200	-1.5016151239679933E7
50300	-1.5008665947216544E7
50400	-1.5010359931107407E7
50500	-1.5010312757113421E7
50600	-1.5012437364617744E7
50700	-1.5010500112711849E7
50800	-1.501222883076875E7
50900	-1.500829261206634E7
51000	-1.5010563896657217E7
51100	-1.5013151889494253E7
51200	-1.5017025959744964E7
51300	-1.5013690646601388E7
51400	-1.5009838599013666E7
51500	-1.5009948304954417E7
51600	-1.5013516417783707E7
51700	-1.501006564898904E7
51800	-1.5011417921323681E7
51900	-1.5011240670524636E7
52000	-1.5013269514998022E7
52100	-1.5008810301810134E7
52200	-1.5011406916775865E7
52300	-1.5010491530192478E7
52400	-1.5010104089697432E7
52500	-1.5008580595947254E7
52600	-1.5007870595118465E7
52700	-1.501358233805268E7
52800	-1.5013936203844145E7
52900	-1.5012448792015238E7
53000	-1.501223180184892E7
53100	-1.5009778856045056E7
53200	-1.501048774208915E7
53300	-1.5010204963676136E7
53400	-1.5016883708637318E7
53500	-1.5011003849841548E7
53600	-1.501460831213639E7
53700	-1.5016722988662478E7
53800	-1.501275378241691E7
53900	-1.5014292305675283E7
54000	-1.501401538608166E7
54100	-1.5009896245394172E7
54200	-1.5013909198545702E7
54300	-1.5015991248310054E7
54400	-1.5012296975998001E7
54500	-1.5014455219784454E7
54600	-1.5015223703869825E7
54700	-1.5014024934479676E7
54800	-1.5008363306550752E7
54900	-1.5011120077773422E7
55000	-1.501224745771473E7
55100	-1.5014492948006013E7
55200	-1.501436888633526E7
55300	-1.5017491245654022E7
55400	-1.501258054864227E7
55500	-1.5021181036453592E7
55600	-1.5020331226673549E7
55700	-1.5018939788224164E7
55800	-1.5019765452166468E7
55900	-1.5014297836121691E7
56000	-1.5012883810989508E7
56100	-1.502075054022678E7
56200	-1.5015278338249885E7
56300	-1.5017874527765049E7
56400	-1.5017929069946442E7
56500	-1.5017093875271365E7
56600	-1.5012653465658067E7
56700	-1.5012217938913431E7
56800	-1.5013677810873926E7
56900	-1.5016284246344713E7
57000	-1.5016522700203046E7
57100	-1.5016750321497379E7
57200	-1.5014372918363847E7
57300	-1.5017052972745746E7
57400	-1.5018059974454693E7
57500	-1.5020593844812421E7
57600	-1.5015279739979023E7
57700	-1.5013764800205223E7
57800	-1.5014056613228472E7
57900	-1.5011297280412551E7
58000	-1.5013514574239798E7
58100	-1.5011921659587648E7
58200	-1.5012739667847328E7
58300	-1.5014099186862873E7
58400	-1.501168866079002E7
58500	-1.5011805118532993E7
58600	-1.500830450132376E7
58700	-1.5010897815745817E7
58800	-1.5012100521724876E7
58900	-1.5013402127960678E7
59000	-1.5016791375923434E7
59100	-1.5012863209354458E7
59200	-1.5011855343133459E7
59300	-1.5015916060092086E7
59400	-1.501354076585091E7
59500	-1.501507568432491E7
59600	-1.5011548903504312E7
59700	-1.5010903084094562E7
59800	-1.5008477715024594E7
59900	-1.5004379854287641E7
60000	-1.500819208158103E7
60100	-1.500964090507108E7
60200	-1.5010036637509983E7
60300	-1.5006894338552091E7
60400	-1.5009036461284708E7
60500	-1.5006263580414709E7
60600	-1.5010498228217794E7
60700	-1.5011473021229107E7
60800	-1.5005622389680691E7
60900	-1.5010460285683742E7
61000	-1.5010380389144273E7
61100	-1.500890970039447E7
61200	-1.50047687528139E7
61300	-1.5004737776803017E7
61400	-1.5008985961859757E7
61500	-1.5013420208838742E7
61600	-1.5011013250142878E7
61700	-1.5008754590992363E7
61800	-1.5012511063809829E7
61900	-1.501507197900564E7
62000	-1.501148000409157E7
62100	-1.5008582343623161E7
62200	-1.5010754527068423E7
62300	-1.5004576807553055E7
62400	-1.5007404964010162E7
62500	-1.5007253416428527E7
62600	-1.5011674776001206E7
62700	-1.5009331477127206E7
62800	-1.501007952349729E7
62900	-1.5007398299494412E7
63000	-1.5007429751141578E7
63100	-1.5005488684254842E7
63200	-1.5009086998300048E7
63300	-1.5006835752310038E7
63400	-1.5009450556442617E7
63500	-1.5005086096313877E7
63600	-1.5006230593172591E7
63700	-1.5006499193979094E7
63800	-1.5003307502973704E7
63900	-1.5006960665202256E7
64000	-1.5002617150079785E7
64100	-1.500617713779068E7
64200	-1.5005846951351186E7
64300	-1.5001771021608492E7
64400	-1.5007966846224496E7
64500	-1.5008217117716132E7
64600	-1.5005570615112199E7
64700	-1.5007024664289212E7
64800	-1.500346630446757E7
64900	-1.5008821579710444E7
65000	-1.5001547703167625E7
65100	-1.4997928861712186E7
65200	-1.5006216322950471E7
65300	-1.5011203798650166E7
65400	-1.5002059909974324E7
65500	-1.5003708474083666E7
65600	-1.5005573171150636E7
65700	-1.5007992098312464E7
65800	-1.5011787755646518E7
65900	-1.5008720472357426E7
66000	-1.5005609756609559E7
66100	-1.500514040465908E7
66200	-1.500449231151655E7
66300	-1.5003676133212954E7
66400	-1.5001929561561814E7
66500	-1.5007322292616919E7
66600	-1.5009307052505305E7
66700	-1.5003721000750208E7
66800	-1.5007935636104608E7
66900	-1.5005165422931813E7
67000	-1.5008036096541524E7
67100	-1.500300113219399E7
67200	-1.5003580376463847E7
67300	-1.5005268298944445E7
67400	-1.5006700838049112E7
67500	-1.5009541225765126E7
67600	-1.5004150523354964E7
67700	-1.5005166464347405E7
67800	-1.5002953741209736E7
67900	-1.5006312966489933E7
68000	-1.5003203562834628E7
68100	-1.5006510254409455E7
68200	-1.500662334510892E7
68300	-1.5005776536296833E7
68400	-1.5007707997761538E7
68500	-1.5010168039962105E7
68600	-1.5010354510407198E7
68700	-1.5008406382911019E7
68800	-1.5007654818423726E7
68900	-1.500449272423354E7
69000	-1.500046008541035E7
69100	-1.5002092000420501E7
69200	-1.5005813406788405E7
69300	-1.5002201395411214E7
69400	-1.4997603681291329E7
69500	-1.4998516466970809E7
69600	-1.4999795694993809E7
69700	-1.4999948218318783E7
69800	-1.5001781138017556E7
69900	-1.4997869273182826E7
70000	-1.5002599190071918E7
70100	-1.5001114521318143E7
70200	-1.500165972802225E7
70300	-1.5002367204629024E7
70400	-1.5004023239454607E7
70500	-1.5003778727216931E7
70600	-1.499792848986761E7
70700	-1.500234736686063E7
70800	-1.5007681652321167E7
70900	-1.5005252035375025E7
71000	-1.5002633176843554E7
71100	-1.5006922534659475E7
71200	-1.5004803817952396E7
71300	-1.5011379459649855E7
71400	-1.5008973215606974E7
71500	-1.5003513145130357E7
71600	-1.5008775174475236E7
71700	-1.5012611789186431E7
71800	-1.5003734394852279E7
71900	-1.5006791896602793E7
72000	-1.5005073198655874E7
72100	-1.5009528811281804E7
72200	-1.5006527759737145E7
72300	-1.500393861133495E7
72400	-1.5001849866921348E7
72500	-1.5002421948408911E7
72600	-1.5001920990771098E7
72700	-1.5006151444893599E7
72800	-1.5003949371051447E7
72900	-1.5001086121863019E7
73000	-1.5006738074295513E7
73100	-1.5006107879086675E7
73200	-1.500847677390613E7
73300	-1.5009391364767011E7
73400	-1.5008943777180638E7
73500	-1.5002437798717985E7
73600	-1.5004355037019676E7
73700	-1.5007265697404964E7
73800	-1.50068587383804E7
73900	-1.5005686019340217E7
74000	-1.5005491740327999E7
74100	-1.5004416393176666E7
74200	-1.5003591734476456E7
74300	-1.5002427855021E7
74400	-1.5003416746770803E7
74500	-1.5004629850174747E7
74600	-1.5003609004495632E7
74700	-1.5002804861143686E7
74800	-1.499983325701981E7
74900	-1.5003701353865001E7
75000	-1.500496779558879E7
75100	-1.5006088208523093E7
75200	-1.5006814487830596E7
75300	-1.5005788987235595E7
75400	-1.5004866837324664E7
75500	-1.5002387420955954E7
75600	-1.5004937795221351E7
75700	-1.500218505533126E7
75800	-1.5003932255469989E7
75900	-1.5003164409358777E7
76000	-1.5001045898895286E7
76100	-1.5003798346468389E7
76200	-1.5003864283214085E7
76300	-1.5001026719433056E7
76400	-1.5002141187737891E7
76500	-1.5001894815051187E7
76600	-1.4999123503272995E7
76700	-1.5005211617606513E7
76800	-1.4995098352840446E7
76900	-1.5000705961306443E7
77000	-1.5002862697188647E7
77100	-1.5001420088832542E7
77200	-1.5000259177252516E7
77300	-1.4998755511952383E7
77400	-1.5000111911954766E7
77500	-1.499910343634374E7
77600	-1.4998268686987484E7
77700	-1.500143780665895E7
77800	-1.4994952160314703E7
77900	-1.5000060172554592E7
78000	-1.5000225060505278E7
78100	-1.5000543004073646E7
78200	-1.4993094503633888E7
78300	-1.499847685476884E7
78400	-1.5004012647720717E7
78500	-1.4998585445455246E7
78600	-1.5000194484375156E7
78700	-1.5001782187315773E7
78800	-1.5004224043134904E7
78900	-1.5003998058020564E7
79000	-1.5001579176556274E7
79100	-1.4998312206126302E7
79200	-1.5005567810482567E7
79300	-1.5003999016385809E7
79400	-1.5004815589457856E7
79500	-1.500801669665464E7
79600	-1.500249059840905E7
79700	-1.500145024995603E7
79800	-1.5001757939988367E7
79900	-1.5006356420139756E7
80000	-1.5003869531324903E7
80100	-1.5005158324626366E7
80200	-1.500622804272951E7
80300	-1.500334796676426E7
80400	-1.4995228488201134E7
80500	-1.4998294563388187E7
80600	-1.49992635921235E7
80700	-1.499741868668837E7
80800	-1.4996436134615675E7
80900	-1.5000255600016307E7
81000	-1.4996009115978273E7
81100	-1.4997181294179143E7
81200	-1.5003627633996848E7
81300	-1.4998739858326951E7
81400	-1.4998598416161157E7
81500	-1.4998938507191448E7
81600	-1.5000357976355908E7
81700	-1.4998111234132003E7
81800	-1.4996764214999415E7
81900	-1.500207523949611E7
82000	-1.500392805175692E7
82100	-1.4999417724996528E7
82200	-1.5000462696129281E7
82300	-1.5001344978858238E7
82400	-1.499713923192705E7
82500	-1.4999162618273642E7
82600	-1.499789156115103E7
82700	-1.5001883243228018E7
82800	-1.499971421642279E7
82900	-1.499823053713256E7
83000	-1.4997205848945525E7
83100	-1.5000476497093566E7
83200	-1.4999892458997361E7
83300	-1.4996535432380224E7
83400	-1.4998481449772848E7
83500	-1.5001281246980917E7
83600	-1.4998378877819223E7
83700	-1.5004140243470602E7
83800	-1.4998939137956902E7
83900	-1.5001689326494483E7
84000	-1.4996905375991026E7
84100	-1.5003039622453673E7
84200	-1.5004039809988542E7
84300	-1.4996942839055687E7
84400	-1.4998400704151144E7
84500	-1.5008962480586376E7
84600	-1.500275302315383E7
84700	-1.4997584424183333E7
84800	-1.5001335463612463E7
84900	-1.5001948020292448E7
85000	-1.500637183776315E7
85100	-1.5001016476808049E7
85200	-1.5000418882887317E7
85300	-1.4999312216831844E7
85400	-1.4996340638975035E7
85500	-1.5001941492045425E7
85600	-1.5001424914427727E7
85700	-1.4997456218511924E7
85800	-1.4992943586834982E7
85900	-1.4998166378805516E7
86000	-1.4998420725135636E7
86100	-1.4998547761459624E7
86200	-1.4998059084606588E7
86300	-1.499948439171793E7
86400	-1.499674304421022E7
86500	-1.499432059478113E7
86600	-1.499683447903796E7
86700	-1.4997830588155732E7
86800	-1.4998860374174418E7
86900	-1.4997218708459733E7
87000	-1.4998875599411666E7
87100	-1.4998335568046782E7
87200	-1.4998526081896814E7
87300	-1.4996508987900306E7
87400	-1.499323069165244E7
87500	-1.499631324608382E7
87600	-1.499708986328282E7
87700	-1.4997749741371492E7
87800	-1.5003246474889407E7
87900	-1.5003500122063497E7
88000	-1.4999957694294963E7
88100	-1.4998252793593245E7
88200	-1.4997287734139599E7
88300	-1.4997580036671333E7
88400	-1.5002549319207782E7
88500	-1.500118933063561E7
88600	-1.4996706633653453E7
88700	-1.4996303662450513E7
88800	-1.4994475396610247E7
88900	-1.4998468580008943E7
89000	-1.4994557369687602E7
89100	-1.4996218294948008E7
89200	-1.499524120529728E7
89300	-1.499236982223811E7
89400	-1.4993265625171807E7
89500	-1.4994216471524725E7
89600	-1.499370974109804E7
89700	-1.499575124213887E7
89800	-1.4994840878288876E7
89900	-1.4998843102416428E7
90000	-1.4994700401281124E7
90100	-1.499610391535833E7
90200	-1.4994771896250729E7
90300	-1.4993913945113253E7
90400	-1.4996459855126701E7
90500	-1.4997722469097495E7
90600	-1.4993165932449706E7
90700	-1.4995202059177713E7
90800	-1.4997990855784498E7
90900	-1.49925835635099E7
91000	-1.499419807035976E7
91100	-1.4994734787962565E7
91200	-1.4996772599930277E7
91300	-1.4993896751640216E7
91400	-1.4994787726041779E7
91500	-1.4997408001399051E7
91600	-1.4993359611289844E7
91700	-1.4993575276198383E7
91800	-1.4995406287778521E7
91900	-1.4992320877449697E7
92000	-1.4991871812977133E7
92100	-1.4992133423123E7
92200	-1.4995508196503023E7
92300	-1.499222624003035E7
92400	-1.4987329051853577E7
92500	-1.4989673717490012E7
92600	-1.4991288926939357E7
92700	-1.4986245689699834E7
92800	-1.4995222567420274E7
92900	-1.4991849290376361E7
93000	-1.4995572220529094E7
93100	-1.49940569504058E7
93200	-1.4997382274352375E7
93300	-1.4992466123450821E7
93400	-1.4990180235164095E7
93500	-1.4990745934403619E7
93600	-1.4988964750307323E7
93700	-1.4993677670788694E7
93800	-1.4992075604575424E7
93900	-1.4992444662995515E7
94000	-1.4991634447788592E7
94100	-1.4992331851600526E7
94200	-1.4994695816462997E7
94300	-1.499502575160313E7
94400	-1.4992406000832617E7
94500	-1.499393734116364E7
94600	-1.4994451135225022E7
94700	-1.4990900594326828E7
94800	-1.4987459084113957E7
94900	-1.4990997474453144E7
95000	-1.4987962368365549E7
95100	-1.4987123208621988E7
95200	-1.4990017556091959E7
95300	-1.4991766437754741E7
95400	-1.4993804414034499E7
95500	-1.4992287847424377E7
95600	-1.4990934450559841E7
95700	-1.4993019148806581E7
95800	-1.4992245900565488E7
95900	-1.4987202581673304E7
96000	-1.498829927666894E7
96100	-1.4992428199421762E7
96200	-1.4988737191256572E7
96300	-1.4988654269898588E7
96400	-1.4989396972426526E7
96500	-1.4989076695319127E7
96600	-1.498567880135438E7
96700	-1.4987920545710035E7
96800	-1.498835739938784E7
96900	-1.4989598690349698E7
97000	-1.4987136379200831E7
97100	-1.4988675356849562E7
97200	-1.4990324620683055E7
97300	-1.4990670076670332E7
97400	-1.4990129385921553E7
97500	-1.4990803977432197E7
97600	-1.4991257742821E7
97700	-1.4991060373500867E7
97800	-1.499910095056404E7
97900	-1.499478742294419E7
98000	-1.499919729914337E7
98100	-1.4994060797811497E7
98200	-1.499505561073689E7
98300	-1.499728196029962E7
98400	-1.4998879683495633E7
98500	-1.499495687667342E7
98600	-1.499489189101133E7
98700	-1.4993960203781556E7
98800	-1.4996962446920736E7
98900	-1.4994433866196513E7
99000	-1.499239952786011E7
99100	-1.4994093303829547E7
99200	-1.4997678614638066E7
99300	-1.499105411132803E7
99400	-1.4992956276221976E7
99500	-1.4994014993773993E7
99600	-1.4989416537704036E7
99700	-1.4987439012479944E7
99800	-1.498703693793232E7
99900	-1.4992854335495744E7
100000	-1.4986347332511142E7
100100	-1.4991176739558417E7
100200	-1.4990478554095058E7
100300	-1.4989429908744683E7
100400	-1.4990014053344822E7
100500	-1.4987502188863393E7
100600	-1.499315006428734E7
100700	-1.4986930150311021E7
100800	-1.4991559458852086E7
100900	-1.4996896849487845E7
101000	-1.499327197042346E7
101100	-1.499516072998867E7
101200	-1.4989986044443551E7
101300	-1.498852626239712E7
101400	-1.498841155675345E7
101500	-1.4993797958995234E7
101600	-1.4992026400736429E7
101700	-1.4996176250937462E7
101800	-1.4986728869273594E7
101900	-1.499538745132308E7
102000	-1.498979286010907E7
102100	-1.499050575686019E7
102200	-1.4980053361413091E7
102300	-1.4985866121701334E7
102400	-1.4988269112343928E7
102500	-1.4992928510311099E7
102600	-1.4990143923370536E7
102700	-1.4988070537781319E7
102800	-1.498787725321574E7
102900	-1.4985330560745114E7
103000	-1.499218063205188E7
103100	-1.4989171499186637E7
103200	-1.4985501868628956E7
103300	-1.4989117989125434E7
103400	-1.4985644957290158E7
103500	-1.498941516708407E7
103600	-1.4987526818417866E7
103700	-1.4993124634826E7
103800	-1.4987277052068057E7
103900	-1.4990896323637707E7
104000	-1.4988437324296143E7
104100	-1.4991278676788582E7
104200	-1.4993339894585153E7
104300	-1.499930877767401E7
104400	-1.4991235058542928E7
104500	-1.498896639281426E7
104600	-1.4991024527001427E7
104700	-1.499441357879534E7
104800	-1.4990319877403293E7
104900	-1.4994416502922188E7
105000	-1.4990978212097755E7
105100	-1.4989338664132249E7
105200	-1.498957995973836E7
105300	-1.4990958657109387E7
105400	-1.4995584127925873E7
105500	-1.4991925978130026E7
105600	-1.4987205720165102E7
105700	-1.499737735281102E7
105800	-1.499159233889197E7
105900	-1.4987978390946025E7
106000	-1.4992847452455845E7
106100	-1.4996430374929262E7
106200	-1.4995662365818756E7
106300	-1.4995265757891754E7
106400	-1.4990533736794986E7
106500	-1.498972553423797E7
106600	-1.4989547308350425E7
106700	-1.499376374831888E7
106800	-1.4992901762190096E7
106900	-1.4993259107716171E7
107000	-1.499344671238088E7
107100	-1.4993288463751873E7
107200	-1.4991918558233341E7
107300	-1.4988059514914611E7
107400	-1.498981493151847E7
107500	-1.4992253206403624E7
107600	-1.4993181912775852E7
107700	-1.4996806688628772E7
107800	-1.4993207093407251E7
107900	-1.4993554263927488E7
108000	-1.4992551282387096E7
108100	-1.4992964360167077E7
108200	-1.4995542848588355E7
108300	-1.4990855645234164E7
108400	-1.49943592488095E7
108500	-1.4995011253894074E7
108600	-1.498982218496855E7
108700	-1.4994669995937271E7
108800	-1.4994712901918337E7
108900	-1.4991526631176442E7
109000	-1.4989503479970198E7
109100	-1.4988563232391002E7
109200	-1.499423208053274E7
109300	-1.4990607007722665E7
109400	-1.4995381397839285E7
109500	-1.4999987380362315E7
109600	-1.4996669125788888E7
109700	-1.499279427479181E7
109800	-1.4995524310293775E7
109900	-1.4992761440123579E7
110000	-1.4998788721077168E7
110100	-1.499047676044554E7
110200	-1.4994541683969993E7
110300	-1.4990849347183805E7
110400	-1.499094252977445E7
110500	-1.4990822333072439E7
110600	-1.4991480367682274E7
110700	-1.4990589847289758E7
110800	-1.4995310258054845E7
110900	-1.4998372368343556E7
111000	-1.4995414054534875E7
111100	-1.4993995819518749E7
111200	-1.498890977684453E7
111300	-1.4989484223909764E7
111400	-1.4987483547265839E7
111500	-1.4988547625311028E7
111600	-1.499146397619406E7
111700	-1.4989192450488428E7
111800	-1.4990998719608735E7
111900	-1.4988003406177616E7
112000	-1.4994901137955075E7
112100	-1.4991397541005338E7
112200	-1.49881313694336E7
112300	-1.4988889928489167E7
112400	-1.4990466681611527E7
112500	-1.49928784401904E7
112600	-1.4992632500685373E7
112700	-1.499302445489935E7
112800	-1.4995425340237055E7
112900	-1.4995440125209384E7
113000	-1.4997116139532212E7
113100	-1.4994824446313338E7
113200	-1.4994935573658956E7
113300	-1.4992286972446667E7
113400	-1.4995688288367413E7
113500	-1.5000445084670037E7
113600	-1.4997589091665514E7
113700	-1.4996616174776964E7
113800	-1.4992000404855737E7
113900	-1.4996057118012289E7
114000	-1.4992655534193607E7
114100	-1.4997934764078852E7
114200	-1.4990662680040527E7
114300	-1.4990040151444132E7
114400	-1.4994085507071748E7
114500	-1.4990906641100034E7
114600	-1.4989370266623046E7
114700	-1.4990448329059273E7
114800	-1.4988167171936395E7
114900	-1.4987968510948533E7
115000	-1.498740909434403E7
115100	-1.4990547227654021E7
115200	-1.4991398068485918E7
115300	-1.4991259162115118E7
115400	-1.4989838112578478E7
115500	-1.4988139542495016E7
115600	-1.4988206448118947E7
115700	-1.4986027895293988E7
115800	-1.4993561971786557E7
115900	-1.4992867752815178E7
116000	-1.498629543860051E7
116100	-1.4984515911605308E7
116200	-1.4989288654312309E7
116300	-1.4990575876563605E7
116400	-1.4991104557396783E7
116500	-1.499030872672983E7
116600	-1.498740303365976E7
116700	-1.4983077671361266E7
116800	-1.4992072762589846E7
116900	-1.4987157983901083E7
117000	-1.4985727974818395E7
117100	-1.4986886028526135E7
117200	-1.4987245905244201E7
117300	-1.4986442880959105E7
117400	-1.4994797662094718E7
117500	-1.4987533293570349E7
117600	-1.4985322162168533E7
117700	-1.4990868703065973E7
117800	-1.49899336356724E7
117900	-1.4992424238292927E7
118000	-1.4992269288013713E7
118100	-1.49879682426554E7
118200	-1.498848754570721E7
118300	-1.4990054899880016E7
118400	-1.4986693138334595E7
118500	-1.4987120929357162E7
118600	-1.4988955852457631E7
118700	-1.4985068640442915E7
118800	-1.4989695669635823E7
118900	-1.4992382931072626E7
119000	-1.4997262516469557E7
119100	-1.499425436508458E7
119200	-1.4992795152210431E7
119300	-1.4996103297025872E7
119400	-1.498936362908066E7
119500	-1.4991609399499234E7
119600	-1.4991535614406127E7
119700	-1.4993042902787924E7
119800	-1.4995443225866538E7
119900	-1.4991037314795518E7
120000	-1.4988915226114646E7
120100	-1.4990822595211899E7
120200	-1.4990320779933516E7
120300	-1.4993287228833115E7
120400	-1.4991231694505842E7
120500	-1.499102264152234E7
120600	-1.4993181433821032E7
120700	-1.4993338819596568E7
120800	-1.4991833730354948E7
120900	-1.4995729660216268E7
121000	-1.4992848713276386E7
121100	-1.4995074830191132E7
121200	-1.4988457245863924E7
121300	-1.4991685787260985E7
121400	-1.4990787823319692E7
121500	-1.4994866333186334E7
121600	-1.4993966542206723E7
121700	-1.4997753778079936E7
121800	-1.4987146675400173E7
121900	-1.4993498656508856E7
122000	-1.4990811450885113E7
122100	-1.498781594836984E7
122200	-1.4988400528544504E7
122300	-1.4995064134055244E7
122400	-1.4993494340070462E7
122500	-1.4995816505740212E7
122600	-1.4997998154765213E7
122700	-1.4993690996250182E7
122800	-1.499059533798947E7
122900	-1.4993149237951184E7
123000	-1.4992640518768854E7
123100	-1.4995039025536377E7
123200	-1.4991849097695395E7
123300	-1.4994569965472825E7
123400	-1.4993301033912558E7
123500	-1.4996444166756786E7
123600	-1.4992006068667894E7
123700	-1.4987570226516796E7
123800	-1.4992960536149226E7
123900	-1.4992932967866668E7
124000	-1.49933556261603E7
124100	-1.4989127639898611E7
124200	-1.4985741299026076E7
124300	-1.4991089927044716E7
124400	-1.4988834009932362E7
124500	-1.499325780671758E7
124600	-1.4989230051319487E7
124700	-1.4991441948162178E7
124800	-1.498755010737489E7
124900	-1.498956556954197E7
125000	-1.49922397990638E7
125100	-1.4990266894733174E7
125200	-1.4994594378328355E7
125300	-1.498821962870045E7
125400	-1.499172130481304E7
125500	-1.4992364228190534E7
125600	-1.499314680140114E7
125700	-1.499209962463625E7
125800	-1.4988572973872082E7
125900	-1.4996856966573577E7
126000	-1.4991374168896832E7
126100	-1.498545579363718E7
126200	-1.4989784891521186E7
126300	-1.499251459789306E7
126400	-1.4994370248447264E7
126500	-1.499161386028967E7
126600	-1.498814826651204E7
126700	-1.4991576296255324E7
126800	-1.4989727334523236E7
126900	-1.498438635166235E7
127000	-1.4989456382938528E7
127100	-1.4989534956001787E7
127200	-1.4987622507211406E7
127300	-1.4996193721229114E7
127400	-1.4986623606844606E7
127500	-1.4988387263695601E7
127600	-1.4993236968420869E7
127700	-1.4996347605053335E7
127800	-1.4989603140768083E7
127900	-1.4990762213251896E7
128000	-1.49909986328826E7
128100	-1.4994442286263745E7
128200	-1.4991776681690484E7
128300	-1.4988922996471737E7
128400	-1.498445636403308E7
128500	-1.4988771296030605E7
128600	-1.4989253344043601E7
128700	-1.4986448089303449E7
128800	-1.4986003142108077E7
128900	-1.4986670977637343E7
129000	-1.4991825116464818E7
129100	-1.4989312991092736E7
129200	-1.4986571848407982E7
129300	-1.498788808771015E7
129400	-1.498645660662484E7
129500	-1.498752653657236E7
129600	-1.498877729070722E7
129700	-1.4988829668509804E7
129800	-1.4988605006699834E7
129900	-1.4983998851169E7
130000	-1.4992042075117415E7
130100	-1.4987303555710569E7
130200	-1.4986924352406356E7
130300	-1.4989768231325801E7
130400	-1.4985048952037366E7
130500	-1.498590746264427E7
130600	-1.4986917778230486E7
130700	-1.4991002306396017E7
130800	-1.4992428683611875E7
130900	-1.4993655806400433E7
131000	-1.4987961829960328E7
131100	-1.4985036891393878E7
131200	-1.4986287999360992E7
131300	-1.4984550520775774E7
131400	-1.498534757832004E7
131500	-1.4988569839179574E7
131600	-1.4988425455971714E7
131700	-1.4989231506245157E7
131800	-1.4992601091517055E7
131900	-1.4992087030835774E7
132000	-1.4989400451285984E7
132100	-1.4989068986209722E7
132200	-1.4988880561535792E7
132300	-1.499385297632882E7
132400	-1.4994147215287765E7
132500	-1.4994437611340938E7
132600	-1.49892947772445E7
132700	-1.4991023656364195E7
132800	-1.4990620715095887E7
132900	-1.4993771425921833E7
133000	-1.4992127334206184E7
133100	-1.4989338863335712E7
133200	-1.4986135935472235E7
133300	-1.4990372243388396E7
133400	-1.499125474088492E7
133500	-1.49956092992779E7
133600	-1.4993848371395947E7
133700	-1.498922021759266E7
133800	-1.498895399427476E7
133900	-1.4992895344762927E7
134000	-1.4991840873155374E7
134100	-1.4989181455894373E7
134200	-1.4992413743707046E7
134300	-1.4987477362264283E7
134400	-1.4988149563537862E7
134500	-1.4987054598322792E7
134600	-1.498653643908647E7
134700	-1.498339367882719E7
134800	-1.4986214516295226E7
134900	-1.4984019390930776E7
135000	-1.4990265982212534E7
135100	-1.4988433831106856E7
135200	-1.4989793331849528E7
135300	-1.4985505251219293E7
135400	-1.4985991278759168E7
135500	-1.4986032919323023E7
135600	-1.498766479444659E7
135700	-1.4986867684500951E7
135800	-1.4986314881978806E7
135900	-1.4989003065947035E7
136000	-1.4991334944672197E7
136100	-1.498686938471722E7
136200	-1.4993753358282812E7
136300	-1.4991688154309414E7
136400	-1.4989358180475324E7
136500	-1.4983675918990025E7
136600	-1.4983163146283511E7
136700	-1.4977813221720168E7
136800	-1.4982225532488031E7
136900	-1.4984704316816669E7
137000	-1.4984254563884232E7
137100	-1.4980041722315537E7
137200	-1.4984499037913546E7
137300	-1.4983912416325925E7
137400	-1.4983550576080425E7
137500	-1.4986863553594846E7
137600	-1.4982564158714231E7
137700	-1.4985946733491277E7
137800	-1.498031525194252E7
137900	-1.4985794256977642E7
138000	-1.4982551283012854E7
138100	-1.498286699261743E7
138200	-1.4983466733798455E7
138300	-1.4980101658428876E7
138400	-1.4984766832978519E7
138500	-1.4979921594408674E7
138600	-1.4982933934092505E7
138700	-1.4983351952350557E7
138800	-1.4987341193033904E7
138900	-1.4982504650865983E7
139000	-1.4985016704299826E7
139100	-1.4987492830138084E7
139200	-1.498678108892056E7
139300	-1.4987503342965255E7
139400	-1.4985691296475867E7
139500	-1.4986087627679108E7
139600	-1.4984505089591943E7
139700	-1.498603041118316E7
139800	-1.4985153708048033E7
139900	-1.498849193145739E7
140000	-1.4988767264379116E7
140100	-1.4988157612722721E7
140200	-1.4988811328464769E7
140300	-1.4987868682597913E7
140400	-1.4991085246817907E7
140500	-1.4992049026512198E7
140600	-1.4989200072896264E7
140700	-1.4986062649764232E7
140800	-1.4986666360419685E7
140900	-1.4990096383821493E7
141000	-1.4988766969954984E7
141100	-1.4990695174798714E7
141200	-1.4987549943534082E7
141300	-1.4985740613087188E7
141400	-1.4984828352840986E7
141500	-1.4985844639994832E7
141600	-1.498709768866407E7
141700	-1.4987652293905087E7
141800	-1.4984582039239263E7
141900	-1.4981199086199379E7
142000	-1.4983269565533355E7
142100	-1.498183340443865E7
142200	-1.4984796817337852E7
142300	-1.4985835241089836E7
142400	-1.4983003768820995E7
142500	-1.4985298923392868E7
142600	-1.4983138205964241E7
142700	-1.4986917311477132E7
142800	-1.4983094870139647E7
142900	-1.4984874137583528E7
143000	-1.4985434399279928E7
143100	-1.4982945694011401E7
143200	-1.4986279002795693E7
143300	-1.4987308506944114E7
143400	-1.4982930530150063E7
143500	-1.498762723945207E7
143600	-1.497955639272092E7
143700	-1.498308857916176E7
143800	-1.498357038619877E7
143900	-1.498113574749559E7
144000	-1.4983500500946041E7
144100	-1.4987763229003545E7
144200	-1.4984812517499607E7
144300	-1.4979223181036394E7
144400	-1.4981919072059624E7
144500	-1.4977657664510837E7
144600	-1.4983592148029342E7
144700	-1.498544907027721E7
144800	-1.4979320082398323E7
144900	-1.4980377234385362E7
145000	-1.4983082181078421E7
145100	-1.4982070169966266E7
145200	-1.4979232096560022E7
145300	-1.4984193391696505E7
145400	-1.4983110185642703E7
145500	-1.4985667308891943E7
145600	-1.4983583401996445E7
145700	-1.498510296122732E7
145800	-1.4982649017432205E7
145900	-1.4976796485582644E7
146000	-1.4977713936708728E7
146100	-1.4979456367386524E7
146200	-1.498299238869735E7
146300	-1.497987529032096E7
146400	-1.4984737046759957E7
146500	-1.4978546959660413E7
146600	-1.4983116020462604E7
146700	-1.498161311524971E7
146800	-1.498481532237192E7
146900	-1.4985606768989906E7
147000	-1.4983504471589725E7
147100	-1.4980382498521484E7
147200	-1.498458055739591E7
147300	-1.4985037042242916E7
147400	-1.4984815948778026E7
147500	-1.4988676889249371E7
147600	-1.4988195821185393E7
147700	-1.4989546593851034E7
147800	-1.4985719454904022E7
147900	-1.4989559290973872E7
148000	-1.4988940372675816E7
148100	-1.4985283759775368E7
148200	-1.4985876685246428E7
148300	-1.4988532568262963E7
148400	-1.4988478831849623E7
148500	-1.4982564243176728E7
148600	-1.4986040597899798E7
148700	-1.4987126622688921E7
148800	-1.499046144896269E7
148900	-1.4986423705040438E7
149000	-1.4987368881743979E7
149100	-1.4982427869854385E7
149200	-1.4984081071918556E7
149300	-1.4981833451303981E7
149400	-1.4986562326637242E7
149500	-1.49884646187594E7
149600	-1.4985687785719838E7
149700	-1.4987407035839284E7
149800	-1.4986815825176891E7
149900	-1.4990309761493178E7
150000	-1.4986828948235454E7
150100	-1.4986006611841837E7
150200	-1.4990424217500798E7
150300	-1.4992258883618876E7
150400	-1.4988468187426165E7
150500	-1.4989331144925727E7
150600	-1.4984843913026048E7
150700	-1.4986807949793598E7
150800	-1.499026819784057E7
150900	-1.4986209180339543E7
151000	-1.4985757389408128E7
151100	-1.4986102305500556E7
151200	-1.4988953265316369E7
151300	-1.4989667445360543E7
151400	-1.4991692408545302E7
151500	-1.4991815012277186E7
151600	-1.4989994855168257E7
151700	-1.4991039452338472E7
151800	-1.4988852421529317E7
151900	-1.4988489064100726E7
152000	-1.498348751778509E7
152100	-1.4990296702608032E7
152200	-1.4984762845031846E7
152300	-1.49904687726968E7
152400	-1.4987349166032301E7
152500	-1.4987593484620772E7
152600	-1.4986882440431243E7
152700	-1.4989013557133378E7
152800	-1.4985741898919249E7
152900	-1.4985732661233636E7
153000	-1.4991274073182046E7
153100	-1.4988004248535084E7
153200	-1.4990596266838592E7
153300	-1.4991429521168407E7
153400	-1.4986227859467106E7
153500	-1.4986237390290689E7
153600	-1.4990594690818084E7
153700	-1.4988657113934513E7
153800	-1.4978836357567834E7
153900	-1.4987132311152337E7
154000	-1.498803851176369E7
154100	-1.4988761753961392E7
154200	-1.4986905646458304E7
154300	-1.49823795320934E7
154400	-1.4983625617082832E7
154500	-1.4984747698052255E7
154600	-1.4984809793880923E7
154700	-1.4981011012605352E7
154800	-1.4983139133155145E7
154900	-1.498686807810665E7
155000	-1.4987828598511701E7
155100	-1.4986890766797563E7
155200	-1.4991300793116514E7
155300	-1.4990980173212834E7
155400	-1.4987234718837576E7
155500	-1.498899479273024E7
155600	-1.4983565365339624E7
155700	-1.498420075996976E7
155800	-1.4985338121328397E7
155900	-1.4988786285677915E7
156000	-1.4987452772751076E7
156100	-1.4984177450839752E7
156200	-1.4983840049047679E7
156300	-1.4979689114051577E7
156400	-1.4982766143698756E7
156500	-1.4985306535138339E7
156600	-1.498839862370826E7
156700	-1.4989160118847312E7
156800	-1.4986462332472105E7
156900	-1.4982122385896403E7
157000	-1.4982375276701992E7
157100	-1.4982863557658667E7
157200	-1.4984578951214615E7
157300	-1.4981380590494025E7
157400	-1.4981055559692904E7
157500	-1.498045698278368E7
157600	-1.4981870209290318E7
157700	-1.4985417565625263E7
157800	-1.4984133338197453E7
157900	-1.4990574256195E7
158000	-1.4993825192827625E7
158100	-1.4990392373258669E7
158200	-1.4989869016754458E7
158300	-1.4989112823548367E7
158400	-1.4984917175438933E7
158500	-1.4986730630577805E7
158600	-1.4988594979544189E7
158700	-1.4984262435575137E7
158800	-1.4985145994706744E7
158900	-1.4985600064040385E7
159000	-1.4977937224483786E7
159100	-1.4982381012000669E7
159200	-1.498613456924947E7
159300	-1.4987764265485762E7
159400	-1.4984917538645085E7
159500	-1.4989146429842394E7
159600	-1.4988194240534818E7
159700	-1.4987794119622253E7
159800	-1.4984214397164037E7
159900	-1.49909865109414E7
160000	-1.4986058064955244E7
160100	-1.4992103271293703E7
160200	-1.4992211587578973E7
160300	-1.4985378242861496E7
160400	-1.4986921272260545E7
160500	-1.4987121067818511E7
160600	-1.4986749408213688E7
160700	-1.4985348089759286E7
160800	-1.4979811897157598E7
160900	-1.4983035222236777E7
161000	-1.4981972705455799E7
161100	-1.4980508486049108E7
161200	-1.4988235224169623E7
161300	-1.4983529502785446E7
161400	-1.4977512808428966E7
161500	-1.4976953019395519E7
161600	-1.4980110033158174E7
161700	-1.4980699321702346E7
161800	-1.4979987772268798E7
161900	-1.4978825802394293E7
162000	-1.49801128094486E7
162100	-1.4978662187911099E7
162200	-1.497701092187107E7
162300	-1.4989645130426954E7
162400	-1.4985308114691706E7
162500	-1.4984278901445562E7
162600	-1.498424650190563E7
162700	-1.4982986725949056E7
162800	-1.498423925999146E7
162900	-1.4978095579685785E7
163000	-1.4981755477221522E7
163100	-1.4987227663344802E7
163200	-1.498621497305081E7
163300	-1.498460265553973E7
163400	-1.4985412469255934E7
163500	-1.4985150908876562E7
163600	-1.4984853039324222E7
163700	-1.498525049045947E7
163800	-1.4987459687865648E7
163900	-1.49817145375877E7
164000	-1.498469230458729E7
164100	-1.4980106454174004E7
164200	-1.4983281809261065E7
164300	-1.498319365307456E7
164400	-1.4988697471768266E7
164500	-1.498257678650671E7
164600	-1.4989903363669189E7
164700	-1.4980220916602053E7
164800	-1.4987101057031304E7
164900	-1.4984953747538928E7
165000	-1.4987530107025718E7
165100	-1.4988171945811965E7
165200	-1.4987431612670977E7
165300	-1.498569264253195E7
165400	-1.498567839752337E7
165500	-1.498667064351472E7
165600	-1.4988406373615686E7
165700	-1.498915293896348E7
165800	-1.498552283156841E7
165900	-1.498933576741909E7
166000	-1.4989413365562962E7
166100	-1.499157462811477E7
166200	-1.4988791598947821E7
166300	-1.4994634947078986E7
166400	-1.4992157927241769E7
166500	-1.498372833083494E7
166600	-1.4982266260088585E7
166700	-1.4984465671388268E7
166800	-1.4981546400226302E7
166900	-1.4978738594116589E7
167000	-1.4985601421285886E7
167100	-1.4983657530857407E7
167200	-1.4986025838816924E7
167300	-1.4982407973961335E7
167400	-1.4984127775373373E7
167500	-1.4982029353668328E7
167600	-1.4983120230881792E7
167700	-1.4982854065648979E7
167800	-1.4981705384421324E7
167900	-1.4980261087291772E7
168000	-1.4980068998942014E7
168100	-1.498370677465748E7
168200	-1.4984558915031716E7
168300	-1.4989633778445503E7
168400	-1.4986022137854995E7
168500	-1.4981436883864641E7
168600	-1.4984989599725105E7
168700	-1.4992069149323855E7
168800	-1.498772404083623E7
168900	-1.4991055586830609E7
169000	-1.4985355273708984E7
169100	-1.4989339074030193E7
169200	-1.4988612198704913E7
169300	-1.4987559913393607E7
169400	-1.4991467848186241E7
169500	-1.4984000634111825E7
169600	-1.4986248089956425E7
169700	-1.4984681256010942E7
169800	-1.4987595233784694E7
169900	-1.4984256617587682E7
170000	-1.498347802845794E7
170100	-1.4981689581894128E7
170200	-1.4980681778537214E7
170300	-1.4982513056704445E7
170400	-1.498005724877965E7
170500	-1.4975773816154132E7
170600	-1.4976511579320157E7
170700	-1.4975081769077322E7
170800	-1.4978145208887652E7
170900	-1.4978319364189975E7
171000	-1.4983255751151178E7
171100	-1.498141093772992E7
171200	-1.4983813183233492E7
171300	-1.4983205568217648E7
171400	-1.4983681778962428E7
171500	-1.4985067025152368E7
171600	-1.4980732461847275E7
171700	-1.4981800051175978E7
171800	-1.498024155072167E7
171900	-1.4982646591763673E7
172000	-1.498297873815005E7
172100	-1.4982669770286398E7
172200	-1.4988262927795036E7
172300	-1.4985522559783617E7
172400	-1.4985991583180588E7
172500	-1.4980467199666293E7
172600	-1.498348192523163E7
172700	-1.498328276267214E7
172800	-1.4980120964676894E7
172900	-1.4980465605575198E7
173000	-1.4983589084756192E7
173100	-1.4978142865155447E7
173200	-1.4981326274890484E7
173300	-1.4974349000859408E7
173400	-1.4979072587273642E7
173500	-1.4984244643934593E7
173600	-1.498778161550037E7
173700	-1.4984471706727806E7
173800	-1.4980670568398794E7
173900	-1.4983415091769569E7
174000	-1.4981893143950786E7
174100	-1.4979034319417363E7
174200	-1.497751462452345E7
174300	-1.4982371093077958E7
174400	-1.498041705724023E7
174500	-1.4985768440346714E7
174600	-1.49848410981246E7
174700	-1.4982712838312186E7
174800	-1.497921208492602E7
174900	-1.498215326505144E7
175000	-1.4983507494910184E7
175100	-1.4984186364267897E7
175200	-1.4980420736026112E7
175300	-1.4985318245674698E7
175400	-1.4985032606897298E7
175500	-1.4986156595744103E7
175600	-1.4985391900172442E7
175700	-1.4983966182714311E7
175800	-1.4981398985199442E7
175900	-1.498378893155681E7
176000	-1.4986348233046856E7
176100	-1.4978938310695512E7
176200	-1.497805680040047E7
176300	-1.4986876765746757E7
176400	-1.4980373367342627E7
176500	-1.4978265658284292E7
176600	-1.4976507340275146E7
176700	-1.497322064505332E7
176800	-1.4980463554245085E7
176900	-1.4979137498979611E7
177000	-1.4974857341637876E7
177100	-1.4981778405975942E7
177200	-1.4984068072322562E7
177300	-1.4984980946233243E7
177400	-1.4982574802788591E7
177500	-1.4980559575887145E7
177600	-1.4983953702514142E7
177700	-1.498449205746307E7
177800	-1.4980551981630234E7
177900	-1.4974271850386214E7
178000	-1.4984565354984079E7
178100	-1.4982704250216331E7
178200	-1.497957958096045E7
178300	-1.4980517284799764E7
178400	-1.4988410922720194E7
178500	-1.498740284722386E7
178600	-1.498600427215062E7
178700	-1.498267796502855E7
178800	-1.4987615475840667E7
178900	-1.498448505330913E7
179000	-1.4984371078100814E7
179100	-1.4978641249973662E7
179200	-1.4984339368811341E7
179300	-1.4985285862901928E7
179400	-1.4982673928657807E7
179500	-1.498416773344533E7
179600	-1.4985542121889936E7
179700	-1.4978813445629392E7
179800	-1.4984359419379296E7
179900	-1.498467834329327E7
180000	-1.4976530011613525E7
180100	-1.497585783884203E7
180200	-1.4978959696777023E7
180300	-1.4974981845849065E7
180400	-1.4974650595208071E7
180500	-1.4975123582587248E7
180600	-1.4979029015445141E7
180700	-1.4977685576426065E7
180800	-1.497449138653819E7
180900	-1.4980013846790684E7
181000	-1.4979796578635413E7
181100	-1.4986056241257E7
181200	-1.4982651280674625E7
181300	-1.4982098990621712E7
181400	-1.4981746596427614E7
181500	-1.4971930748152718E7
181600	-1.4970888982278762E7
181700	-1.4971758082869235E7
181800	-1.497300205836908E7
181900	-1.4975056859252235E7
182000	-1.4976450017917115E7
182100	-1.4977374073106203E7
182200	-1.4977406983618254E7
182300	-1.4975031879177362E7
182400	-1.4980142405436639E7
182500	-1.4977349509580258E7
182600	-1.4973914707232574E7
182700	-1.4974784513335248E7
182800	-1.4977006524332656E7
182900	-1.4974434366253644E7
183000	-1.4971973632288856E7
183100	-1.4978746862950677E7
183200	-1.4978392163897865E7
183300	-1.4978523084896842E7
183400	-1.498221698731431E7
183500	-1.4974570879733782E7
183600	-1.4974071414154138E7
183700	-1.497740886972334E7
183800	-1.4978059621498756E7
183900	-1.4984486404013595E7
184000	-1.4981943562431592E7
184100	-1.4979522947375908E7
184200	-1.4981336466435153E7
184300	-1.4980476775728464E7
184400	-1.498606050023545E7
184500	-1.4979447363148695E7
184600	-1.497816162361814E7
184700	-1.497924901017333E7
184800	-1.4979265870247556E7
184900	-1.4975882696390618E7
185000	-1.4976717078773348E7
185100	-1.4976964491351826E7
185200	-1.4980872967376878E7
185300	-1.497762813285426E7
185400	-1.4980734838897215E7
185500	-1.4974162201206617E7
185600	-1.4976326441868488E7
185700	-1.4975140532455826E7
185800	-1.497741657169564E7
185900	-1.4971726484135069E7
186000	-1.4976779446202347E7
186100	-1.497533567077085E7
186200	-1.4972188882299569E7
186300	-1.4971313799390633E7
186400	-1.4977494241488336E7
186500	-1.4975641735241953E7
186600	-1.497516875767913E7
186700	-1.4974238445134751E7
186800	-1.4976003039825343E7
186900	-1.4976571436570555E7
187000	-1.497434532302926E7
187100	-1.4968475437888343E7
187200	-1.4974631715605453E7
187300	-1.4975018501591306E7
187400	-1.4972777055073464E7
187500	-1.4977162771528719E7
187600	-1.4976841270598924E7
187700	-1.4977444106483672E7
187800	-1.4978894489540227E7
187900	-1.4977051731875751E7
188000	-1.4979057646690086E7
188100	-1.4975244835687213E7
188200	-1.4977545710896796E7
188300	-1.4974624371072998E7
188400	-1.4974510300267272E7
188500	-1.4977609518727727E7
188600	-1.497575394749447E7
188700	-1.4977411635687208E7
188800	-1.4975770895669956E7
188900	-1.497370716653189E7
189000	-1.497698357979665E7
189100	-1.4978065457287895E7
189200	-1.4981334120277692E7
189300	-1.4977786503484938E7
189400	-1.497613154363566E7
189500	-1.4979108404468806E7
189600	-1.497751894064466E7
189700	-1.497999492361664E7
189800	-1.4978739536263004E7
189900	-1.4975639027814364E7
190000	-1.497427753570612E7
190100	-1.497230113071087E7
190200	-1.4978375550187899E7
190300	-1.497473343235738E7
190400	-1.4971064378152788E7
190500	-1.4974145370581463E7
190600	-1.4979444089838684E7
190700	-1.497733284646618E7
190800	-1.4977394589944378E7
190900	-1.4970927790700816E7
191000	-1.4974348293089293E7
191100	-1.4977661903881086E7
191200	-1.4973342697464008E7
191300	-1.4971684984749861E7
191400	-1.4975034152064482E7
191500	-1.497320219964642E7
191600	-1.4976945076926647E7
191700	-1.4968620828647012E7
191800	-1.4974378451608274E7
191900	-1.497272989067541E7
192000	-1.4975126707621865E7
192100	-1.4973422423802853E7
192200	-1.4971445245046906E7
192300	-1.4975946747689253E7
192400	-1.4977841777497387E7
192500	-1.497834131462147E7
192600	-1.498211599893582E7
192700	-1.4981032082620218E7
192800	-1.4979305897419706E7
192900	-1.4978972257290164E7
193000	-1.4972651312454216E7
193100	-1.497815394532858E7
193200	-1.4975775752477141E7
193300	-1.4977611631921606E7
193400	-1.497466098216064E7
193500	-1.4980607812255958E7
193600	-1.4974404921347175E7
193700	-1.4974368044766428E7
193800	-1.4975973113885997E7
193900	-1.4978521128943853E7
194000	-1.4981199617644282E7
194100	-1.4975414071253922E7
194200	-1.4975179406008147E7
194300	-1.4980107062662952E7
194400	-1.4978136072782947E7
194500	-1.497315461167421E7
194600	-1.4973688745187584E7
194700	-1.4975644646516236E7
194800	-1.4975929159839077E7
194900	-1.4975031720710626E7
195000	-1.498119302155319E7
195100	-1.4974378214512566E7
195200	-1.497603399366867E7
195300	-1.4979251162150929E7
195400	-1.4980257847093562E7
195500	-1.498232609495617E7
195600	-1.4976309581136819E7
195700	-1.497477999099016E7
195800	-1.4977263249375682E7
195900	-1.497844269200147E7
196000	-1.497590138809091E7
196100	-1.4975603841830876E7
196200	-1.4977600215757564E7
196300	-1.4976440246773519E7
196400	-1.4972316624854872E7
196500	-1.4972965257963073E7
196600	-1.4973812310907168E7
196700	-1.4976837852990057E7
196800	-1.4977553419117775E7
196900	-1.4978459585358689E7
197000	-1.4979257230225857E7
197100	-1.4980630746167496E7
197200	-1.4973627013432944E7
197300	-1.4976544781234806E7
197400	-1.4980764565099897E7
197500	-1.49760795687196E7
197600	-1.4979163973529667E7
197700	-1.4980580483718706E7
197800	-1.4976373275055345E7
197900	-1.4974131551524578E7
198000	-1.4978047438815938E7
198100	-1.4978263701855103E7
198200	-1.4973997002810542E7
198300	-1.4978345990064887E7
198400	-1.4978791148077685E7
198500	-1.497598569697648E7
198600	-1.4979728670172462E7
198700	-1.4979001064832192E7
198800	-1.4974305304278418E7
198900	-1.4978859533040075E7
199000	-1.4981371894287404E7
199100	-1.4982036953755908E7
199200	-1.4977596526887668E7
199300	-1.4974119479357354E7
199400	-1.4973017697997186E7
199500	-1.4976227211343093E7
199600	-1.4973430778226675E7
199700	-1.4976807229009422E7
199800	-1.4967813063109767E7
199900	-1.497015515774694E7
200000	-1.4971437360778509E7
200100	-1.4971602241837567E7
200200	-1.4973625493441764E7
200300	-1.4973642568944942E7
200400	-1.4975457121378401E7
200500	-1.4973087982736226E7
200600	-1.497855160195701E7
200700	-1.4974327512524541E7
200800	-1.4974700950740919E7
200900	-1.4975561702300955E7
201000	-1.4977379209288588E7
201100	-1.4978129487447413E7
201200	-1.497992564383188E7
201300	-1.497459423237688E7
201400	-1.4981732313839324E7
201500	-1.4976568985091789E7
201600	-1.4975018402169293E7
201700	-1.4976110491620151E7
201800	-1.497503340741761E7
201900	-1.4979152684441587E7
202000	-1.4973751607725712E7
202100	-1.4975193464961225E7
202200	-1.4974514492086783E7
202300	-1.497004915884265E7
202400	-1.4975613383951617E7
202500	-1.4974542354706367E7
202600	-1.4972892200093264E7
202700	-1.497448352903089E7
202800	-1.497458551438307E7
202900	-1.4973540234196E7
203000	-1.4975650339442305E7
203100	-1.497520982697697E7
203200	-1.4973427789097145E7
203300	-1.4974854111843742E7
203400	-1.4977270394312784E7
203500	-1.4973844105286583E7
203600	-1.497826847178795E7
203700	-1.4977847763759745E7
203800	-1.4980156603442533E7
203900	-1.4977967450425839E7
204000	-1.4977696754112244E7
204100	-1.4975965242202682E7
204200	-1.4975830793512475E7
204300	-1.4980623002876148E7
204400	-1.497622582357023E7
204500	-1.4978738736939758E7
204600	-1.4974091783043735E7
204700	-1.497777795582821E7
204800	-1.497392924907067E7
204900	-1.4970785644663725E7
205000	-1.4978211660079492E7
205100	-1.4975827159773361E7
205200	-1.4972545040042507E7
205300	-1.497126074690212E7
205400	-1.4972322964531835E7
205500	-1.49665624946552E7
205600	-1.4969149087043045E7
205700	-1.4970435939210737E7
205800	-1.4971855168876093E7
205900	-1.4974603586006584E7
206000	-1.4976339698489908E7
206100	-1.4969399612030946E7
206200	-1.4972080049784167E7
206300	-1.4973470354499845E7
206400	-1.4970978539113669E7
206500	-1.4972030119419161E7
206600	-1.4977146630824931E7
206700	-1.4973081259191474E7
206800	-1.4965967159332762E7
206900	-1.4964197666045368E7
207000	-1.4967450567851251E7
207100	-1.4966889346169397E7
207200	-1.4966950965829756E7
207300	-1.4966496194213508E7
207400	-1.4965130753299968E7
207500	-1.4968214576050512E7
207600	-1.497233006612198E7
207700	-1.4969171443500914E7
207800	-1.4970924105926517E7
207900	-1.4970456535352081E7
208000	-1.497101546015467E7
208100	-1.4968807267996218E7
208200	-1.4966848125024134E7
208300	-1.4972594322563173E7
208400	-1.4975057049111327E7
208500	-1.4974845361886242E7
208600	-1.4969282388942216E7
208700	-1.496840450316359E7
208800	-1.4968283534922274E7
208900	-1.4965031922697071E7
209000	-1.4967747891364586E7
209100	-1.496908965553585E7
209200	-1.4971863448121294E7
209300	-1.4963267943356074E7
209400	-1.4958486741647149E7
209500	-1.4963491988427887E7
209600	-1.4963221925183231E7
209700	-1.4959186940722566E7
209800	-1.4963161463899525E7
209900	-1.4960502101732112E7
210000	-1.496168254709542E7
210100	-1.4967571261104325E7
210200	-1.496286401428406E7
210300	-1.496646752662589E7
210400	-1.496894385040785E7
210500	-1.4965882620359061E7
210600	-1.4969954212453717E7
210700	-1.4971085859020192E7
210800	-1.4974123442787765E7
210900	-1.496604416202195E7
211000	-1.4965852444475964E7
211100	-1.496677207212858E7
211200	-1.4968926336091915E7
211300	-1.4969424309697665E7
211400	-1.4966232870819572E7
211500	-1.4969711485425835E7
211600	-1.4969649075552091E7
211700	-1.496933131244613E7
211800	-1.4969541419739658E7
211900	-1.4971311846906334E7
212000	-1.496804620219499E7
212100	-1.4970000312423576E7
212200	-1.4967881428319097E7
212300	-1.497110933183457E7
212400	-1.4968189739169817E7
212500	-1.4970295207438976E7
212600	-1.4970166987324731E7
212700	-1.4975515751371734E7
212800	-1.4967698582769519E7
212900	-1.4966308215473069E7
213000	-1.4972946016299086E7
213100	-1.497722388931741E7
213200	-1.4971949703439401E7
213300	-1.497303425486175E7
213400	-1.4967682644805197E7
213500	-1.4964517315804254E7
213600	-1.4968617863228578E7
213700	-1.4966761263315193E7
213800	-1.4964758675262228E7
213900	-1.4966414510116927E7
214000	-1.496753079636037E7
214100	-1.4965975771988513E7
214200	-1.496618100352499E7
214300	-1.4966357926603533E7
214400	-1.4961610317032352E7
214500	-1.4966789009724077E7
214600	-1.4967488317070834E7
214700	-1.4968884962997872E7
214800	-1.4973058400380012E7
214900	-1.49676266420815E7
215000	-1.4965169341835659E7
215100	-1.4966249090490414E7
215200	-1.4965599497559248E7
215300	-1.4969066114473129E7
215400	-1.496909463753832E7
215500	-1.4965681944276528E7
215600	-1.4966877069593973E7
215700	-1.4967525215169134E7
215800	-1.4968769552685404E7
215900	-1.4965872461164841E7
216000	-1.4966500784765443E7
216100	-1.4968781304491851E7
216200	-1.4968623271105086E7
216300	-1.497122653792461E7
216400	-1.4970391906606E7
216500	-1.4969108352891488E7
216600	-1.497185077711971E7
216700	-1.4966889217844786E7
216800	-1.4971067080380952E7
216900	-1.4971083177448325E7
217000	-1.4970033416228896E7
217100	-1.49735677355827E7
217200	-1.4972134920001319E7
217300	-1.4965205820474906E7
217400	-1.4963696289080886E7
217500	-1.4965431135894572E7
217600	-1.4964279752349043E7
217700	-1.4962534326666288E7
217800	-1.4968535504126688E7
217900	-1.4967940029270275E7
218000	-1.4968636868687112E7
218100	-1.4967300136580825E7
218200	-1.4963525988159692E7
218300	-1.496712143283477E7
218400	-1.4966653406379053E7
218500	-1.4965993650773488E7
218600	-1.4966262461594494E7
218700	-1.496334202927547E7
218800	-1.4963128926185235E7
218900	-1.496328476199955E7
219000	-1.4965802369726546E7
219100	-1.4969550626273038E7
219200	-1.4965655645671597E7
219300	-1.4966517246266218E7
219400	-1.496659746001054E7
219500	-1.497131847414024E7
219600	-1.4962054562663365E7
219700	-1.4964196056164348E7
219800	-1.4972077399665443E7
219900	-1.4969052260664703E7
220000	-1.4968176400547396E7
220100	-1.4964470118313799E7
220200	-1.4964187137096042E7
220300	-1.4967117384866169E7
220400	-1.4965537330437634E7
220500	-1.495942424844387E7
220600	-1.4963186052146165E7
220700	-1.4960616885246634E7
220800	-1.4963469065889345E7
220900	-1.4963593705298614E7
221000	-1.4960510195820995E7
221100	-1.4962025448694445E7
221200	-1.4967388168534853E7
221300	-1.4964819421418242E7
221400	-1.4962007732596578E7
221500	-1.4964023815822668E7
221600	-1.4968730630625717E7
221700	-1.4966806382600045E7
221800	-1.4966553702320077E7
221900	-1.4969786980892586E7
222000	-1.4961464633808648E7
222100	-1.4964929563390685E7
222200	-1.4964250894564552E7
222300	-1.4962891056876197E7
222400	-1.4961446892749814E7
222500	-1.496394569347705E7
222600	-1.496604371210159E7
222700	-1.496744251878735E7
222800	-1.496349371592927E7
222900	-1.4964661133717878E7
223000	-1.4967519161743062E7
223100	-1.4964493014548482E7
223200	-1.4968532579119736E7
223300	-1.4968075590323655E7
223400	-1.496863928543859E7
223500	-1.4971039247735992E7
223600	-1.4972095707006883E7
223700	-1.496572464207991E7
223800	-1.4966271389435759E7
223900	-1.496738473494898E7
224000	-1.4962828825497E7
224100	-1.4964836540777544E7
224200	-1.4965358791187735E7
224300	-1.497315202248255E7
224400	-1.4970570444280861E7
224500	-1.497114687546702E7
224600	-1.4971673492889984E7
224700	-1.4971695457247818E7
224800	-1.4967927837953694E7
224900	-1.4969444754688863E7
225000	-1.4964985451843778E7
225100	-1.4967329652966626E7
225200	-1.4970438584577883E7
225300	-1.4969673673333734E7
225400	-1.496731309992555E7
225500	-1.496703875300765E7
225600	-1.4965688361599043E7
225700	-1.4969343085412545E7
225800	-1.4966246969509939E7
225900	-1.4968184488276461E7
226000	-1.4968522051059494E7
226100	-1.4964167353676265E7
226200	-1.496456484908405E7
226300	-1.496773642989056E7
226400	-1.4966504822469216E7
226500	-1.4966118830180213E7
226600	-1.4965619536572214E7
226700	-1.496312427617105E7
226800	-1.4969620474612556E7
226900	-1.496551104685641E7
227000	-1.4967475355661577E7
227100	-1.4969267003914773E7
227200	-1.4971124933804264E7
227300	-1.4972796563023759E7
227400	-1.4971975283689363E7
227500	-1.4966900294294318E7
227600	-1.4974225027070442E7
227700	-1.4973423118800322E7
227800	-1.4969791479463479E7
227900	-1.4972202409505127E7
228000	-1.4971822778486367E7
228100	-1.4974244556062406E7
228200	-1.4973520844562262E7
228300	-1.4969950922426108E7
228400	-1.497128289391819E7
228500	-1.4971147500637032E7
228600	-1.4972172463955907E7
228700	-1.4973252809593469E7
228800	-1.4971088020902164E7
228900	-1.4971057763381334E7
229000	-1.49718251810797E7
229100	-1.4966281953153811E7
229200	-1.497039719382892E7
229300	-1.4969676001443535E7
229400	-1.4969411932379467E7
229500	-1.4969746970473457E7
229600	-1.4966267297845526E7
229700	-1.4967938134240879E7
229800	-1.4968886834938386E7
229900	-1.4966477243863113E7
230000	-1.4973040860068867E7
230100	-1.496719324949927E7
230200	-1.4967551022776077E7
230300	-1.4965972707894707E7
230400	-1.4967035041165853E7
230500	-1.497198126320129E7
230600	-1.4965668458410146E7
230700	-1.4972800154416699E7
230800	-1.497247241025381E7
230900	-1.4966995173972035E7
231000	-1.4970429131720852E7
231100	-1.4969647488880647E7
231200	-1.4967846591984106E7
231300	-1.4967891967895022E7
231400	-1.4965373731290275E7
231500	-1.496654790250451E7
231600	-1.4972108095176747E7
231700	-1.496987215866688E7
231800	-1.496893890953497E7
231900	-1.496740090276248E7
232000	-1.4966457345042774E7
232100	-1.4966755053525485E7
232200	-1.496376309051036E7
232300	-1.4966468995146455E7
232400	-1.4966542572348097E7
232500	-1.4969074733562352E7
232600	-1.4969851268385395E7
232700	-1.49628429894379E7
232800	-1.4967546112082273E7
232900	-1.4968058671496926E7
233000	-1.4965840341395797E7
233100	-1.4964829397269841E7
233200	-1.497011734191127E7
233300	-1.4967579848371021E7
233400	-1.4971011718174506E7
233500	-1.4968659059070444E7
233600	-1.4966770254725136E7
233700	-1.4964780901906433E7
233800	-1.4970786875312557E7
233900	-1.4969391788308341E7
234000	-1.4968998070654046E7
234100	-1.496760490390917E7
234200	-1.4967690979825648E7
234300	-1.4964484787398633E7
234400	-1.4963584336750302E7
234500	-1.4967170800508464E7
234600	-1.4967134808192875E7
234700	-1.4963346496063963E7
234800	-1.4966282057591667E7
234900	-1.4967032490361499E7
235000	-1.4967767527497863E7
235100	-1.4970047468925232E7
235200	-1.4964443957801268E7
235300	-1.4959355853929475E7
235400	-1.4965229805342717E7
235500	-1.4968777060553906E7
235600	-1.4962230047145527E7
235700	-1.4963738360996185E7
235800	-1.4961079308941225E7
235900	-1.4959278597247135E7
236000	-1.4961131466893673E7
236100	-1.4955996833578378E7
236200	-1.4960251784137426E7
236300	-1.4958704383615509E7
236400	-1.4965045434677044E7
236500	-1.4962756548417632E7
236600	-1.4962641507210212E7
236700	-1.496434469475689E7
236800	-1.4963909063637342E7
236900	-1.4965041884791547E7
237000	-1.4960380734987756E7
237100	-1.4966576080285117E7
237200	-1.4960729175324379E7
237300	-1.4968202365228023E7
237400	-1.49688943928751E7
237500	-1.4965947905852366E7
237600	-1.4962515992709223E7
237700	-1.4963231604983471E7
237800	-1.4965386686273895E7
237900	-1.4966921135905026E7
238000	-1.4964871529748738E7
238100	-1.4964372554346155E7
238200	-1.4968889296613155E7
238300	-1.4966808562718773E7
238400	-1.4968777006740486E7
238500	-1.4967915481073095E7
238600	-1.4966020717943594E7
238700	-1.496731475663843E7
238800	-1.496361317849047E7
238900	-1.496436046872573E7
239000	-1.4968773466193471E7
239100	-1.4965160854223222E7
239200	-1.4965623104326017E7
239300	-1.4964753991996927E7
239400	-1.496373916583057E7
239500	-1.4966109430128086E7
239600	-1.496266515533546E7
239700	-1.4966009950051716E7
239800	-1.4967509790523864E7
239900	-1.4968466627095984E7
240000	-1.4969500576473698E7
240100	-1.496573878632471E7
240200	-1.4970294705586573E7
240300	-1.4968636576169804E7
240400	-1.4969203813073514E7
240500	-1.496614380933756E7
240600	-1.4968688556924E7
240700	-1.4965897415455779E7
240800	-1.4963570024227805E7
240900	-1.4966126264554625E7
241000	-1.4969572450647602E7
241100	-1.4966691571159968E7
241200	-1.4966316864414772E7
241300	-1.4967584511529306E7
241400	-1.4969468319486087E7
241500	-1.4965577896275558E7
241600	-1.496729857273196E7
241700	-1.4965451807747263E7
241800	-1.497106600874748E7
241900	-1.496739624303961E7
242000	-1.4962087631253416E7
242100	-1.496138666247047E7
242200	-1.4963619860664891E7
242300	-1.4965167864273319E7
242400	-1.4965518674464203E7
242500	-1.4966837626830334E7
242600	-1.4964557157083789E7
242700	-1.4960970407214656E7
242800	-1.4962037763728095E7
242900	-1.496397284736407E7
243000	-1.4964481596609747E7
243100	-1.4961255364607982E7
243200	-1.4961425648865901E7
243300	-1.4957282940908352E7
243400	-1.496362246405661E7
243500	-1.4963630588045325E7
243600	-1.4961500714703618E7
243700	-1.4960677636593256E7
243800	-1.496684739206645E7
243900	-1.49654688369025E7
244000	-1.496355623561266E7
244100	-1.4963846569430826E7
244200	-1.4964882397792041E7
244300	-1.4965964609349743E7
244400	-1.4966160258165518E7
244500	-1.4965622732725276E7
244600	-1.4966813402127184E7
244700	-1.4967582899031367E7
244800	-1.4963159717919933E7
244900	-1.496238837822996E7
245000	-1.4965459250170073E7
245100	-1.4960961831115823E7
245200	-1.496383345961552E7
245300	-1.4959700489183767E7
245400	-1.4966935434201825E7
245500	-1.4962128604605682E7
245600	-1.496668282901905E7
245700	-1.4964667423073523E7
245800	-1.4960881123929208E7
245900	-1.49641235017991E7
246000	-1.4962705425479012E7
246100	-1.495998134715549E7
246200	-1.4964459963645168E7
246300	-1.4965527905164378E7
246400	-1.4962448605462182E7
246500	-1.4962942452579519E7
246600	-1.4962933031254483E7
246700	-1.4963631423410207E7
246800	-1.4961267437372878E7
246900	-1.496600071343793E7
247000	-1.496320476489963E7
247100	-1.4965955954359937E7
247200	-1.4968460414175464E7
247300	-1.4970282503723811E7
247400	-1.496591914444373E7
247500	-1.496651416554786E7
247600	-1.4969126867655382E7
247700	-1.4960612388489176E7
247800	-1.496624060949905E7
247900	-1.4963439981479075E7
248000	-1.4966576460804261E7
248100	-1.4968272853762476E7
248200	-1.4967900423921663E7
248300	-1.4964343744144613E7
248400	-1.496732696111519E7
248500	-1.4967294237133075E7
248600	-1.496919246230014E7
248700	-1.4965068819245474E7
248800	-1.4967988763757996E7
248900	-1.4968270632174449E7
249000	-1.4971106966474768E7
249100	-1.4972506775578963E7
249200	-1.4968733005118884E7
249300	-1.4975798395827366E7
249400	-1.4973289209680265E7
249500	-1.4970968427958043E7
249600	-1.4963938931443905E7
249700	-1.4967973814247686E7
249800	-1.4962368919970183E7
249900	-1.4958391959324462E7
250000	-1.4963933647740936E7
250100	-1.4962510069300797E7
250200	-1.496163527021688E7
250300	-1.4960480165398974E7
250400	-1.4960915367379958E7
250500	-1.4962793850269316E7
250600	-1.4963222093963904E7
250700	-1.4967247773085607E7
250800	-1.4962054197920352E7
250900	-1.4960016273619315E7
251000	-1.495744476992616E7
251100	-1.4960487351015095E7
251200	-1.4964693994271256E7
251300	-1.4966939316450974E7
251400	-1.4964990313832736E7
251500	-1.4968832643990753E7
251600	-1.497071144442413E7
251700	-1.4971227082163217E7
251800	-1.4968689900745098E7
251900	-1.4968315485095313E7
252000	-1.4967443672376161E7
252100	-1.4969559440848289E7
252200	-1.4965729597035265E7
252300	-1.4967022687111478E7
252400	-1.4964450516325241E7
252500	-1.496309936131392E7
252600	-1.4967122572200334E7
252700	-1.496525276528078E7
252800	-1.4963590034519207E7
252900	-1.4961788014561448E7
253000	-1.4968702524806065E7
253100	-1.4963337985504841E7
253200	-1.4968028756670175E7
253300	-1.4964685883126881E7
253400	-1.4965288756897092E7
253500	-1.4966210069929814E7
253600	-1.4963753310040232E7
253700	-1.496678291151506E7
253800	-1.497064481643522E7
253900	-1.4967503129776955E7
254000	-1.496495557566249E7
