iteration	timestamp	zTotalTime	phiTotalTime	typeTokenDensity	documentDensity	z-0	countUpdate-0	phiDensity
0	1601289383095	0	0	0.001	0.0	0	0	0.9890695838131272
100	1601289396058	29	6	0.0010118440532982398	0.001006060606060606	10	19	0.9889613423260405
200	1601289416503	41	7	0.001079947359763119	0.001063973063973064	11	22	0.989009705543675
300	1601289439083	37	8	0.0013072873827932225	0.0015235690235690237	11	25	0.9888118111531502
400	1601289460982	31	8	0.0016609639743378846	0.0023442760942760945	14	17	0.988418160881724
500	1601289480777	39	10	0.0019202171409771344	0.0028466329966329966	12	27	0.9881722322750452
600	1601289500492	49	10	0.0021200855403849315	0.0031636363636363637	24	25	0.9879282776772496
700	1601289520487	49	8	0.0022617206777430497	0.003445454545454546	23	24	0.9878707024181609
800	1601289540162	50	8	0.0023500575752590886	0.003689057239057239	23	27	0.9878104951472282
900	1601289559911	39	10	0.0024392169764763942	0.0038415824915824914	20	19	0.9876830070735318
1000	1601289580077	37	12	0.002494982727422273	0.003997811447811448	13	23	0.9876943576246093
1100	1601289600892	42	10	0.002559467017601579	0.004105218855218856	15	26	0.9876280638262872
1200	1601289621875	32	8	0.002579371607172232	0.0042193602693602695	14	17	0.9875213028458628
1300	1601289642195	68	10	0.002641223885507485	0.004295286195286195	20	48	0.9874665240993584
1400	1601289663818	43	9	0.002678565553544991	0.00439983164983165	18	24	0.9873678236552065
1500	1601289741512	48	12	0.002725283763776937	0.004493771043771044	16	25	0.9874081263365685
1600	1601289819842	37	9	0.00274518835334759	0.004533501683501683	14	21	0.9873665076492845
1700	1601289891610	33	9	0.002782859022865603	0.0045658249158249155	14	18	0.9873543345945057
1800	1601289937260	41	10	0.0027900970554367494	0.0046631313131313135	17	20	0.9873112354005593
1900	1601289960323	46	10	0.002820200690903109	0.004710774410774411	17	24	0.9873554860996875
2000	1601289988564	73	10	0.0028535943411745353	0.004747306397306398	21	26	0.9873368975160388
2100	1601290013370	40	9	0.0028695509129791083	0.004767676767676768	15	24	0.9873176509294291
2200	1601290038095	60	16	0.0028781049514722814	0.004805892255892256	31	28	0.987184405329824
2300	1601290062409	47	11	0.002897516038822175	0.004823063973063973	17	29	0.9872327685474585
2400	1601290086860	80	12	0.002918572133574601	0.004853367003367004	41	37	0.9872702747162362
2500	1601290110229	56	10	0.002918078631353841	0.004874074074074074	17	37	0.9871978943905247
2600	1601290132434	42	10	0.0029379832209244943	0.004897474747474748	16	25	0.987219443987498
2700	1601290154305	43	10	0.002942424740911334	0.004915488215488216	17	26	0.9872424740911334
2800	1601290178825	58	13	0.002956407303832867	0.004934175084175084	22	34	0.9872559631518342
2900	1601290204845	59	11	0.002968251357131107	0.004957239057239058	19	38	0.9871691067609805
3000	1601290235772	72	12	0.002973186379338707	0.00496986531986532	21	34	0.9872256950156276
3100	1601290263558	47	10	0.00300789603553216	0.004968686868686869	19	26	0.9872133574601085
3200	1601290292736	182	56	0.0030305971376871194	0.005006228956228956	148	31	0.9871439381477216
3300	1601290328202	53	10	0.003030761638427373	0.004994781144781145	18	25	0.9871814443164995
3400	1601290353081	54	10	0.0030574107583484127	0.005015993265993266	22	30	0.9872148379667709
3500	1601290379819	71	9	0.0030667873005428524	0.005053030303030303	24	37	0.9871436091462411
3600	1601290404754	44	10	0.003059713768711959	0.0050936026936026935	18	25	0.987050666227998
3700	1601290428839	51	17	0.0030911334101003454	0.005110437710437711	21	28	0.9870860338871525
3800	1601290454251	94	10	0.0030662937983220923	0.005140740740740741	27	30	0.9871524921862148
3900	1601290479619	63	12	0.0030858693864122388	0.005152861952861953	25	36	0.987146076657345
4000	1601290512892	61	10	0.003075999341997039	0.005184680134680135	33	25	0.9871404836321763
4100	1601290539132	45	12	0.0031064319789439053	0.005160774410774411	17	25	0.9871098864944893
4200	1601290564979	54	9	0.003127159072215825	0.005174747474747474	20	26	0.9870605362724132
4300	1601290593838	63	10	0.003110708998190492	0.005202356902356903	30	30	0.9871080769863464
4400	1601290618085	62	10	0.0031159730218785985	0.005213131313131314	17	40	0.9870949169271261
4500	1601290647385	49	9	0.0031335746010857047	0.005243097643097643	19	26	0.9870078960355322
4600	1601290670850	42	10	0.0031590722158249714	0.00526986531986532	18	22	0.9870728738279322
4700	1601290694869	48	11	0.003157098206941931	0.0052457912457912455	18	30	0.9870743543345945
4800	1601290720568	52	11	0.003173548280967264	0.005269023569023569	21	24	0.9870537917420629
4900	1601290746736	60	9	0.003182266820200691	0.005281481481481482	19	34	0.9869983549925975
5000	1601290773011	65	11	0.003182266820200691	0.005311447811447811	26	35	0.9870585622635302
5100	1601290798833	58	22	0.0031745352854087843	0.005331649831649832	30	27	0.9870654712946209
5200	1601290824469	52	10	0.0031904918572133573	0.005364478114478114	24	22	0.9869768053956243
5300	1601290851179	50	10	0.003194768876459944	0.00541094276094276	18	26	0.986983714426715
5400	1601290876060	38	9	0.0031891758512913307	0.005414309764309765	18	19	0.986970060865274
5500	1601290914646	49	10	0.0032266820200690903	0.005415993265993266	22	25	0.9870044415199868
5600	1601290938499	45	9	0.0032177989800954102	0.005445959595959595	16	23	0.9870796183582826
5700	1601290962166	107	10	0.0032423095903931567	0.0054466329966329965	71	26	0.987011021549597
5800	1601290986738	46	11	0.003230959039315677	0.005461616161616161	20	25	0.9869810824148708
5900	1601291011921	50	11	0.003235894061523277	0.005463973063973064	20	27	0.9870070735318309
6000	1601291039435	159	11	0.00325481164665241	0.005472895622895623	21	24	0.9869236716565225
6100	1601291067401	61	11	0.003253989142951143	0.005487542087542087	19	38	0.986991610462247
6200	1601291093052	80	11	0.0032322750452377035	0.005476767676767676	55	24	0.9869327191972364
6300	1601291121589	48	11	0.0032615561770027966	0.005484848484848485	17	29	0.9869286066787301
6400	1601291147104	51	10	0.00324839611778253	0.005524915824915825	18	29	0.9870003290014805
6500	1601291170113	55	10	0.0032763612436255965	0.005521885521885522	25	28	0.9869624938312223
6600	1601291195704	68	18	0.0032788287547293963	0.005522390572390572	32	32	0.9869545977956901
6700	1601291219142	58	11	0.00326813620661293	0.005555387205387206	26	29	0.9869361737127818
6800	1601291245428	47	10	0.003273235729560783	0.005566329966329967	21	24	0.9868813949662774
6900	1601291273050	56	10	0.003285737785820036	0.005547474747474747	27	29	0.9868886329988485
7000	1601291305879	44	10	0.003281131765092943	0.005567508417508417	19	23	0.9869114986017437
7100	1601291333312	60	9	0.0033025168613258758	0.005546801346801347	21	37	0.9868957065306794
7200	1601291361500	60	10	0.0032905083072873828	0.005545622895622896	23	35	0.9869355157098207
7300	1601291394771	231	26	0.0033132094094423426	0.005559932659932661	201	29	0.9869022865602896
7400	1601291423369	61	10	0.0033071228820529693	0.005575757575757575	18	31	0.9869463727586774
7500	1601291452161	48	10	0.0033112354005593024	0.005597811447811447	22	24	0.9869355157098207
7600	1601291480938	50	17	0.003323243954597796	0.00556969696969697	22	26	0.986959697318638
7700	1601291507879	46	10	0.003329330481987169	0.005557070707070707	17	28	0.9869113341010034
7800	1601291537244	68	12	0.0033485770685968085	0.00558080808080808	38	21	0.986927948675769
7900	1601291566389	72	12	0.0033390360256621153	0.005603030303030302	35	35	0.9868119756538904
8000	1601291594867	84	14	0.003321927948675769	0.005626767676767677	20	28	0.9869031090639908
8100	1601291620981	52	10	0.0033416680375061686	0.005622895622895622	21	31	0.9868674124033558
8200	1601291651167	41	10	0.003319460437571969	0.005628451178451179	18	22	0.9869118276032243
8300	1601291681137	57	9	0.0033449580523112355	0.005651683501683501	26	29	0.9868629708833689
8400	1601291707829	44	10	0.0033474255634150353	0.005641245791245792	22	22	0.9869118276032243
8500	1601291741137	47	16	0.0033449580523112355	0.005636195286195286	20	25	0.9868840269781214
8600	1601291766894	68	10	0.0033584471130120087	0.0056474747474747474	28	37	0.9868271097219937
8700	1601291790283	50	12	0.003340845533804902	0.005656060606060606	19	27	0.9868998190491857
8800	1601291817207	55	9	0.003333443000493502	0.005667340067340067	24	29	0.9869187366343148
8900	1601291842181	48	11	0.0033377200197400887	0.005673905723905724	25	22	0.986851949333772
9000	1601291864785	52	10	0.0033660141470636617	0.005651851851851852	23	28	0.9867998025991117
9100	1601291889935	54	9	0.0033599276196742884	0.0056629629629629625	30	23	0.9868381312715907
9200	1601291915643	104	10	0.003344629050830729	0.005637205387205387	69	34	0.9868833689751604
9300	1601291941261	55	10	0.0033434775456489554	0.005648989898989899	20	28	0.9868762954433294
9400	1601291964381	54	9	0.003365191643362395	0.005670538720538721	25	24	0.9869016285573285
9500	1601291991619	64	10	0.003346274058233262	0.005695791245791245	29	27	0.9868904425069913
9600	1601292015215	45	11	0.0033869057410758348	0.005674915824915826	17	27	0.9867963480835664
9700	1601292040800	44	10	0.003386576739595328	0.005680808080808081	21	21	0.9868886329988485
9800	1601292064744	47	14	0.003374074683336075	0.005663299663299664	20	24	0.9869001480506663
9900	1601292087848	77	48	0.003374074683336075	0.005660606060606061	46	30	0.9868308932390196
10000	1601292113728	63	10	0.0033801612107254484	0.005671043771043771	22	40	0.9868282612271755
10100	1601292139265	58	9	0.0033831222240500083	0.005684680134680135	25	31	0.9868861654877447
10200	1601292163733	58	9	0.0033869057410758348	0.005717003367003368	29	21	0.9868363217634479
10300	1601292212452	183	120	0.0033627241322585952	0.005707407407407408	152	29	0.9868405987826945
10400	1601292242959	68	20	0.003417831880243461	0.005692592592592593	29	37	0.986790261556177
10500	1601292272095	53	11	0.0034091133410100345	0.005688047138047138	21	28	0.986812962658332
10600	1601292299735	58	10	0.0033801612107254484	0.005702020202020201	21	33	0.9868029281131765
10700	1601292327859	56	10	0.003395953281789768	0.005697138047138047	19	27	0.9869452212534956
10800	1601292354796	52	10	0.0033762131929593684	0.005694444444444445	24	26	0.9869411087349893
10900	1601292380720	57	10	0.0033992432965948348	0.005718013468013468	29	27	0.9868152656686955
11000	1601292409029	54	29	0.0033933212699457146	0.005702188552188552	22	24	0.9868838624773811
11100	1601292437179	60	10	0.003400230301036355	0.005667676767676767	21	38	0.9868545813456161
11200	1601292463016	57	9	0.003396282283270275	0.005661279461279462	18	33	0.9868605033722652
11300	1601292494508	58	11	0.0033972692877117946	0.00569124579124579	21	29	0.9868565553544991
11400	1601292521503	47	9	0.003399407797335088	0.005695117845117845	22	24	0.9868310577397599
11500	1601292547575	41	10	0.0033946372758677412	0.005698653198653199	16	24	0.9868756374403684
11600	1601292574900	53	37	0.003416186872840928	0.00569915824915825	23	27	0.9867338378022701
11700	1601292604462	51	10	0.003424740911334101	0.0057161616161616165	22	27	0.9868103306464879
11800	1601292631870	49	9	0.003409771343971048	0.005703367003367004	18	29	0.9868053956242803
11900	1601292660395	57	24	0.003412732357295608	0.005706228956228957	21	35	0.9868489883204474
12000	1601292684974	54	10	0.0034109228491528212	0.005720875420875421	25	29	0.9868353347590064
12100	1601292722455	132	13	0.0034234249054120743	0.0057185185185185195	97	28	0.986780556012502
12200	1601292750542	49	9	0.003424247409113341	0.005709090909090909	22	25	0.9867965125843067
12300	1601292779117	75	10	0.0034189833854252343	0.005701683501683502	38	35	0.9868106596479684
12400	1601292809686	76	12	0.0034369139661128475	0.005709932659932661	39	26	0.9868475078137852
12500	1601292858216	252	85	0.003420628392827768	0.00571077441077441	218	29	0.9868475078137852
12600	1601292897603	53	10	0.003426385918736634	0.005715151515151515	22	28	0.9868095081427867
12700	1601292928075	55	10	0.0034160223721006744	0.00573013468013468	28	23	0.9868535943411746
12800	1601292951274	53	10	0.003446619509787794	0.005701515151515151	21	21	0.9867973350880079
12900	1601292975585	53	11	0.0034300049350222076	0.005714478114478115	26	26	0.9867769369962165
13000	1601292998086	48	9	0.003428688929100181	0.005699999999999999	27	21	0.9868021056094752
13100	1601293019530	60	8	0.0034489225201513405	0.005714141414141415	21	39	0.9867113012008554
13200	1601293040881	42	9	0.003453528540878434	0.005680976430976431	22	20	0.986775291988814
13300	1601293062146	49	9	0.003447935515709821	0.0056892255892255885	23	25	0.9867983220924494
13400	1601293083789	46	9	0.0034359269616713274	0.005716835016835017	18	27	0.9867720019740088
13500	1601293105354	42	9	0.0034522125349564074	0.005712121212121212	22	19	0.9868330317486429
13600	1601293127805	44	9	0.0034425069912814607	0.005713468013468014	21	22	0.9868535943411746
13700	1601293148890	40	9	0.003440203980917914	0.0057092592592592585	21	18	0.9867744694851127
13800	1601293169416	39	9	0.0034573120579042605	0.005714646464646465	19	20	0.9867905905576575
13900	1601293191379	49	11	0.003440697483138674	0.005703535353535353	21	28	0.9867670669518013
14000	1601293212844	45	9	0.0034420134890607006	0.005672222222222222	20	24	0.9868759664418489
14100	1601293233322	54	9	0.0034508965290343807	0.005679292929292929	19	34	0.9867774304984372
14200	1601293254070	40	10	0.003434775456489554	0.0057203703703703705	20	19	0.9868585293633821
14300	1601293275605	57	9	0.0034671821023194603	0.005692760942760942	28	28	0.9868137851620332
14400	1601293297314	58	10	0.0034796841585787138	0.00568030303030303	31	27	0.986729231781543
14500	1601293319453	40	9	0.0034573120579042605	0.005697474747474748	18	22	0.9867877940450732
14600	1601293340015	51	9	0.0034285244283599275	0.005715656565656565	35	16	0.9868330317486429
14700	1601293360345	54	9	0.003460931074189834	0.005719023569023568	21	33	0.9868101661457477
14800	1601293380894	41	9	0.003453693041618687	0.005691077441077441	18	23	0.9868269452212535
14900	1601293402562	40	16	0.003430333936502714	0.00572053872053872	19	21	0.9867940450732028
15000	1601293424247	64	9	0.0034423424905412076	0.0056895622895622895	29	35	0.9867874650435927
15100	1601293444520	41	27	0.0034777101496956736	0.0056941077441077445	19	22	0.9867132752097384
15200	1601293464797	40	10	0.0034601085704885673	0.005717676767676768	19	21	0.9867963480835664
15300	1601293485632	41	18	0.003463892087514394	0.005692760942760942	17	24	0.9866843230794539
15400	1601293506874	53	21	0.0034666886000987007	0.005714141414141415	25	27	0.9868312222405001
15500	1601293526654	50	12	0.0035012337555519	0.00573030303030303	25	25	0.9867468333607501
15600	1601293548585	73	9	0.00347803915117618	0.005697474747474748	44	28	0.9868471788123047
15700	1601293570271	64	9	0.0034647145912156604	0.00571969696969697	37	27	0.9867548938970225
15800	1601293592214	43	18	0.003479848659318967	0.005708754208754208	18	25	0.9868550748478369
15900	1601293613429	57	10	0.003457147557164007	0.0057203703703703705	30	26	0.9867619674288535
16000	1601293635524	79	9	0.003479355157098207	0.00571060606060606	51	27	0.9868879749958874
16100	1601293656413	42	8	0.0034469485112683007	0.00573063973063973	19	22	0.9867599934199703
16200	1601293677400	54	9	0.0034811646652409935	0.005712289562289562	29	23	0.9868111531501892
16300	1601293700120	39	10	0.0034911992103964467	0.005707912457912458	22	16	0.9867877940450732
16400	1601293720986	38	10	0.0034714591215660472	0.005727777777777779	18	20	0.9867430498437243
16500	1601293741095	47	9	0.0034673466030597138	0.0057161616161616165	23	24	0.9867887810495147
16600	1601293761636	47	9	0.0034686626089817404	0.005736700336700337	18	29	0.9868075341339037
16700	1601293783145	58	10	0.0034874156933706203	0.00571010101010101	24	34	0.9867418983385425
16800	1601293808330	60	11	0.0034619180786313536	0.005724579124579124	40	18	0.9867802270110215
16900	1601293828920	61	9	0.0034810001645007404	0.005726094276094276	18	43	0.98679223556506
17000	1601293849179	50	9	0.003458134561605527	0.005715488215488216	24	26	0.9868386247738115
17100	1601293869552	41	9	0.0034553380490212207	0.005744107744107743	21	20	0.986767560454022
17200	1601293890525	40	12	0.003472775127488074	0.005769191919191919	20	20	0.9867117947030761
17300	1601293910843	54	9	0.0034752426385918737	0.005762794612794613	20	27	0.9867664089488403
17400	1601293930907	53	9	0.0034772166474749135	0.0057535353535353535	35	17	0.9867412403355815
17500	1601293951348	33	17	0.0034760651422931403	0.005724579124579124	17	16	0.9868455338049021
17600	1601293970933	54	9	0.0034612600756703405	0.005737373737373737	20	34	0.9868343477545649
17700	1601293992436	43	11	0.0034900477052146736	0.005717003367003368	17	26	0.98680523112354
17800	1601294021242	47	12	0.0034775456489554205	0.005721885521885522	23	23	0.9867203487415693
17900	1601294042434	41	8	0.0034805066622799804	0.005709764309764309	21	19	0.9867743049843725
18000	1601294064405	61	10	0.0034902122059549266	0.005731144781144781	30	30	0.9867091626912321
18100	1601294086070	43	13	0.00349481822668202	0.005708249158249158	20	23	0.9867458463563086
18200	1601294108211	55	13	0.0034752426385918737	0.0056870370370370365	27	28	0.9867744694851127
18300	1601294130099	49	11	0.0034791906563579537	0.005694781144781145	21	27	0.986716894226024
18400	1601294151915	46	10	0.0035084717881230464	0.0056996632996633	22	23	0.9867690409606843
18500	1601294182338	48	10	0.0034989307451883532	0.00569074074074074	26	20	0.9867343313044908
18600	1601294206513	82	20	0.0034740911334101	0.005710942760942761	30	50	0.986801283105774
18700	1601294231646	52	13	0.0035129133081098864	0.005724242424242424	23	28	0.9867228162526731
18800	1601294256359	46	9	0.00350468827109722	0.005738047138047138	23	22	0.9867134397104786
18900	1601294280977	52	11	0.00350814278664254	0.005710942760942761	18	34	0.9866894226024017
19000	1601294304042	49	15	0.003502385260733673	0.005717676767676768	20	29	0.9868330317486429
19100	1601294326430	46	16	0.003492186214837967	0.005686195286195287	22	23	0.9867315347919066
19200	1601294348515	43	10	0.00351159730218786	0.005701178451178452	20	23	0.9867210067445303
19300	1601294373488	45	9	0.0035012337555519	0.005713299663299663	19	25	0.9868152656686955
19400	1601294396374	68	10	0.0034964632340845534	0.005741414141414141	25	43	0.9867580194110873
19500	1601294420916	54	10	0.0035153808192136863	0.005738383838383838	23	31	0.9867991445961507
19600	1601294445119	61	16	0.0035032077644349398	0.005756228956228957	20	26	0.9867201842408291
19700	1601294468956	65	10	0.0034918572133574603	0.005703030303030303	38	24	0.9867728244777102
19800	1601294494312	68	11	0.0035117618029281133	0.005722727272727273	47	21	0.9867598289192301
19900	1601294519411	240	10	0.0035268958710314197	0.00570959595959596	52	22	0.9867224872511926
20000	1601294544791	49	11	0.003502385260733673	0.005731818181818182	23	26	0.9867425563415035
20100	1601294571494	52	12	0.003509294291824313	0.005721212121212122	25	25	0.9867446948511268
20200	1601294598295	63	12	0.0035316663924987663	0.005747138047138047	27	35	0.9867328507978286
20300	1601294625398	66	9	0.0034935022207599935	0.005747306397306398	28	36	0.986756538904425
20400	1601294651956	64	10	0.0035114328014476067	0.005718013468013468	25	38	0.9867198552393486
20500	1601294675833	54	10	0.00352393485770686	0.005729292929292929	19	35	0.9867078466853101
20600	1601294700856	79	10	0.0035293633821352195	0.005736700336700337	52	25	0.9867706859680868
20700	1601294724999	49	9	0.0035140648132916596	0.0057313131313131305	18	31	0.9867254482645171
20800	1601294746653	62	12	0.0035009047540713934	0.005730976430976431	44	18	0.9867815430169435
20900	1601294768350	35	9	0.003515216318473433	0.005712289562289562	18	17	0.9867843395295279
21000	1601294791000	52	9	0.00350962329330482	0.005723063973063973	30	21	0.9868238197071887
21100	1601294812396	45	11	0.0035134068103306465	0.005722390572390572	21	22	0.9867930580687613
21200	1601294834126	55	9	0.0035316663924987663	0.0057356902356902354	21	32	0.9867147557164008
21300	1601294855465	60	10	0.003501891758512913	0.005723905723905724	27	32	0.9868118111531502
21400	1601294876739	51	9	0.0035298568843559796	0.005745286195286196	24	26	0.9866790590557658
21500	1601294898076	57	9	0.003534133903602566	0.005734848484848484	31	25	0.9866826780720513
21600	1601294918892	48	8	0.0035140648132916596	0.005727609427609428	24	24	0.9866397433788452
21700	1601294940325	40	9	0.0035291988813949664	0.005742592592592592	20	19	0.9867379503207765
21800	1601294962063	57	9	0.00351159730218786	0.005755892255892256	36	21	0.9867400888303998
21900	1601294983750	46	9	0.0035060042770192466	0.005741582491582491	27	19	0.9867323572956078
22000	1601295004450	67	9	0.003525086362888633	0.005722222222222222	34	32	0.9867639414377365
22100	1601295025710	44	10	0.0035185063332784997	0.005742255892255892	22	22	0.9867152492186215
22200	1601295047331	53	8	0.00351159730218786	0.005742592592592592	22	31	0.9867295607830235
22300	1601295068168	55	10	0.0035112683007073532	0.005734680134680135	24	31	0.986773317979931
22400	1601295089792	46	19	0.003550419476887646	0.00574057239057239	29	17	0.9867140977134398
22500	1601295110231	45	8	0.0035194933377200198	0.005746464646464646	19	26	0.9867068596808686
22600	1601295130998	45	9	0.0035357789110050993	0.005756902356902356	21	24	0.986739595328179
22700	1601295152071	52	9	0.0035326533969402864	0.005778282828282829	22	30	0.9866912321105445
22800	1601295173122	44	9	0.0035349564073038327	0.005754377104377104	22	22	0.9867369633163349
22900	1601295194504	46	9	0.003512748807369633	0.005731986531986533	27	18	0.9867501233755552
23000	1601295215964	49	27	0.0035173548280967265	0.005745286195286196	29	20	0.9867193617371278
23100	1601295237632	41	12	0.003514722816252673	0.005777946127946128	20	21	0.9867323572956078
23200	1601295258718	38	15	0.0035272248725119262	0.0057646464646464645	19	19	0.9867553873992433
23300	1601295279576	38	11	0.003516696825135713	0.005752356902356902	20	17	0.9868178976805395
23400	1601295301157	54	9	0.0035222898503043266	0.005744276094276094	22	30	0.9867274222734003
23500	1601295324199	126	9	0.0035382464221088996	0.005757070707070708	30	26	0.9867223227504524
23600	1601295347621	50	10	0.003519164336239513	0.005769865319865321	22	28	0.9867965125843067
23700	1601295375465	46	9	0.0035214673466030595	0.005734175084175084	20	24	0.9867706859680868
23800	1601295403539	61	9	0.003553380490212206	0.005748316498316499	19	41	0.9866566869550913
23900	1601295429166	49	10	0.003526566869550913	0.005764983164983165	20	29	0.9867190327356473
24000	1601295454711	54	10	0.0035553544990952458	0.00573973063973064	22	32	0.9866848165816746
24100	1601295478958	46	9	0.003544990952459286	0.005722727272727273	18	27	0.9867083401875308
24200	1601295503385	43	12	0.0035153808192136863	0.005730471380471381	18	25	0.9867152492186215
24300	1601295527614	49	15	0.0035349564073038327	0.005736531986531987	20	27	0.9866788945550254
24400	1601295552260	52	21	0.0035514064813291658	0.005743602693602693	19	32	0.9866140812633657
24500	1601295576543	43	12	0.0035277183747326863	0.005726767676767677	21	22	0.9866607994735976
24600	1601295600537	49	10	0.003557328507978286	0.005708080808080808	19	30	0.9867822010199045
24700	1601295624468	47	12	0.0035527224872511924	0.005732323232323232	20	27	0.9866607994735976
24800	1601295649300	54	12	0.003540878433952953	0.005730976430976431	29	24	0.9866964961342326
24900	1601295674734	66	12	0.003558973515380819	0.005763468013468013	30	35	0.9866400723803257
25000	1601295698434	74	9	0.003545977956900806	0.005755218855218855	40	34	0.9866902451061029
25100	1601295722832	43	8	0.0035328178976805394	0.005743265993265994	20	23	0.9867114657015956
25200	1601295743606	44	8	0.003553380490212206	0.005760437710437711	19	24	0.9866978121401546
25300	1601295764647	48	15	0.0035471294620825792	0.005748316498316499	29	19	0.9867410758348413
25400	1601295785901	81	9	0.003545484454680046	0.005734511784511785	41	40	0.9867366343148544
25500	1601295807805	43	9	0.0035495969731863795	0.005769191919191919	25	18	0.9866966606349729
25600	1601295829173	65	9	0.0035576575094587925	0.005767676767676767	21	39	0.9867308767889456
25700	1601295851027	55	18	0.0035532159894719525	0.005734848484848484	21	34	0.986786313538411
25800	1601295872236	61	8	0.0035634150353676592	0.0057602693602693605	27	33	0.9867560454022043
25900	1601295894145	80	10	0.003557986510939299	0.005773400673400673	53	26	0.9867180457312058
26000	1601295915604	59	9	0.003569172561276526	0.005796127946127947	35	23	0.9867048856719856
26100	1601295938632	56	10	0.003557493008718539	0.00579074074074074	28	26	0.9866974831386741
26200	1601295961086	58	9	0.0035492679717058725	0.005807239057239057	19	39	0.9867641059384767
26300	1601295982302	64	11	0.0035500904754071395	0.0057781144781144786	29	34	0.9867172232275045
26400	1601296003443	61	9	0.003538081921368646	0.0057819865319865315	19	39	0.9866818555683501
26500	1601296024745	53	9	0.0035537094916927125	0.005783501683501683	30	23	0.9866813620661293
26600	1601296046526	53	9	0.003560783023523606	0.005792087542087542	21	32	0.9867170587267643
26700	1601296067528	53	10	0.003576739595328179	0.005769191919191919	22	29	0.986727915775621
26800	1601296088773	64	16	0.0035517354828096728	0.00575959595959596	25	39	0.9867469978614903
26900	1601296110451	67	9	0.003559796019082086	0.0057867003367003365	29	37	0.9867448593518671
27000	1601296131797	48	10	0.003546964961342326	0.005761952861952861	27	20	0.9867611449251522
27100	1601296154279	36	9	0.003576575094587926	0.005767676767676767	19	16	0.9867927290672808
27200	1601296175313	41	15	0.0035662115479519656	0.005737373737373737	18	20	0.9866892581016614
27300	1601296199048	57	12	0.003550419476887646	0.005748821548821549	29	28	0.9866987991445961
27400	1601296221064	53	9	0.0035644020398091793	0.005772727272727272	20	27	0.98674025333114
27500	1601296242370	43	8	0.003560289521302846	0.005768350168350169	19	23	0.9866691890113506
27600	1601296263662	40	10	0.0035546964961342326	0.005781649831649832	20	20	0.9867011021549597
27700	1601296285958	52	15	0.0035724625760815924	0.005769191919191919	28	23	0.9866701760157921
27800	1601296307912	69	9	0.0035525579865109394	0.005765319865319866	41	28	0.9866864615890771
27900	1601296329188	43	9	0.003564731041289686	0.005760774410774411	22	21	0.9867611449251522
28000	1601296350633	45	9	0.0035671985523934857	0.005771548821548822	24	21	0.9867136042112189
28100	1601296372325	42	9	0.003548774469485113	0.005773063973063973	22	19	0.9867213357460108
28200	1601296392932	48	10	0.0035532159894719525	0.005746464646464646	20	28	0.9866366178647804
28300	1601296414620	47	10	0.0035655535449909525	0.005741077441077441	18	29	0.9866989636453364
28400	1601296436684	41	9	0.0035898996545484455	0.005763973063973064	22	19	0.9866492844217799
28500	1601296457771	35	9	0.0035625925316663926	0.0057690235690235694	19	15	0.9866918901135056
28600	1601296478962	38	12	0.0035736140812633655	0.005763973063973064	20	18	0.9866234578055602
28700	1601296500102	57	18	0.003558315512419806	0.0057890572390572395	19	37	0.986653232439546
28800	1601296521958	53	10	0.0035889126501069254	0.005773232323232323	23	30	0.9866514229314032
28900	1601296543547	39	10	0.0035724625760815924	0.005767508417508418	21	18	0.9866846520809344
29000	1601296564723	39	17	0.003564237539068926	0.005775084175084175	20	19	0.9866685310083896
29100	1601296585956	59	9	0.003555025497614739	0.005781313131313131	26	33	0.9867117947030761
29200	1601296606867	74	8	0.003556341503536766	0.005782996632996633	35	38	0.9867344958052311
29300	1601296629722	39	11	0.0035644020398091793	0.0058085858585858584	21	18	0.9866706695180129
29400	1601296653747	66	11	0.0035699950649777925	0.0057867003367003365	35	31	0.986666227998026
29500	1601296676692	45	10	0.003561276525744366	0.005802693602693604	19	26	0.9866877775949991
29600	1601296700070	75	10	0.003556341503536766	0.005816498316498316	36	36	0.9867300542852443
29700	1601296724857	47	9	0.0035741075834841256	0.005793434343434343	22	25	0.9867177167297253
29800	1601296748767	44	11	0.0035515709820694193	0.005781144781144782	21	23	0.9867015956571804
29900	1601296772541	65	13	0.0035805231123540054	0.005753703703703704	24	41	0.9866075012337555
30000	1601296795359	42	9	0.0035397269287711793	0.005768686868686868	22	20	0.986749300871854
30100	1601296816670	63	21	0.0035569995064977794	0.005761279461279462	33	30	0.9866835005757526
30200	1601296838891	72	10	0.0035486099687448594	0.005768686868686868	45	27	0.9866974831386741
30300	1601296862472	41	10	0.003544826451719033	0.0057841750841750835	24	16	0.9867478203651916
30400	1601296885642	64	10	0.0035604540220430993	0.005750505050505051	41	22	0.9866433623951307
30500	1601296908338	45	10	0.003552393485770686	0.005771548821548822	27	17	0.9866971541371936
30600	1601296931802	56	10	0.003568350057575259	0.0057890572390572395	29	27	0.9867011021549597
30700	1601296955472	52	10	0.0035706530679388056	0.005797811447811448	19	33	0.9866940286231288
30800	1601296977445	42	15	0.0035797006086527388	0.005795791245791246	21	21	0.9866714920217141
30900	1601297000183	76	12	0.003572133574601086	0.005791414141414142	49	26	0.986729231781543
31000	1601297023022	44	10	0.003572627076821846	0.005765993265993266	23	20	0.9866839940779734
31100	1601297046152	44	9	0.0035903931567692056	0.005785353535353536	22	21	0.9866463234084554
31200	1601297068100	43	9	0.003570817568679059	0.005795286195286195	22	21	0.9866874485935186
31300	1601297090594	50	9	0.0035790426056917257	0.005779292929292929	22	28	0.986753906892581
31400	1601297114136	47	9	0.003593025168613259	0.005778787878787879	20	27	0.9867297252837638
31500	1601297138822	57	9	0.003584635630860339	0.005742592592592592	34	23	0.9867404178318803
31600	1601297162985	53	11	0.003598124691561112	0.005761279461279462	22	31	0.9866568514558316
31700	1601297186547	41	11	0.003578713604211219	0.005758249158249159	21	19	0.9867374568185557
31800	1601297209632	45	9	0.0035994406974831387	0.005797474747474747	23	21	0.9866912321105445
31900	1601297232236	50	15	0.0035839776278993258	0.005782659932659932	23	27	0.9866843230794539
32000	1601297254793	39	10	0.0036112847507813787	0.005780303030303031	21	18	0.9866489554202994
32100	1601297277794	56	9	0.0036075012337555517	0.005794612794612795	23	33	0.9867006086527389
32200	1601297301155	60	11	0.0035928606678730054	0.005757407407407407	22	37	0.9866458299062346
32300	1601297323799	57	10	0.003574765586445139	0.0057624579124579125	22	35	0.9867009376542194
32400	1601297347801	44	9	0.0035979601908208586	0.005777946127946128	27	17	0.9866264188188847
32500	1601297370748	49	8	0.003585622635301859	0.0057867003367003365	19	30	0.986752590886659
32600	1601297391998	38	10	0.003616384273729232	0.005772895622895622	19	19	0.9866494489225202
32700	1601297413994	50	9	0.003619180786313538	0.0057493265993265995	22	28	0.9866772495476229
32800	1601297436082	50	12	0.0035800296101332458	0.005777441077441077	28	22	0.9867042276690245
32900	1601297458253	43	12	0.003599111696002632	0.005785185185185185	25	18	0.9866696825135713
33000	1601297479809	62	9	0.003616384273729232	0.005796632996632997	33	29	0.9866756045402204
33100	1601297501299	56	9	0.003620825793716072	0.005811447811447812	28	28	0.9866193452870538
33200	1601297522806	48	28	0.003594176673795032	0.005799494949494949	21	27	0.9867037341668038
33300	1601297545458	60	9	0.003622964303339365	0.005808080808080808	42	18	0.9866886000987004
33400	1601297567756	40	9	0.003606185227833525	0.0057996632996633	22	17	0.9866218127981576
33500	1601297589601	56	11	0.0036024017108076986	0.005796296296296296	24	32	0.986703898667544
33600	1601297611232	53	9	0.0035979601908208586	0.005817676767676768	25	28	0.9867287382793223
33700	1601297633462	46	9	0.0036177002796512585	0.005783333333333334	21	25	0.9866617864780391
33800	1601297655055	57	9	0.003596973186379339	0.005811279461279461	26	30	0.9867547293962823
33900	1601297675891	74	9	0.0035999341997038988	0.005787037037037037	28	46	0.9867236387563744
34000	1601297697231	43	9	0.0036114492515216317	0.005801010101010101	18	24	0.9866737950320776
34100	1601297719302	52	9	0.003594176673795032	0.005798821548821549	29	22	0.9866642539891429
34200	1601297741151	47	13	0.0035982891923013655	0.005788383838383839	17	29	0.9866617864780391
34300	1601297762305	58	10	0.0035999341997038988	0.005792255892255892	26	31	0.9867634479355157
34400	1601297784615	49	9	0.003598618193781872	0.005782659932659932	19	29	0.9867201842408291
34500	1601297806848	44	10	0.003616877775949992	0.005788383838383839	18	25	0.9866612929758184
34600	1601297828584	46	9	0.003593683171574272	0.005790909090909091	20	26	0.9866627734824807
34700	1601297849615	42	10	0.003613916762625432	0.005793602693602694	20	22	0.9865945056752755
34800	1601297871801	73	13	0.003602566211547952	0.005777609427609428	33	40	0.9865556835005758
34900	1601297894440	35	9	0.003620825793716072	0.005788047138047138	18	16	0.9866042112189505
35000	1601297915926	43	9	0.0036033887152492187	0.005806060606060606	24	19	0.986691561112025
35100	1601297937084	43	8	0.0036206612929758184	0.005768855218855219	21	21	0.9865846356308603
35200	1601297958822	51	10	0.0036056917256127655	0.005775084175084175	20	30	0.9866473104128969
35300	1601297982611	47	9	0.0035879256456654053	0.0057579124579124575	22	24	0.9866762625431814
35400	1601298004511	43	15	0.0036007567034051654	0.005814478114478114	26	16	0.9865943411745353
35500	1601298024768	45	9	0.0036119427537423918	0.0058065656565656565	19	26	0.9866397433788452
35600	1601298044349	56	9	0.003620332291495312	0.005796632996632997	36	20	0.9866654054943247
35700	1601298065025	59	11	0.0036246093107418983	0.0058042087542087535	26	33	0.9867239677578549
35800	1601298085822	44	8	0.003619180786313538	0.005821548821548821	26	17	0.9866405658825464
35900	1601298106356	38	13	0.003602237210067445	0.00579915824915825	20	17	0.9866854745846356
36000	1601298127386	48	12	0.003633327849975325	0.005793434343434343	23	24	0.9866425398914295
36100	1601298147858	49	9	0.0036211547951965784	0.005793939393939394	20	28	0.9867050501727258
36200	1601298168615	53	18	0.003628886329988485	0.005815656565656566	26	24	0.986703240664583
36300	1601298189641	45	8	0.0036364533640401383	0.0057932659932659935	21	22	0.9866476394143774
36400	1601298211191	55	9	0.0036668860009870046	0.005784343434343434	18	37	0.9866093107418984
36500	1601298232267	46	9	0.0036227998025991116	0.005802693602693604	20	25	0.9866584964632341
36600	1601298252928	36	16	0.003615068267807205	0.005833670033670034	18	17	0.9866918901135056
36700	1601298273699	42	10	0.0036405658825464714	0.005843265993265994	20	18	0.9865999341997039
36800	1601298294192	65	9	0.003626583319624938	0.005855555555555555	34	25	0.9866537259417667
36900	1601298314689	49	21	0.003634479355157098	0.005827272727272727	18	30	0.9866635959861819
37000	1601298335897	48	9	0.0036400723803257113	0.005810437710437711	19	29	0.9866028952130285
37100	1601298356909	54	11	0.0036580029610133245	0.00578973063973064	25	28	0.9866328343477546
37200	1601298377533	54	8	0.003624444810001645	0.005795286195286195	29	25	0.9866784010528047
37300	1601298398330	54	9	0.003645829906234578	0.005844781144781146	25	29	0.9866635959861819
37400	1601298419541	53	9	0.003630860338871525	0.005817845117845118	25	28	0.9866673795032078
37500	1601298439997	41	12	0.0036351373581181116	0.00581010101010101	21	20	0.9866658989965454
37600	1601298460721	44	12	0.0036369468662608984	0.00582053872053872	22	22	0.9866726435268959
37700	1601298481510	67	9	0.003627405823326205	0.005847811447811447	24	43	0.9866469814114164
37800	1601298502393	44	9	0.0036359598618193783	0.0058353535353535355	18	26	0.9866800460602073
37900	1601298522608	46	9	0.003637933870702418	0.005849831649831649	22	24	0.9865709820694193
38000	1601298543571	35	13	0.0036275703240664582	0.005836363636363636	18	16	0.9866172067774305
38100	1601298564480	48	11	0.0036226353018588586	0.005865151515151515	18	30	0.9866147392663267
38200	1601298585653	47	9	0.0036644184898832043	0.005821212121212122	21	26	0.986619509787794
38300	1601298606274	56	8	0.0036580029610133245	0.005856397306397306	32	23	0.9866502714262214
38400	1601298627824	43	9	0.0036698470143115645	0.00583030303030303	20	22	0.9866223063003784
38500	1601298649097	55	8	0.003670669518012831	0.005825757575757575	19	35	0.9866295443329495
38600	1601298671138	56	9	0.0036321763447935518	0.0058373737373737375	24	32	0.9866609639743379
38700	1601298692903	55	12	0.0036481329165981248	0.005843602693602693	27	27	0.9866274058233262
38800	1601298713896	65	9	0.0036634314854416847	0.005836531986531986	19	16	0.9865499259746668
38900	1601298734318	48	9	0.003652738937325218	0.005823905723905724	22	25	0.9865966441848988
39000	1601298754427	55	9	0.003636782365520645	0.005831313131313131	25	30	0.986629215331469
39100	1601298774657	59	11	0.0036591544661950977	0.0058085858585858584	33	26	0.9866413883862477
39200	1601298795670	44	9	0.003673630531337391	0.00581060606060606	20	23	0.9865879256456654
39300	1601298816869	54	11	0.0036510939299226846	0.00583973063973064	28	26	0.9866787300542852
39400	1601298837250	43	11	0.003662773482480671	0.005820707070707071	20	23	0.9866216482974174
39500	1601298858048	45	10	0.0036484619180786313	0.005811784511784512	29	16	0.98664286889291
39600	1601298878719	46	9	0.0036538904425069915	0.00581969696969697	28	18	0.9865918736634315
39700	1601298899172	46	9	0.0036599769698963647	0.005809090909090909	20	25	0.9866185227833525
39800	1601298919939	48	10	0.0036795525579865107	0.005778619528619529	20	26	0.986563579536108
39900	1601298940969	53	17	0.003662115479519658	0.005785521885521885	26	26	0.9865879256456654
40000	1601298962136	43	9	0.0036675440039480177	0.005828787878787879	19	24	0.9866487909195591
40100	1601298983297	60	9	0.003665076492844218	0.005820370370370371	38	22	0.9865912156604705
40200	1601299004307	41	11	0.003657838460273071	0.005807407407407408	20	21	0.9866007567034052
40300	1601299026127	45	8	0.003676920546142458	0.0058594276094276095	28	17	0.9866116137522619
40400	1601299046663	48	27	0.003694028623128804	0.00582003367003367	31	16	0.9865497614739266
40500	1601299067186	51	8	0.003656686955091298	0.005837205387205387	19	32	0.9866035532159895
40600	1601299088090	42	23	0.0036841585787136043	0.0058222222222222226	23	19	0.9865632505346275
40700	1601299109499	53	9	0.003661128475078138	0.0058240740740740735	30	23	0.9866461589077151
40800	1601299130103	65	9	0.003656522454351045	0.0058175084175084175	41	24	0.986562921533147
40900	1601299151252	45	9	0.0036575094587925645	0.005800841750841751	25	19	0.986577233097549
41000	1601299171786	44	8	0.0036612929758183914	0.005796464646464646	18	26	0.9866920546142458
41100	1601299192624	65	9	0.0036545484454680046	0.005797138047138047	29	36	0.9866010857048857
41200	1601299213682	43	9	0.0036642539891429513	0.005797138047138047	23	20	0.9866795525579866
41300	1601299234070	39	9	0.003676098042441191	0.0057841750841750835	18	21	0.9865984536930417
41400	1601299255259	69	9	0.0036603059713768713	0.005827777777777777	37	32	0.9865816746175358
41500	1601299276567	71	10	0.003666063497285738	0.0058240740740740735	51	20	0.986614903767067
41600	1601299297253	44	8	0.0036843230794538578	0.0058089225589225595	20	23	0.9866260898174042
41700	1601299318093	46	9	0.0036550419476887646	0.005814646464646465	24	22	0.9866260898174042
41800	1601299341679	54	10	0.0036744530350386576	0.005811784511784512	31	23	0.9866313538410922
41900	1601299367370	54	10	0.003695015627570324	0.005820202020202021	28	26	0.986616219772989
42000	1601299394415	53	10	0.003694522125349564	0.0058132996632996635	30	23	0.986593518670834
42100	1601299421034	69	12	0.0036563579536107913	0.005827946127946128	27	40	0.9865790426056917
42200	1601299446169	46	11	0.0036816910676098044	0.005803367003367004	22	23	0.9866137522618852
42300	1601299469688	53	9	0.003653232439545978	0.005845791245791245	21	32	0.9866165487744695
42400	1601299493512	49	9	0.0036759335417009377	0.0058496632996633	20	28	0.9865573285079783
42500	1601299518018	50	10	0.0036693535120908044	0.005807575757575758	22	28	0.986533146899161
42600	1601299543134	44	9	0.0036445139003125513	0.005840235690235691	19	24	0.986631847343313
42700	1601299568369	244	16	0.003655370949169271	0.005842255892255893	58	186	0.9865535449909525
42800	1601299596051	56	9	0.0036759335417009377	0.005847306397306397	23	32	0.9866061852278335
42900	1601299623439	59	10	0.0036682020069090313	0.005803703703703703	22	36	0.986553873992433
43000	1601299650336	56	11	0.0036886000987004443	0.0058111111111111115	27	29	0.9866512584306629
43100	1601299676050	82	10	0.003682020069090311	0.005824242424242424	36	45	0.9866073367330153
43200	1601299701790	58	10	0.003675111037999671	0.005854040404040405	33	25	0.9865854581345616
43300	1601299727346	46	9	0.003681526566869551	0.005842929292929293	23	23	0.9866634314854417
43400	1601299749918	42	32	0.003684981082414871	0.0058572390572390574	19	23	0.9865711465701595
43500	1601299771303	56	12	0.003690080605362724	0.005847811447811447	37	19	0.9865678565553545
43600	1601299793406	75	9	0.003697318637933871	0.005844781144781146	35	39	0.98654548445468
43700	1601299816666	53	10	0.0036774140483632175	0.00583989898989899	24	29	0.9865553544990953
43800	1601299838855	83	11	0.0036708340187530846	0.0058395622895622895	54	28	0.9866204967922355
43900	1601299861358	49	12	0.003673466030597138	0.00582996632996633	24	24	0.9865647310412897
44000	1601299883075	57	10	0.003667215002467511	0.0058548821548821545	29	27	0.9865971376871195
44100	1601299906149	40	10	0.0036723145254153643	0.005836531986531986	20	19	0.9865757525908867
44200	1601299930363	56	22	0.0036976476394143774	0.005825925925925926	30	24	0.9865604540220431
44300	1601299953850	41	10	0.0036754400394801777	0.005836195286195287	20	21	0.9865797006086527
44400	1601299978381	71	12	0.0036668860009870046	0.005854713804713805	42	28	0.986579207106432
44500	1601300003685	65	11	0.0036811975653890444	0.005836195286195287	24	40	0.9865449909524593
44600	1601300030770	67	11	0.003692877117947031	0.005814646464646465	27	35	0.9865625925316663
44700	1601300055267	52	10	0.0036484619180786313	0.005831144781144782	31	20	0.9866288863299885
44800	1601300080597	54	10	0.003682020069090311	0.005845454545454546	25	27	0.9865657180457312
44900	1601300104796	53	10	0.0036956736305313372	0.005844781144781146	20	33	0.9866150682678072
45000	1601300130190	65	12	0.0036907386083237376	0.0058373737373737375	26	38	0.9866200032900148
45100	1601300155352	48	10	0.003689422602401711	0.005823737373737374	26	22	0.9865560125020563
45200	1601300188133	61	12	0.003691561112025004	0.005835521885521885	24	36	0.9865949991774963
45300	1601300213386	63	11	0.0036961671327520973	0.005845622895622895	23	40	0.9865719690738608
45400	1601300243810	54	11	0.003692383615726271	0.005825589225589225	23	30	0.986517519328837
45500	1601300274812	57	11	0.003691067609804244	0.005847474747474748	25	31	0.9865764105938477
45600	1601300302278	53	10	0.0036777430498437244	0.005859090909090908	26	26	0.986552557986511
45700	1601300327859	45	18	0.003684981082414871	0.005837205387205387	22	22	0.9866377693699622
45800	1601300353837	43	15	0.003685474584635631	0.005835858585858586	24	19	0.9866494489225202
45900	1601300379733	53	9	0.0037057081756867905	0.005819528619528619	27	26	0.9865020562592531
46000	1601300406966	52	10	0.003670669518012831	0.005857912457912458	32	20	0.986641552886988
46100	1601300433555	79	11	0.0036665569995064976	0.0058489898989899	31	48	0.9865862806382629
46200	1601300460901	54	18	0.003670669518012831	0.005845959595959596	23	31	0.9865127488073696
46300	1601300487094	46	12	0.0036833360750123376	0.0058353535353535355	21	24	0.9865213028458628
46400	1601300513330	46	11	0.0037091626912321104	0.005831986531986533	22	23	0.986620825793716
46500	1601300540970	59	10	0.0036813620661292974	0.005863804713804714	33	24	0.9866270768218457
46600	1601300567031	65	16	0.003665734495805231	0.005842592592592592	26	38	0.9865848001316005
46700	1601300594337	71	18	0.0036764270439216978	0.005845791245791245	32	28	0.9866316828425727
46800	1601300625545	58	11	0.0036909031090639906	0.005874579124579125	26	31	0.9866425398914295
46900	1601300663542	73	15	0.0037020891594012175	0.005847643097643097	38	34	0.986618193781872
47000	1601300699068	75	11	0.0036843230794538578	0.00587003367003367	35	39	0.986614903767067
47100	1601300722755	47	9	0.003693370620167791	0.0058771043771043766	23	23	0.9866446784010529
47200	1601300746021	49	10	0.003694522125349564	0.005853535353535354	23	26	0.9866170422766902
47300	1601300772114	69	10	0.0037032406645829906	0.005854713804713805	26	41	0.9865099522947853
47400	1601300799555	53	11	0.0037205132423095903	0.005864478114478115	24	29	0.9865189998354993
47500	1601300826139	58	11	0.0036932061194275374	0.005856734006734007	29	29	0.986551241980589
47600	1601300851730	95	13	0.0036869550912979106	0.00583030303030303	46	48	0.9866362888632999
47700	1601300877033	64	10	0.0037210067445303504	0.005839057239057238	25	39	0.9865380819213686
47800	1601300902635	52	10	0.003697318637933871	0.005810942760942761	26	25	0.9865917091626912
47900	1601300929035	59	21	0.003703569666063497	0.00583013468013468	30	28	0.9865316663924988
48000	1601300956541	60	10	0.0037062016779075505	0.005819528619528619	24	36	0.9865622635301858
48100	1601300981478	48	9	0.0037215002467511104	0.005824410774410775	22	25	0.9865737785820036
48200	1601301006256	64	10	0.0037165652245435103	0.005809259259259259	27	37	0.9866183582826122
48300	1601301031873	64	11	0.0037055436749465374	0.005825925925925926	41	23	0.9865451554531995
48400	1601301057157	55	10	0.0037020891594012175	0.005861447811447811	25	30	0.9865790426056917
48500	1601301082119	56	12	0.003713768711959204	0.005818686868686869	22	34	0.9865104457970061
48600	1601301107809	61	12	0.00373531830893239	0.005829797979797979	34	26	0.9865356144102648
48700	1601301134260	76	11	0.0036946866260898176	0.005832659932659932	39	36	0.9866124362559632
48800	1601301161571	50	20	0.0037045566705050173	0.005838552188552188	23	25	0.9865678565553545
48900	1601301187348	59	11	0.003714920217140977	0.005829797979797979	24	35	0.9866107912485607
49000	1601301211563	49	28	0.003705379174206284	0.005836700336700337	23	26	0.986539562428031
49100	1601301235164	45	11	0.003692383615726271	0.005802525252525253	22	23	0.986531172890278
49200	1601301260161	72	13	0.003698470143115644	0.005802693602693604	25	47	0.9865777265997697
49300	1601301285726	49	10	0.003717881230465537	0.005807575757575758	22	25	0.9865359434117453
49400	1601301310422	51	18	0.003699457147557164	0.00581026936026936	22	28	0.9865783846027307
49500	1601301337032	66	12	0.0037160717223227503	0.00586060606060606	24	40	0.9866282283270275
49600	1601301363163	58	11	0.0037060371771672975	0.005846969696969697	31	27	0.9865846356308603
49700	1601301388741	46	12	0.003715907221582497	0.00582003367003367	26	19	0.9865616055272248
49800	1601301414555	54	12	0.003713933212699457	0.005818518518518518	32	22	0.9865183418325383
49900	1601301439903	53	11	0.003710314196413884	0.005779292929292929	30	23	0.9866150682678072
50000	1601301464415	56	9	0.0037264352689587105	0.005824242424242424	26	29	0.9865926961671327
50100	1601301488797	45	12	0.0037091626912321104	0.005831649831649832	22	23	0.9865732850797828
50200	1601301512359	90	13	0.003699128146076657	0.005829292929292929	25	47	0.9865887481493667
50300	1601301535616	48	9	0.0036772495476229644	0.005834680134680135	23	25	0.9865520644842902
50400	1601301560780	89	10	0.003704721171245271	0.005842087542087542	61	27	0.986520151340681
50500	1601301588861	52	11	0.0036966606349728573	0.0058442760942760946	32	19	0.9865002467511104
50600	1601301614932	58	15	0.003709820694193124	0.005854545454545455	26	31	0.9865614410264846
50700	1601301638763	47	10	0.0037140977134397105	0.005851346801346801	22	23	0.9864819871689423
50800	1601301661956	50	10	0.0036941931238690575	0.005844107744107744	25	25	0.9865999341997039
50900	1601301685650	43	10	0.0037145912156604705	0.005831481481481482	24	19	0.9865777265997697
51000	1601301709531	59	10	0.0037187037341668036	0.0058240740740740735	23	36	0.9865468004606021
51100	1601301733316	42	9	0.0037037341668037507	0.005841245791245792	22	19	0.9866236223063004
51200	1601301756153	80	9	0.0037032406645829906	0.0058548821548821545	43	28	0.9866433623951307
51300	1601301778869	72	9	0.003713768711959204	0.005838888888888889	37	34	0.9865165323243955
51400	1601301801814	49	9	0.003718210231946044	0.005859090909090908	26	22	0.9865361079124856
51500	1601301826879	75	33	0.003694028623128804	0.005885858585858586	35	39	0.9866510939299227
51600	1601301852512	77	11	0.0037101496956736305	0.005885521885521885	30	46	0.9865543674946538
51700	1601301878519	56	11	0.003716729725283764	0.005865824915824916	24	32	0.9865334759006416
51800	1601301903086	53	10	0.003723309754893897	0.005844107744107744	24	28	0.9865984536930417
51900	1601301927241	49	16	0.0037080111860503372	0.005851178451178451	19	29	0.9865487744694851
52000	1601301955223	62	12	0.0037351538081921366	0.005857744107744108	28	33	0.9865463069583813
52100	1601301982876	69	11	0.003731205790426057	0.005852020202020202	44	24	0.9865599605198223
52200	1601302010908	49	10	0.0037221582497121235	0.00584006734006734	23	26	0.986577233097549
52300	1601302037732	73	10	0.003711465701595657	0.005858922558922559	46	27	0.9865165323243955
52400	1601302063936	59	12	0.0037279157756209902	0.005858249158249159	27	32	0.9865907221582497
52500	1601302090195	85	11	0.0037124527060371773	0.005863131313131313	39	46	0.9865106102977463
52600	1601302122187	93	11	0.003717223227504524	0.005873400673400673	64	28	0.9865900641552887
52700	1601302149570	59	11	0.003733673301529857	0.005895454545454545	25	29	0.986609146241158
52800	1601302179517	47	10	0.003719361737127817	0.005823905723905724	22	24	0.9865859516367823
52900	1601302206149	58	11	0.0037196907386083237	0.005842087542087542	25	33	0.986527882875473
53000	1601302233137	86	14	0.003702418160881724	0.005858249158249159	57	29	0.9866047047211712
53100	1601302257842	54	13	0.003690080605362724	0.005842592592592592	21	32	0.9865841421286395
53200	1601302284078	52	14	0.0036971541371936174	0.0058616161616161615	24	27	0.9865492679717058
53300	1601302310578	57	12	0.00373137029116631	0.0058749158249158245	22	33	0.9865821681197565
53400	1601302337390	42	10	0.003719855239348577	0.0058616161616161615	21	21	0.9865453199539398
53500	1601302361384	57	9	0.003717387728244777	0.00586060606060606	24	33	0.9865283763776937
53600	1601302391470	61	10	0.003718868234907057	0.005874747474747475	29	30	0.9865801941108735
53700	1601302421753	67	20	0.003716729725283764	0.005822895622895623	28	38	0.9865323243954598
53800	1601302450825	68	10	0.0037136042112189504	0.005855050505050505	25	42	0.986518835334759
53900	1601302479941	78	10	0.003721664747491364	0.005858754208754209	29	39	0.9865833196249383
54000	1601302507309	105	12	0.003734166803750617	0.0058730639730639736	42	62	0.9865719690738608
54100	1601302533616	50	13	0.0037185392334265505	0.005863299663299664	23	27	0.9865734495805231
54200	1601302558559	53	11	0.003720842243790097	0.0058971380471380475	27	26	0.986606514229314
54300	1601302586619	61	10	0.0037300542852442835	0.005913973063973063	28	31	0.9864966277348248
54400	1601302612373	47	10	0.00375653890442507	0.005885858585858586	25	21	0.986559138016121
54500	1601302638493	44	10	0.00373087678894555	0.005890740740740741	22	20	0.9865969731863793
54600	1601302664150	49	17	0.0037038986675440038	0.00590959595959596	24	24	0.9866042112189505
54700	1601302689261	55	11	0.0037320282941273237	0.005873569023569024	28	27	0.986591544661951
54800	1601302716329	82	9	0.0037265997696989636	0.005856565656565656	42	38	0.9865142293140319
54900	1601302743223	54	12	0.0037524263859187367	0.005856397306397306	25	29	0.9866387563744037
55000	1601302768812	43	17	0.0037359763118934037	0.0058860269360269364	22	21	0.9866241158085212
55100	1601302794485	54	11	0.0037354828096726436	0.005856902356902356	26	27	0.9865866096397434
55200	1601302819536	66	10	0.003726270768218457	0.005859259259259259	28	37	0.9865504194768876
55300	1601302844829	57	10	0.0037150847178812306	0.00588063973063973	29	27	0.9865982891923014
55400	1601302871685	51	10	0.0037236387563744037	0.0058727272727272725	23	27	0.9866726435268959
55500	1601302899703	52	10	0.0037285737785820038	0.005876262626262626	31	20	0.9865265668695509
55600	1601302923834	62	10	0.0037361408126336568	0.005876430976430976	25	37	0.9865601250205626
55700	1601302948513	48	36	0.0037359763118934037	0.005858249158249159	24	23	0.9866376048692219
55800	1601302972918	70	11	0.0037407468333607503	0.005864141414141414	42	28	0.9866445139003126
55900	1601302996210	51	10	0.0037131107089981904	0.005871380471380471	23	28	0.9865453199539398
56000	1601303022196	61	11	0.003714920217140977	0.005896801346801347	26	33	0.9865875966441849
56100	1601303049170	56	19	0.0037333443000493504	0.00589040404040404	24	31	0.9865306793880573
56200	1601303074076	58	11	0.0037254482645171904	0.005891414141414141	32	26	0.9865683500575753
56300	1601303100523	44	10	0.003724790261556177	0.005909932659932659	20	24	0.986557822010199
56400	1601303125211	63	9	0.0037078466853100837	0.005911111111111112	23	38	0.9865568350057575
56500	1601303148655	62	53	0.003759170916269123	0.005886700336700337	25	37	0.9865096232933048
56600	1601303172641	46	10	0.0037340023030103635	0.005891245791245791	25	21	0.9865111037999671
56700	1601303198758	50	11	0.003737621319295937	0.005931481481481481	23	26	0.9865010692548116
56800	1601303224997	51	10	0.0037414048363217634	0.005927272727272727	24	27	0.9865319953939793
56900	1601303248726	46	9	0.003706530679388057	0.0059432659932659926	22	24	0.9865474584635631
57000	1601303272709	55	17	0.0037474913637111367	0.005910774410774411	22	32	0.9864443164994242
57100	1601303303176	80	11	0.003746010857048857	0.005914983164983165	26	52	0.9865624280309261
57200	1601303329735	71	23	0.0037488073696331633	0.005873737373737374	25	46	0.9865053462740583
57300	1601303355942	50	11	0.00374864286889291	0.005900336700336701	22	28	0.9865099522947853
57400	1601303381035	60	10	0.003745023852607337	0.005876262626262626	20	40	0.9865918736634315
57500	1601303406257	60	10	0.003724625760815924	0.005892929292929293	22	38	0.9865438394472775
57600	1601303432757	64	10	0.00373581181115315	0.005900841750841751	31	33	0.9864958052311236
57700	1601303459715	64	9	0.0037463398585293635	0.00589040404040404	23	40	0.9865958216811975
57800	1601303494424	58	12	0.0037465043592696166	0.0058860269360269364	28	29	0.9865762460931075
57900	1601303526099	69	10	0.00375801941108735	0.005894444444444444	42	26	0.986531830893239
58000	1601303559044	63	11	0.0037448593518670833	0.005909764309764309	26	37	0.986551241980589
58100	1601303590343	72	13	0.0037140977134397105	0.005917340067340068	25	47	0.9865259088665899
58200	1601303619248	56	17	0.003724296759335417	0.0059255892255892255	22	33	0.9865879256456654
58300	1601303646863	50	10	0.0037293962822832704	0.005903198653198652	23	26	0.9865507484783681
58400	1601303677611	52	10	0.0037071886823490706	0.005885185185185185	21	30	0.9866180292811317
58500	1601303707377	55	16	0.00376246093107419	0.005857744107744108	22	29	0.9865553544990953
58600	1601303737723	55	10	0.0037379503207764435	0.005891077441077442	26	29	0.9864637275867741
58700	1601303774310	49	17	0.0037356473104128967	0.005915151515151516	23	24	0.9866371113670012
58800	1601303805340	53	21	0.00373531830893239	0.005915151515151516	22	31	0.9865815101167955
58900	1601303835479	57	11	0.0037394308274387236	0.005936868686868687	26	30	0.9865755880901464
59000	1601303864249	54	12	0.0037359763118934037	0.0059057239057239055	25	28	0.9865270603717716
59100	1601303890884	50	10	0.0037279157756209902	0.005894444444444444	22	28	0.9865793716071722
59200	1601303916550	39	25	0.0037399243296594837	0.005883838383838384	20	19	0.9865374239184076
59300	1601303940159	47	10	0.0037578549103470965	0.005884511784511785	22	25	0.9864837966770851
59400	1601303964819	71	10	0.003756867905905577	0.0058703703703703695	27	33	0.9864811646652409
59500	1601303989917	43	9	0.003732686297088337	0.005858585858585858	21	21	0.9865780556012502
59600	1601304013479	70	20	0.003728738279322257	0.005888720538720539	39	30	0.9866053627241322
59700	1601304037430	63	10	0.0037076821845698307	0.005901683501683502	23	40	0.9865938476723145
59800	1601304061615	51	15	0.0037229807534133906	0.005909259259259259	21	29	0.9865576575094588
59900	1601304085581	65	10	0.003737127817075177	0.005905892255892256	42	23	0.9865148873169929
60000	1601304109474	52	9	0.00374272084224379	0.005948484848484849	24	28	0.9865946701760158
60100	1601304133036	51	10	0.00374124033558151	0.005938552188552188	28	22	0.9865829906234578
60200	1601304156615	56	12	0.0037354828096726436	0.0059235690235690235	25	30	0.986557822010199
60300	1601304180269	57	9	0.0037323572956078303	0.005909932659932659	35	22	0.9866803750616878
60400	1601304204214	67	10	0.00373827932225695	0.005902356902356903	29	37	0.9865306793880573
60500	1601304228287	49	12	0.0037372923178154304	0.0058971380471380475	22	27	0.9865716400723803
60600	1601304252629	71	13	0.003741569337062017	0.0058969696969696965	28	43	0.9865795361079125
60700	1601304276298	45	13	0.003736634314854417	0.005892592592592593	21	23	0.986568185556835
60800	1601304299095	61	9	0.0037616384273729234	0.005868013468013468	24	36	0.9865086362888633
60900	1601304322495	57	24	0.0037519328836979767	0.005906228956228956	26	31	0.9865384109228491
61000	1601304346165	52	11	0.003727257772659977	0.005862626262626262	23	29	0.986520151340681
61100	1601304367989	44	11	0.0037282447771014968	0.005879629629629629	26	18	0.9864994242474091
61200	1601304390492	40	9	0.0037657509458792564	0.005909259259259259	21	19	0.9865469649613423
61300	1601304414031	55	9	0.00374568185556835	0.005906902356902358	30	24	0.9865698305642375
61400	1601304439101	52	10	0.00373482480671163	0.00591986531986532	29	23	0.9865479519657838
61500	1601304466550	53	9	0.003766573449580523	0.005913468013468013	25	27	0.9865698305642375
61600	1601304489478	64	12	0.00373975982891923	0.005901010101010101	29	35	0.9864754071393321
61700	1601304510027	63	9	0.003738114821516697	0.005907239057239057	21	40	0.986593518670834
61800	1601304531235	45	9	0.00374222734002303	0.005903198653198652	22	23	0.9865224543510446
61900	1601304553364	61	9	0.00375801941108735	0.0059277777777777775	27	34	0.9866144102648462
62000	1601304574868	59	9	0.003723309754893897	0.005966498316498317	24	35	0.9864938312222405
62100	1601304596227	53	12	0.0037440368481658167	0.0059521885521885524	28	24	0.9865423589406153
62200	1601304618231	45	9	0.0037703569666063495	0.00595050505050505	22	23	0.9864974502385261
62300	1601304639829	58	9	0.003769040960684323	0.005925084175084175	39	19	0.9865209738443823
62400	1601304661323	52	9	0.003740582332620497	0.005926767676767676	22	30	0.9865884191478862
62500	1601304682678	44	9	0.0037553873992432966	0.005935185185185186	23	21	0.9864933377200198
62600	1601304705224	63	9	0.00376246093107419	0.005936363636363636	34	28	0.9865328178976805
62700	1601304726751	44	9	0.0037384438229972035	0.005908754208754209	24	20	0.9865535449909525
62800	1601304747525	36	9	0.003745517354828097	0.005914814814814815	19	17	0.98656489554203
62900	1601304767952	57	19	0.0037458463563086034	0.005895454545454545	31	25	0.9865221253495641
63000	1601304789077	49	13	0.00374173383780227	0.005893939393939393	22	26	0.9865456489554203
63100	1601304810228	50	9	0.00375752590886659	0.00592053872053872	22	28	0.986594176673795
63200	1601304830958	43	9	0.00374173383780227	0.005928282828282828	21	21	0.9865339694028623
63300	1601304852335	53	9	0.0037629544332949496	0.005929461279461279	23	29	0.9864939957229808
63400	1601304874140	45	9	0.003748971870373417	0.005946632996632997	19	25	0.98655189998355
63500	1601304895612	41	10	0.0037522618851784833	0.00593989898989899	19	21	0.9865880901464057
63600	1601304916936	83	11	0.003749465372594177	0.005907407407407408	59	20	0.9865272248725119
63700	1601304938702	43	9	0.0037275867741404837	0.005917340067340068	23	19	0.9866487909195591
63800	1601304961600	55	9	0.0037330152985688434	0.005902525252525253	35	19	0.9865492679717058
63900	1601304983940	37	16	0.0037418983385425235	0.005914141414141414	19	18	0.9865834841256785
64000	1601305004518	54	8	0.0037558809014640567	0.005922390572390573	28	25	0.9865468004606021
64100	1601305024863	53	9	0.0037465043592696166	0.005914141414141414	30	23	0.9866037177167297
64200	1601305046535	47	9	0.0037509458792564566	0.0059080808080808084	26	20	0.9865747655864452
64300	1601305067805	71	9	0.0037504523770356965	0.005919191919191919	42	28	0.9865833196249383
64400	1601305088957	41	10	0.0037618029281131764	0.005918686868686868	23	18	0.9865426879420958
64500	1601305111005	51	10	0.00375505839776279	0.005955892255892256	22	29	0.9864923507155782
64600	1601305132625	48	8	0.003758677414048363	0.005929461279461279	30	18	0.9865185063332785
64700	1601305153298	46	9	0.003785820036190163	0.005884680134680134	24	22	0.9865134068103306
64800	1601305174216	42	11	0.0037539068925810165	0.005894444444444444	19	23	0.9865510774798487
64900	1601305194869	47	9	0.003769534462905083	0.005916666666666667	28	19	0.9864890607007731
65000	1601305216374	53	10	0.003746010857048857	0.005907744107744107	27	26	0.9865696660634973
65100	1601305237725	43	9	0.0037435433459450567	0.005904040404040404	21	22	0.9865880901464057
65200	1601305258400	49	17	0.00374666886000987	0.00591043771043771	30	18	0.986546142457641
65300	1601305279168	43	8	0.00375308438887975	0.00592053872053872	24	18	0.9865499259746668
65400	1601305300438	45	23	0.003777430498437243	0.005906397306397307	20	24	0.9864966277348248
65500	1601305322145	42	9	0.00373926632669847	0.005909427609427609	21	21	0.986602566211548
65600	1601305343235	57	8	0.003751274880736963	0.005898316498316499	33	24	0.9864918572133574
65700	1601305363404	36	9	0.003731205790426057	0.005906397306397307	20	16	0.9865884191478862
65800	1601305384726	63	15	0.003762625431814443	0.005885690235690235	25	38	0.9865384109228491
65900	1601305406285	76	10	0.003747820365191643	0.005884343434343435	22	30	0.9865732850797828
66000	1601305427154	50	10	0.0037752919888139496	0.005853198653198654	26	24	0.9864780391511762
66100	1601305448550	42	9	0.00376196742885343	0.005891750841750842	20	22	0.9865115973021878
66200	1601305470607	48	9	0.003758677414048363	0.005887373737373737	30	17	0.9864739266326699
66300	1601305491846	46	9	0.0037935515709820694	0.005890572390572391	20	25	0.9864658660963974
66400	1601305513132	38	9	0.00375407139332127	0.0058840067340067345	21	16	0.9865741075834841
66500	1601305534402	64	8	0.0037440368481658167	0.005888720538720539	27	37	0.9865458134561605
66600	1601305554937	57	8	0.0037440368481658167	0.005887710437710437	32	24	0.9865472939628228
66700	1601305576167	48	9	0.003777430498437243	0.00588956228956229	22	26	0.9865260733673301
66800	1601305597939	48	13	0.00373186379338707	0.005891919191919191	19	29	0.9865316663924988
66900	1601305619049	49	9	0.003767066951801283	0.005887878787878787	20	29	0.9864925152163184
67000	1601305639625	43	9	0.0037604869221911498	0.005907744107744107	20	23	0.986505839776279
67100	1601305661348	67	9	0.0037771014969567363	0.005918013468013468	45	22	0.9864737621319296
67200	1601305682984	71	9	0.0037548938970225366	0.00588114478114478	53	18	0.9865366014147063
67300	1601305703277	49	8	0.0037785820036190165	0.005896296296296296	20	28	0.9864443164994242
67400	1601305724396	47	19	0.00376640894884027	0.005904545454545455	24	23	0.9864285244283599
67500	1601305745072	56	16	0.0037442013489060702	0.005922390572390573	22	28	0.9866267478203652
67600	1601305766411	50	9	0.0037573614081263364	0.005914646464646465	22	28	0.9865482809672643
67700	1601305787792	39	9	0.0037560454022043097	0.005918686868686868	20	19	0.9865267313702911
67800	1601305808841	52	13	0.0037647639414377363	0.005898653198653198	22	30	0.9865262378680704
67900	1601305829601	35	8	0.0037285737785820038	0.005882323232323233	19	16	0.9865351209080441
68000	1601305850240	48	9	0.0037673959532817896	0.005904208754208754	20	28	0.9865134068103306
68100	1601305886737	40	9	0.0037873005428524426	0.005918518518518518	20	19	0.9864709656193453
68200	1601305911466	50	10	0.0037642704392169763	0.005911279461279461	25	24	0.9866145747655864
68300	1601305934650	60	10	0.0037882875472939627	0.005931818181818181	37	23	0.986531172890278
68400	1601305958477	53	11	0.0037573614081263364	0.005941582491582492	21	32	0.9865731205790426
68500	1601305993110	64	10	0.0037593354170093766	0.005880808080808081	32	31	0.9865443329494983
68600	1601306020437	42	10	0.003768053956242803	0.0058971380471380475	22	20	0.9865028787629544
68700	1601306045499	50	11	0.0037927290672808028	0.005909764309764309	24	26	0.9864446455009047
68800	1601306072628	199	11	0.0037726599769698963	0.005926599326599327	39	26	0.986595492679717
68900	1601306102241	51	9	0.003782859022865603	0.005935353535353536	23	27	0.9865099522947853
69000	1601306126496	43	10	0.00375160388221747	0.005910606060606061	21	21	0.9865611120250041
69100	1601306151871	61	16	0.0037425563415035366	0.00590016835016835	24	37	0.9865423589406153
69200	1601306176761	58	9	0.003759664418489883	0.005922895622895623	23	35	0.9865166968251358
69300	1601306201388	52	11	0.0037792400065800296	0.005915993265993266	26	26	0.9864936667215003
69400	1601306227400	63	11	0.0037404178318802433	0.005941245791245791	28	34	0.9865517354828097
69500	1601306251536	47	9	0.0037721664747491362	0.005909259259259259	24	23	0.9865658825464715
69600	1601306277457	47	10	0.00374913637111367	0.00591936026936027	22	25	0.9865841421286395
69700	1601306304541	55	10	0.00376492844217799	0.005907912457912458	24	30	0.9865826616219773
69800	1601306329967	63	18	0.003776936996216483	0.005932154882154882	33	30	0.9865224543510446
69900	1601306357478	45	10	0.003766079947359763	0.005910774410774411	22	23	0.9865260733673301
70000	1601306382744	55	10	0.00375259088665899	0.00591986531986532	23	31	0.9865579865109393
70100	1601306408628	59	10	0.0037956900806053627	0.005946801346801346	27	32	0.9865153808192136
70200	1601306436088	54	13	0.0037632834347754566	0.005935353535353536	25	29	0.9865183418325383
70300	1601306462137	52	12	0.00377282447771015	0.005946801346801346	24	28	0.9865089652903438
70400	1601306487753	61	32	0.003765586445139003	0.005971548821548821	23	37	0.9864908702089159
70500	1601306513478	47	11	0.003782859022865603	0.005955892255892256	25	22	0.9865354499095246
70600	1601306539091	50	13	0.0037718374732686297	0.0059567340067340074	24	25	0.986578549103471
70700	1601306564088	62	10	0.003796841585787136	0.005935521885521885	34	28	0.9865334759006416
70800	1601306590011	56	29	0.003781378516203323	0.00593097643097643	24	32	0.9865127488073696
70900	1601306618123	56	11	0.003767560454022043	0.005923905723905725	23	32	0.986557822010199
71000	1601306644459	59	10	0.0037743049843724295	0.005912457912457912	34	24	0.9865616055272248
71100	1601306671181	55	12	0.003784010528047376	0.005916329966329966	23	32	0.9865255798651094
71200	1601306696732	53	10	0.0037519328836979767	0.005900336700336701	24	29	0.9865147228162526
71300	1601306721731	55	17	0.00376147392663267	0.005901010101010101	29	26	0.9865390689258101
71400	1601306746964	51	11	0.0037532488896200034	0.005908922558922558	29	22	0.9865645665405495
71500	1601306772163	80	9	0.003775620990294456	0.005904208754208754	20	59	0.9865976311893404
71600	1601306797068	53	31	0.0037981575917091625	0.00590959595959596	23	28	0.9865898996545485
71700	1601306822602	51	11	0.003794867576904096	0.005889730639730639	28	22	0.9864908702089159
71800	1601306847204	54	12	0.0037687119592038163	0.005898148148148147	27	26	0.9864900477052146
71900	1601306872099	63	10	0.0037803915117618028	0.005927104377104377	23	40	0.9864816581674618
72000	1601306896951	54	10	0.0037917420628392827	0.005922727272727272	25	29	0.9865604540220431
72100	1601306921096	49	11	0.0037876295443329496	0.005922895622895623	29	20	0.9864754071393321
72200	1601306946850	50	11	0.0037886165487744693	0.005919191919191919	25	24	0.9865352854087843
72300	1601306972567	46	9	0.0037861490376706695	0.005912457912457912	24	21	0.9865106102977463
72400	1601306997532	54	9	0.003789274551735483	0.005905892255892256	23	28	0.9865224543510446
72500	1601307022750	49	34	0.0037713439710478696	0.005916498316498316	21	27	0.9865403849317322
72600	1601307047827	43	10	0.00376591544661951	0.005896632996632997	22	20	0.9865417009376543
72700	1601307073733	55	16	0.003783517025826616	0.005901851851851853	31	24	0.9864961342326041
72800	1601307099539	57	11	0.0037771014969567363	0.005920875420875421	25	31	0.9865007402533311
72900	1601307123971	45	11	0.0037805560125020563	0.005928787878787879	21	23	0.986553873992433
73000	1601307148521	70	10	0.0037831880243461096	0.005902525252525253	30	40	0.9865094587925646
73100	1601307173543	69	10	0.00376542194439875	0.005911616161616162	37	32	0.9865163678236553
73200	1601307199322	56	12	0.003771508471788123	0.005936531986531986	24	32	0.9864790261556177
73300	1601307225103	53	10	0.00377282447771015	0.005923063973063973	24	28	0.9864857706859681
73400	1601307249296	69	11	0.0037970060865273893	0.005912457912457912	42	22	0.9864949827274223
73500	1601307273728	50	10	0.003736634314854417	0.005944612794612795	25	25	0.9864387234742557
73600	1601307299789	63	9	0.003778417502878763	0.005932828282828283	36	26	0.9864951472281626
73700	1601307325528	48	11	0.003780885013982563	0.005921885521885523	22	26	0.9864801776607994
73800	1601307351330	56	11	0.0037622964303339365	0.005931313131313131	30	26	0.9865249218621484
73900	1601307378067	56	11	0.003767560454022043	0.005932659932659933	27	29	0.9864818226682021
74000	1601307404314	54	15	0.003769534462905083	0.005937037037037037	20	33	0.9865833196249383
74100	1601307430016	74	10	0.003756867905905577	0.005925084175084175	42	32	0.9865002467511104
74200	1601307455409	68	12	0.003758183911827603	0.005918013468013468	28	39	0.9865153808192136
74300	1601307481990	64	12	0.0037780885013982564	0.005935858585858586	26	37	0.9865385754235894
74400	1601307505881	74	9	0.003782365520644843	0.005932154882154882	28	46	0.9865816746175358
74500	1601307531394	64	10	0.00377726599769699	0.005905050505050505	28	35	0.9865489389702253
74600	1601307560010	77	10	0.00375752590886659	0.0059011784511784505	25	50	0.98650649777924
74700	1601307591176	91	11	0.0037846685310083897	0.005900336700336701	62	29	0.9865514064813292
74800	1601307620239	46	16	0.0037841750287876297	0.005911616161616162	22	23	0.9864967922355651
74900	1601307651232	74	10	0.003787465043592696	0.0059299663299663295	32	28	0.9865438394472775
75000	1601307679928	117	21	0.0037955255798651096	0.0059038720538720545	63	44	0.9865392334265504
75100	1601307718226	52	10	0.0037537423918407634	0.005916666666666667	24	26	0.9865397269287712
75200	1601307748304	78	11	0.0037453528540878434	0.005899663299663299	28	48	0.9865576575094588
75300	1601307777431	61	10	0.0037945385754235895	0.005887037037037037	31	28	0.9863392005264023
75400	1601307810867	59	12	0.0037673959532817896	0.005932996632996633	27	31	0.9864579700608652
75500	1601307852189	53	10	0.003778911005099523	0.005906734006734007	23	30	0.9865124198058891
75600	1601307878857	48	23	0.0037798980095410427	0.005923737373737374	24	24	0.9864856061852278
75700	1601307908935	61	10	0.003793387070241816	0.005938720538720539	24	33	0.9864346109557492
75800	1601307939018	80	11	0.0037682184569830563	0.005909932659932659	30	49	0.9865446619509788
75900	1601307971001	59	20	0.003772988978450403	0.005917676767676768	30	27	0.9864772166474749
76000	1601308001568	50	10	0.0037838460273071227	0.0059259259259259265	22	28	0.9865484454680046
76100	1601308030948	66	9	0.003767560454022043	0.0058771043771043766	24	41	0.9865035367659154
76200	1601308059959	80	18	0.0037692054614245764	0.005891077441077442	29	50	0.9864798486593189
76300	1601308088928	50	10	0.003780885013982563	0.005903198653198652	23	26	0.9865969731863793
76400	1601308114845	55	13	0.0038083566376048692	0.005884175084175084	25	30	0.9864865931896694
76500	1601308140830	63	13	0.003785326533969403	0.00590959595959596	28	34	0.9865122553051489
76600	1601308168386	53	10	0.00376936996216483	0.00590016835016835	20	32	0.9865472939628228
76700	1601308194212	66	11	0.0037849975324888963	0.005884680134680134	36	29	0.9865456489554203
76800	1601308220645	48	10	0.0037603224214508967	0.005909090909090909	23	25	0.9866030597137687
76900	1601308245446	47	10	0.0037721664747491362	0.0058528619528619525	22	25	0.9865150518177331
77000	1601308271925	53	12	0.00376591544661951	0.005863804713804714	28	24	0.9864721171245271
77100	1601308300985	80	10	0.003764105938476723	0.005883501683501683	30	48	0.9865489389702253
77200	1601308362479	66	12	0.0037606514229314033	0.005897979797979798	33	30	0.9865346274058233
77300	1601308417112	56	10	0.0037782530021385095	0.0058769360269360265	26	27	0.9865170258266163
77400	1601308462869	534	10	0.0037522618851784833	0.005892929292929293	25	31	0.9865505839776278
77500	1601308500814	105	14	0.003775949991774963	0.005847811447811447	49	55	0.9865028787629544
77600	1601308528421	52	11	0.0037650929429182433	0.005885858585858586	23	28	0.986553215989472
77700	1601308553248	58	10	0.003765586445139003	0.005909764309764309	31	27	0.9865746010857049
77800	1601308579825	52	11	0.0037724954762296432	0.005922222222222222	20	32	0.9865793716071722
77900	1601308606292	60	10	0.0037766079947359763	0.005908417508417508	32	27	0.9865185063332785
78000	1601308633529	87	11	0.0037645994406974833	0.005929124579124579	54	33	0.9865384109228491
78100	1601308658422	51	19	0.00376640894884027	0.0059255892255892255	25	26	0.986528540878434
78200	1601308684538	66	14	0.0037767724954762298	0.0059392255892255896	28	37	0.9865268958710314
78300	1601308711732	74	10	0.0037629544332949496	0.005938215488215489	24	26	0.986539562428031
78400	1601308738808	280	10	0.00376098042441191	0.005946801346801346	44	28	0.9865362724132258
78500	1601308764388	44	11	0.003764105938476723	0.0059301346801346804	20	24	0.9865178483303175
78600	1601308790672	58	10	0.003793716071722323	0.005932828282828283	29	29	0.9865002467511104
78700	1601308819336	84	10	0.0037724954762296432	0.00591936026936027	51	32	0.9865130778088501
78800	1601308845017	62	10	0.0037752919888139496	0.005941245791245791	37	24	0.9864762296430334
78900	1601308869899	80	10	0.003782859022865603	0.005898821548821549	34	36	0.9865265668695509
79000	1601308897332	51	9	0.00375456489554203	0.005914983164983165	31	19	0.9865347919065636
79100	1601308922360	57	15	0.003769040960684323	0.005912289562289562	22	34	0.9865334759006416
79200	1601308947286	45	12	0.0037803915117618028	0.005938047138047138	22	22	0.9865430169435763
79300	1601308971705	52	18	0.003774469485112683	0.005947474747474748	29	23	0.9864959697318638
79400	1601308995907	64	9	0.0037514393814772166	0.005922895622895623	23	40	0.9865917091626912
79500	1601309024596	66	13	0.003775456489554203	0.005986868686868686	29	36	0.9864831386741241
79600	1601309051041	53	19	0.0037856555354499094	0.005953367003367003	25	28	0.9864739266326699
79700	1601309077136	48	18	0.0037687119592038163	0.00594057239057239	21	27	0.9865063332784998
79800	1601309104549	52	9	0.0037797335088007897	0.0059498316498316495	26	25	0.9864990952459286
79900	1601309128792	51	12	0.0037996380983714426	0.005929124579124579	25	26	0.9864724461260076
80000	1601309154709	73	10	0.0038009541042934693	0.005917003367003367	46	27	0.9865589735153808
80100	1601309183472	52	13	0.003796841585787136	0.005920875420875421	23	28	0.9865055107747985
80200	1601309207234	56	9	0.003772001974008883	0.005911952861952861	25	30	0.9865540384931732
80300	1601309230539	55	14	0.003770027965125843	0.005933838383838384	22	30	0.9865267313702911
80400	1601309255997	56	10	0.003785326533969403	0.005929797979797979	23	32	0.9864364204638921
80500	1601309280640	69	10	0.0037831880243461096	0.005922558922558922	29	40	0.9865254153643691
80600	1601309306139	46	10	0.0037721664747491362	0.005964141414141414	22	24	0.9865749300871854
80700	1601309330443	53	10	0.003786807040631683	0.0059565656565656565	21	31	0.9865221253495641
80800	1601309356752	77	13	0.00376640894884027	0.005932659932659933	42	34	0.9865240993584471
80900	1601309384666	49	10	0.0038001316005922027	0.005944107744107744	23	26	0.9865183418325383
81000	1601309410121	179	16	0.003789768053956243	0.00592053872053872	28	35	0.9864964632340846
81100	1601309436268	47	10	0.003797664089488403	0.005934343434343434	20	26	0.9864392169764764
81200	1601309486162	71	12	0.0038085211383451227	0.005929461279461279	36	33	0.9864576410593847
81300	1601309520870	52	10	0.003763118934035203	0.005923063973063973	21	31	0.9864819871689423
81400	1601309560476	70	11	0.0037766079947359763	0.005947474747474748	35	34	0.9864813291659813
81500	1601309606912	55	11	0.003730712288205297	0.005928451178451179	23	31	0.9865379174206284
81600	1601309653042	57	11	0.003782859022865603	0.005937710437710438	26	30	0.9865028787629544
81700	1601309690527	50	10	0.0037807205132423098	0.005904040404040404	21	29	0.986529198881395
81800	1601309732139	58	10	0.0037996380983714426	0.005912962962962963	26	31	0.9865412074354335
81900	1601309770501	60	11	0.003773482480671163	0.00594006734006734	28	32	0.98656489554203
82000	1601309810286	57	11	0.0038144431649942425	0.005913973063973063	24	31	0.9865579865109393
82100	1601309850174	59	11	0.0037924000658002962	0.0059255892255892255	22	36	0.9864696496134232
82200	1601309887005	65	14	0.0037894390524757363	0.005938720538720539	35	28	0.9865262378680704
82300	1601309927963	54	10	0.0038009541042934693	0.005909932659932659	22	31	0.9864865931896694
82400	1601309968791	49	9	0.003812304655370949	0.005926936026936027	21	26	0.9864992597466689
82500	1601310002269	58	10	0.003794374074683336	0.005956902356902357	29	28	0.9864888962000329
82600	1601310033862	63	12	0.003799967099851949	0.00596952861952862	24	38	0.9864735976311894
82700	1601310067072	60	13	0.0037871360421121896	0.0059345117845117845	28	31	0.986555189998355
82800	1601310101106	71	9	0.003805231123540056	0.005937373737373738	31	31	0.986565553544991
82900	1601310130839	93	9	0.0037826945221253495	0.005941750841750841	23	69	0.9865625925316663
83000	1601310161015	56	10	0.0037826945221253495	0.005921885521885523	27	28	0.9864722816252673
83100	1601310191631	61	11	0.0037803915117618028	0.005924074074074074	32	28	0.9865438394472775
83200	1601310218702	60	10	0.003793880572462576	0.005926430976430977	22	38	0.986543510445797
83300	1601310246542	70	11	0.003793880572462576	0.005941582491582492	37	32	0.9865588090146405
83400	1601310272991	76	11	0.003786478039151176	0.005937205387205388	24	34	0.9865574930087185
83500	1601310299757	63	13	0.003790426056917256	0.005911784511784512	28	32	0.9866005922026649
83600	1601310326681	56	12	0.003805231123540056	0.0059523569023569025	29	26	0.9865446619509788
83700	1601310359667	54	10	0.003796348083566376	0.005907239057239057	25	28	0.9865385754235894
83800	1601310395155	65	9	0.003797170587267643	0.005890909090909091	27	36	0.9865604540220431
83900	1601310432132	64	11	0.0037780885013982564	0.005906734006734007	25	39	0.9865158743214344
84000	1601310474992	56	11	0.003797664089488403	0.005915824915824916	25	30	0.9865389044250699
84100	1601310514319	72	10	0.0038075341339036026	0.005924242424242424	40	30	0.9865237703569666
84200	1601310563882	76	12	0.0038045731205790427	0.005902356902356903	27	48	0.9864948182266821
84300	1601310605200	55	10	0.0037930580687613093	0.005924747474747474	28	27	0.9864760651422931
84400	1601310644903	56	11	0.003797664089488403	0.005921717171717171	26	30	0.9865390689258101
84500	1601310684328	63	12	0.003800789603553216	0.005923905723905725	28	34	0.9865319953939793
84600	1601310721832	48	10	0.0037896035532159894	0.00593989898989899	21	27	0.986579865109393
84700	1601310760561	54	10	0.0037928935680210563	0.00592053872053872	26	27	0.9865492679717058
84800	1601310797399	62	9	0.0037925645665405493	0.005967340067340067	23	38	0.9865204803421616
84900	1601310835331	53	10	0.0038249712123704558	0.005918518518518518	22	31	0.9863918407632835
85000	1601310873672	69	18	0.0038090146405658823	0.005928282828282828	23	43	0.9864517190327357
85100	1601310904000	53	10	0.0038195426879420956	0.00596010101010101	24	27	0.986507155782201
85200	1601310933078	82	13	0.0038060536272413225	0.005927609427609427	51	30	0.9864785326533969
85300	1601310958904	79	18	0.0037956900806053627	0.005956397306397306	48	29	0.9864767231452541
85400	1601310985680	46	10	0.003815759170916269	0.005916329966329966	22	24	0.9865423589406153
85500	1601311012498	59	10	0.003798322092449416	0.0059277777777777775	26	32	0.9864709656193453
85600	1601311038906	53	22	0.0038358282612271756	0.005929797979797979	28	24	0.9865155453199539
85700	1601311069339	67	10	0.0037876295443329496	0.005935858585858586	23	43	0.9865037012666557
85800	1601311099110	64	11	0.003803421615397269	0.005909764309764309	31	32	0.9864888962000329
85900	1601311128558	67	9	0.0037989800954104295	0.005921548821548822	36	31	0.9865074847836816
86000	1601311156392	61	10	0.0037966770850468828	0.005916666666666667	29	30	0.9865148873169929
86100	1601311186750	60	12	0.0037928935680210563	0.005926767676767676	32	27	0.9864726106267478
86200	1601311217596	61	10	0.0037891100509952294	0.005906228956228956	31	28	0.986552557986511
86300	1601311246140	61	10	0.003807369633163349	0.00596077441077441	28	30	0.9864833031748643
86400	1601311273263	51	10	0.003813127159072216	0.005931313131313131	23	26	0.9864959697318638
86500	1601311300481	55	11	0.0038009541042934693	0.00594023569023569	27	28	0.9864737621319296
86600	1601311329209	56	11	0.0038169106760980423	0.0059520202020202015	29	27	0.9864612600756704
86700	1601311357672	66	13	0.003810659647968416	0.005902525252525253	24	41	0.9864966277348248
86800	1601311383921	52	9	0.0038095081427866424	0.005931313131313131	23	28	0.9865489389702253
86900	1601311412396	47	10	0.003790426056917256	0.0059392255892255896	20	26	0.9865273893732521
87000	1601311441745	60	11	0.0037820365191643364	0.005911784511784512	33	26	0.9865115973021878
87100	1601311473882	45	9	0.003811811153150189	0.005938888888888889	21	23	0.9864880736963316
87200	1601311504782	49	10	0.003818720184240829	0.005946464646464647	21	25	0.9864546800460602
87300	1601311531583	99	11	0.0037873005428524426	0.005911447811447811	62	36	0.9865696660634973
87400	1601311585824	60	12	0.003804737621319296	0.005928619528619529	27	30	0.9865405494324725
87500	1601311613730	60	12	0.0037928935680210563	0.00592020202020202	30	30	0.9864472775127489
87600	1601311641322	66	20	0.0038019411087349894	0.005924410774410775	28	37	0.9864392169764764
87700	1601311687865	82	11	0.0038024346109557495	0.005965151515151515	51	30	0.9864739266326699
87800	1601311729593	79	13	0.0037961835828261227	0.0058969696969696965	31	36	0.9865252508636289
87900	1601311801163	62	10	0.0037970060865273893	0.005945117845117845	36	24	0.9864380654712946
88000	1601311842200	67	12	0.0037856555354499094	0.0059232323232323225	23	41	0.986579207106432
88100	1601311892705	85	10	0.003789768053956243	0.005897306397306398	35	43	0.98660388221747
88200	1601311926689	70	10	0.003818062181279816	0.00592053872053872	44	25	0.9865431814443165
88300	1601311984312	59	11	0.0038119756538904427	0.005924579124579125	24	30	0.9864714591215661
88400	1601312016265	61	11	0.003814114163513736	0.005934006734006733	32	28	0.9865186708340188
88500	1601312053729	88	11	0.0038090146405658823	0.005949326599326599	42	37	0.9864911992103964
88600	1601312105467	62	14	0.0038172396775785493	0.005974747474747475	31	26	0.9865366014147063
88700	1601312168325	69	14	0.003818062181279816	0.005944444444444445	37	28	0.9864308274387235
88800	1601312205366	53	11	0.003789768053956243	0.005963973063973065	27	25	0.9864666886000987
88900	1601312258353	61	13	0.0038169106760980423	0.005937205387205388	26	31	0.9865045237703569
89000	1601312303635	67	14	0.0037838460273071227	0.005924074074074074	28	37	0.9864915282118769
89100	1601312338062	74	15	0.003814607665734496	0.0059410774410774405	44	29	0.9864403684816582
89200	1601312373570	78	10	0.003815265668695509	0.005934006734006733	47	29	0.9865280473762132
89300	1601312415682	51	10	0.0038233262049679226	0.005937878787878788	26	24	0.9864981082414871
89400	1601312448596	83	17	0.003804737621319296	0.005953535353535353	26	55	0.9865096232933048
89500	1601312482002	62	12	0.0038267807205132425	0.005894276094276094	32	30	0.9865242638591873
89600	1601312514248	66	10	0.003807369633163349	0.005901010101010101	23	42	0.9864874156933706
89700	1601312548607	54	12	0.003821681197565389	0.005933333333333333	24	30	0.9865259088665899
89800	1601312578007	81	11	0.003810330646487909	0.005943771043771044	48	32	0.9864953117289028
89900	1601312606924	64	11	0.0037873005428524426	0.005934006734006733	36	28	0.986588912650107
90000	1601312641438	76	19	0.0038063826287218295	0.0059303030303030305	37	36	0.9865667050501727
90100	1601312697252	51	9	0.003786971541371936	0.005912626262626263	22	28	0.9864849481822668
90200	1601312744880	69	93	0.0037912485606185226	0.005944949494949495	27	39	0.9865081427866426
90300	1601312776178	53	13	0.003799473597631189	0.005952693602693603	23	29	0.9865176838295773
90400	1601312805856	61	16	0.0037881230465537097	0.005938215488215489	33	27	0.986507155782201
90500	1601312840934	66	11	0.0038109886494489226	0.005934848484848485	33	33	0.9864120743543346
90600	1601312869959	73	12	0.0038155946701760157	0.005940909090909091	26	46	0.9864216153972692
90700	1601312900737	145	15	0.003808685639085376	0.0059589225589225595	119	25	0.9864518835334759
90800	1601312931049	147	12	0.0038042441190985357	0.0059011784511784505	95	43	0.9865231123540056
90900	1601312962234	51	10	0.0038159236716565226	0.0059235690235690235	25	25	0.9865293633821353
91000	1601312995147	86	11	0.003823819707188682	0.005940909090909091	55	29	0.9864490870208916
91100	1601313024255	53	10	0.003773975982891923	0.005942592592592592	26	25	0.9865510774798487
91200	1601313053578	53	10	0.0037950320776443495	0.005953367003367003	23	29	0.9865142293140319
91300	1601313081243	55	15	0.0037989800954104295	0.005936026936026935	24	31	0.986457805560125
91400	1601313110170	62	12	0.003784010528047376	0.005941750841750841	33	29	0.9864816581674618
91500	1601313141113	53	10	0.0037989800954104295	0.005911279461279461	26	26	0.9864956407303833
91600	1601313172989	84	10	0.0038149366672150025	0.005917003367003367	31	52	0.9864735976311894
91700	1601313204058	51	12	0.0038195426879420956	0.0058705387205387205	23	26	0.9865226188517848
91800	1601313266640	358	116	0.0037922355650600427	0.005876599326599326	313	42	0.9864810001645007
91900	1601313297638	70	16	0.003795854581345616	0.005891077441077442	25	45	0.9865163678236553
92000	1601313330951	60	10	0.003809179141306136	0.005898821548821549	26	31	0.9865013982562921
92100	1601313359224	54	11	0.003840927784175029	0.005908585858585859	22	30	0.9864875801941109
92200	1601313437706	64	12	0.003826616219772989	0.005924074074074074	30	32	0.9864691561112024
92300	1601313466912	96	18	0.003805724625760816	0.005914646464646465	42	52	0.9865022207599934
92400	1601313500338	55	11	0.0038473433130449086	0.005906397306397307	26	28	0.9864555025497614
92500	1601313529564	70	14	0.003805066622799803	0.005943771043771044	25	45	0.9864191478861655
92600	1601313558343	46	11	0.0038070406316828426	0.005936531986531986	20	26	0.9865020562592531
92700	1601313586936	55	20	0.003839118276032242	0.005922053872053872	25	28	0.9864724461260076
92800	1601313616976	57	19	0.0038040796183582827	0.005948484848484849	28	27	0.9863959532817898
92900	1601313644764	75	12	0.003803750616877776	0.005898653198653198	44	29	0.9864717881230466
93000	1601313672117	68	10	0.003828096726435269	0.005916329966329966	30	36	0.9864536930416187
93100	1601313700880	87	11	0.0038090146405658823	0.0059213804713804715	56	31	0.9864997532488896
93200	1601313730351	90	12	0.003822010199045896	0.0059190235690235685	46	43	0.9864900477052146
93300	1601313757320	48	11	0.0038366507649284422	0.005920370370370371	22	26	0.9864492515216319
93400	1601313784042	115	12	0.003822668202006909	0.005908417508417508	81	34	0.9864596150682678
93500	1601313813323	56	11	0.0038024346109557495	0.005961784511784511	29	27	0.9865594670176016
93600	1601313841984	53	10	0.003827274222734002	0.005943939393939395	25	27	0.9864752426385919
93700	1601313871438	65	10	0.0038302352360585624	0.005937710437710438	21	42	0.9864398749794374
93800	1601313898086	43	10	0.0037915775620990296	0.005928787878787879	22	21	0.9865492679717058
93900	1601313941310	67	10	0.0038239842079289357	0.0059171717171717176	27	37	0.9864536930416187
94000	1601313966777	47	10	0.0038299062345780554	0.005938888888888889	19	28	0.9865015627570324
94100	1601313990453	116	15	0.0038392827767724956	0.005965993265993267	24	91	0.9865050172725778
94200	1601314016319	54	9	0.0038203651916433622	0.0059503367003367	27	27	0.9864943247244613
94300	1601314042529	148	11	0.003827603224214509	0.005904208754208754	23	32	0.9865000822503701
94400	1601314067018	56	11	0.0038174041783188024	0.0059257575757575755	26	30	0.9865239348577068
94500	1601314091647	50	12	0.0038139496627734824	0.00592070707070707	22	28	0.9864989307451884
94600	1601314116182	47	10	0.003803421615397269	0.005925420875420876	21	26	0.9864637275867741
94700	1601314140924	58	9	0.0038049021220595493	0.00594949494949495	26	31	0.9865301858858365
94800	1601314167027	555	11	0.0038178976805395624	0.005921717171717171	60	27	0.9864479355157099
94900	1601314191934	52	10	0.0038124691561112027	0.00594949494949495	24	28	0.9864729396282284
95000	1601314216016	52	10	0.0037989800954104295	0.005945117845117845	24	28	0.9865319953939793
95100	1601314243784	58	23	0.0038303997367988155	0.005897979797979798	28	25	0.9864624115808521
95200	1601314272610	52	9	0.003838624773811482	0.005931649831649832	24	27	0.9865540384931732
95300	1601314296286	50	9	0.0038341832538246424	0.005922727272727272	26	23	0.9864982727422273
95400	1601314320914	56	10	0.0038289192301365358	0.0059235690235690235	28	28	0.9865347919065636
95500	1601314346573	50	47	0.0038257937160717224	0.005903030303030303	21	29	0.9864370784668531
95600	1601314371373	66	10	0.003822668202006909	0.005889057239057239	43	22	0.9865690080605363
95700	1601314395311	63	9	0.003850468827109722	0.005878787878787879	32	26	0.9864939957229808
95800	1601314420185	48	10	0.0038292482316170423	0.005906228956228956	21	27	0.9864721171245271
95900	1601314445326	50	10	0.003824642210889949	0.005912457912457912	26	24	0.9864810001645007
96000	1601314474953	56	10	0.003818720184240829	0.005907575757575758	31	24	0.9864379009705544
96100	1601314498217	47	9	0.0038378022701102154	0.005946969696969697	19	27	0.9864328014476065
96200	1601314521068	54	10	0.0038382957723309755	0.005907407407407408	22	31	0.9865191643362395
96300	1601314543589	44	12	0.003824642210889949	0.005935016835016835	25	18	0.9865163678236553
96400	1601314566520	54	12	0.003822174699786149	0.005948821548821549	23	30	0.9864880736963316
96500	1601314594372	52	9	0.0038053956242803093	0.005945454545454546	28	24	0.9865393979272906
96600	1601314617099	34	9	0.0038229972034874156	0.00593939393939394	18	16	0.9864851126830071
96700	1601314639129	72	9	0.0038109886494489226	0.005921885521885523	33	38	0.9865722980753413
96800	1601314665263	52	9	0.0038154301694357626	0.005944781144781144	19	32	0.9864976147392663
96900	1601314687526	42	9	0.0038284257279157757	0.005951515151515151	22	20	0.9864981082414871
97000	1601314707987	38	11	0.0038114821516696826	0.00594006734006734	20	18	0.9864849481822668
97100	1601314729579	49	17	0.0038116466524099357	0.005902188552188552	22	27	0.9865443329494983
97200	1601314753167	46	12	0.0038284257279157757	0.005942087542087542	22	22	0.9864971212370456
97300	1601314774826	44	9	0.003837966770850469	0.005947306397306397	20	24	0.9864527060371772
97400	1601314796025	67	18	0.003810330646487909	0.005940404040404041	30	37	0.9865176838295773
97500	1601314818163	52	9	0.003803750616877776	0.005943771043771044	29	23	0.9864372429675934
97600	1601314840018	47	9	0.0038006251028129628	0.005962289562289562	25	17	0.9865050172725778
97700	1601314861160	47	13	0.003789274551735483	0.005953030303030303	29	18	0.9864943247244613
97800	1601314882896	38	12	0.003819871689422602	0.005933670033670034	20	18	0.9864915282118769
97900	1601314905204	50	9	0.0038104951472281625	0.005916666666666667	21	29	0.9865076492844218
98000	1601314927425	52	11	0.003825135713110709	0.005921717171717171	31	21	0.9864481000164501
98100	1601314950285	51	10	0.0038114821516696826	0.005941582491582492	22	29	0.9865479519657838
98200	1601314973315	37	9	0.0038218456983056424	0.0059234006734006734	21	15	0.9865329823984208
98300	1601314996083	45	9	0.003807863135384109	0.005948316498316498	21	23	0.9865099522947853
98400	1601315018933	56	9	0.003842572791577562	0.0059510101010101	21	34	0.9864176673795032
98500	1601315041858	52	10	0.0038364862641881887	0.0059392255892255896	22	30	0.9864596150682678
98600	1601315063342	46	9	0.0038478368152656687	0.005916666666666667	19	20	0.9864596150682678
98700	1601315085047	51	10	0.003830070735318309	0.005924242424242424	27	24	0.9865143938147721
98800	1601315107525	49	9	0.003814607665734496	0.0059323232323232325	28	20	0.9865344629050831
98900	1601315128907	64	12	0.0038160881723967757	0.005963131313131313	39	25	0.9864882381970719
99000	1601315150554	52	9	0.0038248067116302023	0.005937542087542087	27	25	0.9864161868728409
99100	1601315172142	46	9	0.0038262872182924824	0.005935690235690236	23	23	0.9864911992103964
99200	1601315193170	48	9	0.003799309096890936	0.0059567340067340074	22	26	0.9864954762296431
99300	1601315213868	40	9	0.003821187695344629	0.005929461279461279	21	19	0.9865005757525909
99400	1601315238634	52	9	0.003833031748642869	0.005923063973063973	25	26	0.9864902122059549
99500	1601315261376	53	10	0.0038468498108241485	0.005944612794612795	27	25	0.9864986017437078
99600	1601315284636	36	8	0.0038083566376048692	0.005939730639730639	20	16	0.9864946537259418
99700	1601315305565	64	18	0.0038366507649284422	0.0059744107744107745	44	20	0.9864763941437736
99800	1601315326756	47	15	0.003811317650929429	0.005957912457912458	20	27	0.9864237539068926
99900	1601315348428	54	13	0.003865931896693535	0.005928619528619529	29	25	0.9864132258595164
100000	1601315369825	43	17	0.003838460273071229	0.005935353535353536	19	24	0.9865102812962658
