iteration	timestamp	zTotalTime	phiTotalTime	typeTokenDensity	documentDensity	z-0	countUpdate-0	phiDensity
0	1601296264840	0	0	0.001	0.0	0	0	0.9890564037319762
100	1601296276043	18	7	0.0010572519083969466	0.0010806890299184043	7	10	0.9890039581566299
200	1601296286512	17	8	0.001248091603053435	0.001471441523118767	7	9	0.9888908679672038
300	1601296297262	16	19	0.0015456601639807746	0.0022497733454215777	7	9	0.9886280746395251
400	1601296307862	18	10	0.0018712185467910658	0.003315503173164098	8	10	0.9883456318914334
500	1601296318870	20	8	0.0020870794458580717	0.0042864913871260195	8	12	0.9880590896239752
600	1601296330003	19	21	0.0022007350862312696	0.005103807796917498	8	11	0.987912213740458
700	1601296340839	27	10	0.002269296013570823	0.005618766999093382	17	10	0.9879081142210914
800	1601296352136	21	8	0.0023322024314390726	0.005971441523118767	9	11	0.9877217981340118
900	1601296362483	20	11	0.002371077184054283	0.006219854941069809	8	12	0.9878006785411365
1000	1601296373028	20	12	0.002415323720667232	0.006412964641885766	9	10	0.9877283008199039
1100	1601296383514	17	19	0.002460559796437659	0.006549864007252946	8	9	0.987713881820752
1200	1601296394508	31	13	0.002478512864009047	0.006738893925657298	19	11	0.9877004523607577
1300	1601296405620	21	11	0.0025131467345207805	0.006791024478694469	10	11	0.9876607294317218
1400	1601296416931	26	20	0.002541419281877297	0.006861287398005439	10	16	0.9876082838563754
1500	1601296427965	22	11	0.0025654509471303363	0.006947416137805984	10	12	0.9876306191687871
1600	1601296438923	22	10	0.0025976816511167657	0.0071106074342701725	10	12	0.9875986711902742
1700	1601296450318	22	10	0.0026023466214305908	0.007181323662737988	10	11	0.9876034775233249
1800	1601296461585	21	11	0.0026252473847893695	0.007179510426110607	10	11	0.9875783149561775
1900	1601296472935	21	9	0.002629912355103195	0.00729374433363554	10	11	0.9876006502685892
2000	1601296484331	21	9	0.002652530392988408	0.0072556663644605624	11	10	0.9875496183206107
2100	1601296495888	20	13	0.002668928470455188	0.007257479601087942	9	11	0.9875226180378852
2200	1601296507340	21	18	0.0026686457449816227	0.00729283771532185	11	10	0.9875971162001697
2300	1601296518640	18	8	0.0026644048628781452	0.0072556663644605624	9	9	0.9875388747526153
2400	1601296530026	22	8	0.0026969182923381398	0.00729102447869447	10	12	0.9875600791631326
2500	1601296541582	29	11	0.002690698331919706	0.007354941069809611	18	11	0.9875657336726039
2600	1601296553120	19	19	0.002702996890019791	0.007397552130553037	10	9	0.9875001413627368
2700	1601296564636	21	9	0.0026973423805484874	0.007408431550317316	9	12	0.9875504664970314
2800	1601296576271	20	12	0.002726039016115352	0.007422937443336356	9	10	0.987507774950523
2900	1601296587710	19	11	0.002730562623692395	0.007442883046237535	9	10	0.9874619734238055
3000	1601296599333	33	8	0.0027292903590613515	0.007467361740707162	19	14	0.9874936386768448
3100	1601296610819	18	18	0.002730562623692395	0.007468268359020853	9	9	0.9875576759966073
3200	1601296622294	21	12	0.0027448402601074357	0.00749365367180417	10	11	0.9874311563471869
3300	1601296633743	20	9	0.0027346621430590894	0.007517679057116954	10	10	0.987570257280181
3400	1601296645417	20	10	0.002755301102629347	0.007603807796917498	10	10	0.9875296861747244
3500	1601296657000	19	9	0.0027601074356799547	0.007559836808703536	9	10	0.9875234662143059
3600	1601296668553	20	9	0.002758552445575346	0.007531278331822303	10	9	0.9875255866553576
3700	1601296680019	22	12	0.002791631325982471	0.0075435176790571165	11	11	0.9874475544246537
3800	1601296691601	21	12	0.0027684478371501273	0.007593381686310064	10	11	0.9873980774667798
3900	1601296703275	23	11	0.0028138252756573366	0.007611514052583862	10	12	0.9874001979078315
4000	1601296714722	20	10	0.0027750918857789085	0.007618766999093381	9	11	0.987464235227594
4100	1601296726284	21	10	0.00280689850155499	0.007589755213055303	10	11	0.9874926491376873
4200	1601296738012	33	10	0.002816087079445858	0.007665457842248414	20	13	0.9874554707379135
4300	1601296749959	22	8	0.0028032230703986427	0.007717588395285584	11	11	0.9874413344642352
4400	1601296761688	20	9	0.00281509754028838	0.0076863100634632815	11	9	0.9874253604749788
4500	1601296773418	24	23	0.0028289510884930732	0.00770988213961922	12	12	0.98745122985581
4600	1601296785119	21	12	0.0028437941758552446	0.00778014505893019	10	11	0.9874156064461408
4700	1601296796931	20	12	0.0028604749787955893	0.0077919310970081595	10	10	0.9873925643200452
4800	1601296808926	21	18	0.0028464800678541136	0.007801903898458748	10	11	0.9874462821600226
4900	1601296820913	21	12	0.002851427763641504	0.00783408884859474	10	11	0.9874368108566581
5000	1601296832446	21	10	0.002870087644896805	0.007857207615593834	12	9	0.9874461407972859
5100	1601296843979	30	11	0.0028829516539440204	0.007898458748866726	18	12	0.9873456318914334
5200	1601296855657	21	10	0.0028982188295165394	0.00787669990933817	10	11	0.9873886061634153
5300	1601296867433	24	10	0.0028948261238337576	0.007849954669084315	10	14	0.9873593440769013
5400	1601296879171	21	13	0.002875600791631326	0.007892112420670897	10	11	0.987316652530393
5500	1601296891166	22	19	0.002909245122985581	0.007918857660924752	10	11	0.9873703703703703
5600	1601296903211	21	10	0.0028860616341532374	0.00782955575702629	10	11	0.987375176703421
5700	1601296915170	20	8	0.002913203279615493	0.007913871260199455	10	10	0.9873117048346056
5800	1601296927046	19	10	0.0029083969465648857	0.00792248413417951	8	11	0.9873562340966922
5900	1601296938891	20	19	0.0028992083686740174	0.007889845874886673	11	9	0.9873275374611252
6000	1601296950665	21	10	0.0029260672886627084	0.00786310063463282	10	11	0.9873525586655357
6100	1601296962780	22	13	0.0029332767882386205	0.007921124206708976	12	9	0.987309443030817
6200	1601296974721	19	11	0.0029127791914051455	0.007858114233907525	10	9	0.9873368674017529
6300	1601296986721	22	14	0.002935397229290359	0.007888485947416137	11	11	0.9873227311280747
6400	1601296998644	23	11	0.0029628216002261804	0.007880326382592928	10	13	0.9873285270002827
6500	1601297010864	31	12	0.002946282160022618	0.007902991840435178	20	11	0.9873071812270285
6600	1601297022919	23	19	0.0029577325417020073	0.007924750679963734	12	10	0.9872820186598813
6700	1601297035037	24	19	0.0029471303364433134	0.007973254759746147	11	13	0.9873638676844784
6800	1601297046712	21	10	0.002941193101498445	0.007941523118766999	10	11	0.9873131184619734
6900	1601297058446	21	10	0.0029616906983319195	0.00792792384406165	11	10	0.9873518518518518
7000	1601297070430	23	10	0.002943172179813401	0.007942429737080689	11	12	0.9872889454339836
7100	1601297082460	26	10	0.0029515125812835737	0.007916137805983681	9	17	0.9873228724908114
7200	1601297094671	24	10	0.0029563189143341816	0.007949229374433365	11	12	0.987295165394402
7300	1601297106826	20	9	0.0029648006785411365	0.007925203989120581	10	10	0.9872616624257846
7400	1601297118768	20	13	0.0029638111393836585	0.008018585675430644	11	8	0.9872428611817925
7500	1601297130749	22	11	0.0029903873338987842	0.008028105167724389	10	12	0.9872152954481199
7600	1601297142781	19	11	0.0029708792762227878	0.008031278331822302	10	9	0.987255583828103
7700	1601297154784	21	13	0.0029878428046366977	0.007990027198549412	11	10	0.9873019508057675
7800	1601297166796	30	10	0.0029783715012722646	0.008045784224841342	21	9	0.9873696635566864
7900	1601297178888	31	14	0.002973847893695222	0.008003173164097915	21	10	0.9873983601922534
8000	1601297191049	28	11	0.002947695787390444	0.007974161378059837	19	9	0.9873333333333333
8100	1601297203192	34	12	0.0029845914616906982	0.007980054397098821	21	12	0.9872707096409387
8200	1601297215420	31	10	0.0029861464517953067	0.007961922030825023	19	12	0.9872506361323156
8300	1601297227224	30	12	0.0029923664122137403	0.007993653671804171	20	10	0.9872909245122986
8400	1601297239290	31	13	0.0030079163132598246	0.007941069809610155	21	10	0.9872979926491376
8500	1601297251298	20	11	0.0029807746677975684	0.008027651858567544	10	10	0.9873132598247102
8600	1601297263593	21	11	0.003003675431156347	0.00800181323662738	11	10	0.9872595419847329
8700	1601297276018	22	10	0.0029967486570540007	0.007964641885766092	11	11	0.9873139666383941
8800	1601297288333	21	11	0.002998586372632174	0.00798730734360834	10	11	0.9872404580152672
8900	1601297300654	19	12	0.0030060785976816513	0.008008612873980055	10	9	0.9873510036754312
9000	1601297312688	19	10	0.0029909527848459147	0.007949682683590208	10	9	0.9873655640373198
9100	1601297324829	21	9	0.002979502403166525	0.008023118766999094	10	11	0.9873517104891151
9200	1601297337411	25	21	0.002991094147582697	0.008101994560290118	14	11	0.9873043539722929
9300	1601297349583	22	18	0.0029793610404297427	0.008072529465095195	12	10	0.9872943172179813
9400	1601297361631	31	10	0.003011450381679389	0.008126473254759747	20	10	0.9872225049476958
9500	1601297373908	19	10	0.0029722929035906134	0.007978241160471442	10	9	0.9873187729714448
9600	1601297386108	20	8	0.0030012722646310433	0.008006799637352674	10	10	0.987247667514843
9700	1601297398418	22	11	0.0030056545094713032	0.008095194922937443	11	11	0.9873197625106022
9800	1601297410730	21	9	0.0029903873338987842	0.008036718041704442	10	11	0.9872526152106305
9900	1601297423051	22	23	0.0030213457732541703	0.008113780598368087	12	10	0.9872633587786259
10000	1601297435418	30	12	0.0030303929884082557	0.008097008159564822	20	10	0.9871707661860334
10100	1601297447549	21	10	0.0030178117048346056	0.008174524025385313	11	10	0.9872475261521063
10200	1601297460015	20	11	0.0030083404014701726	0.00813599274705349	10	10	0.9872668928470455
10300	1601297472193	22	11	0.0030213457732541703	0.008122393472348142	11	11	0.9872633587786259
10400	1601297484460	23	19	0.0030042408821034775	0.008087941976427922	13	10	0.9872690132880972
10500	1601297496490	34	12	0.0030014136273678257	0.00813689936536718	22	12	0.9872705682782019
10600	1601297508834	21	13	0.0030289793610404295	0.0080675430643699	11	10	0.9872217981340119
10700	1601297521198	20	11	0.003018942606728866	0.008107887579329101	10	10	0.9872708510036754
10800	1601297533561	22	18	0.0030154085383093015	0.008121486854034451	11	11	0.9872244840260107
10900	1601297545946	34	10	0.003054424653661295	0.008135539437896645	22	12	0.9872985581000848
11000	1601297558254	20	14	0.0030320893412496466	0.008179510426110608	10	9	0.9873126943737631
11100	1601297570431	20	11	0.003019083969465649	0.008169537624660017	10	10	0.9872773536895675
11200	1601297582878	23	21	0.0030327961549335594	0.008197642792384406	12	10	0.9871607294317218
11300	1601297594995	20	11	0.003027848459146169	0.008131912964641885	10	10	0.9872842804636698
11400	1601297607265	21	11	0.0030419847328244276	0.00815049864007253	10	11	0.9872131750070682
11500	1601297619351	22	13	0.003033644331354255	0.008195376246600182	11	11	0.9872193949674866
11600	1601297631842	24	18	0.003049052869663557	0.008194922937443337	11	13	0.9872336726039016
11700	1601297643903	20	10	0.003035623409669211	0.008158204895738893	10	10	0.9872602487984168
11800	1601297656191	21	12	0.0030504664970313826	0.008118766999093382	11	10	0.987222363584959
11900	1601297668532	19	12	0.003051738761662426	0.008160018132366274	10	9	0.9871922533220243
12000	1601297680880	29	10	0.003059796437659033	0.008189483227561196	19	10	0.9872283008199039
12100	1601297693406	20	10	0.0030264348317783434	0.008171804170444243	11	9	0.9872586938083121
12200	1601297705623	24	11	0.003032372066723212	0.008163191296464188	10	14	0.9872377721232684
12300	1601297718370	29	11	0.003069267741023466	0.008173164097914779	18	11	0.9872757986994628
12400	1601297730754	22	9	0.0030493355951371217	0.00821260199456029	11	11	0.9872738196211479
12500	1601297743116	30	13	0.0030250212044105173	0.008168177697189482	11	19	0.9872394684761097
12600	1601297755353	23	20	0.0030378852134577325	0.008162737987307345	13	10	0.9872369239468476
12700	1601297767636	21	11	0.003065309584393554	0.008197642792384406	10	11	0.9871810856658185
12800	1601297780240	23	11	0.003057110545660164	0.008129193109700816	12	11	0.9872540288379983
12900	1601297792630	22	10	0.003034351145038168	0.008163644605621034	11	11	0.9872545942889455
13000	1601297805070	26	21	0.0030497596833474697	0.008157751586582048	13	13	0.9872625106022053
13100	1601297817398	21	10	0.003067005937234945	0.008179057116953763	10	11	0.9871962114786542
13200	1601297829817	19	13	0.0030419847328244276	0.008190389845874887	10	9	0.9872277353689567
13300	1601297842155	21	8	0.003057534633870512	0.008209428830462375	10	10	0.9872632174158892
13400	1601297854556	33	10	0.0030542832909245124	0.008177697189483227	20	13	0.9872260390161154
13500	1601297866496	21	13	0.0030277070964093867	0.00813780598368087	10	11	0.9871687871077184
13600	1601297878954	20	10	0.0030800113090189425	0.00822166817769719	10	10	0.9872099236641222
13700	1601297891106	21	10	0.0030534351145038168	0.008194469628286492	11	10	0.9872569974554707
13800	1601297903535	30	11	0.0030433983601922533	0.008184043517679056	19	11	0.9872592592592593
13900	1601297916084	22	11	0.0030579587220808595	0.008175883952855848	11	11	0.9872855527283009
14000	1601297928592	21	9	0.0030722363584959004	0.008263825929283772	10	10	0.9872116200169635
14100	1601297940968	21	19	0.003057534633870512	0.008182230281051677	12	9	0.9872718405428329
14200	1601297953356	20	11	0.003048911506926774	0.00820988213961922	10	10	0.9872820186598813
14300	1601297965730	21	9	0.003080859485439638	0.008197642792384406	10	11	0.9872550183771558
14400	1601297978073	20	10	0.0030538592027141644	0.00820988213961922	10	10	0.9871762793327679
14500	1601297990487	34	12	0.0030610687022900765	0.008164551223934724	19	15	0.9871875883517105
14600	1601298002764	20	10	0.0030596550749222504	0.008159111514052584	11	9	0.9871812270285553
14700	1601298014727	21	10	0.0030797285835453773	0.008158204895738893	11	10	0.9872162849872773
14800	1601298026930	32	10	0.0030780322307039864	0.008205802357207616	20	12	0.9872267458297993
14900	1601298039307	22	10	0.0030664404862878144	0.008161831368993653	10	12	0.9872459711620017
15000	1601298051712	22	10	0.0030773254170200735	0.008182683590208522	11	10	0.9871914051456037
15100	1601298064196	23	19	0.0030818490245971162	0.00821350861287398	13	10	0.9871673734803506
15200	1601298076607	23	12	0.0030776081424936388	0.00821260199456029	11	12	0.9872176986146451
15300	1601298089034	20	10	0.003076901328809726	0.008203082502266546	11	9	0.9872240599378004
15400	1601298101662	32	11	0.00307110545660164	0.008259292837715322	19	13	0.9871955046649703
15500	1601298114101	21	9	0.0030760531523890302	0.008305530371713507	12	9	0.987254877014419
15600	1601298126309	21	9	0.0030780322307039864	0.0082298277425204	11	10	0.9871685043822448
15700	1601298138678	31	12	0.003061492790500424	0.008213961922030825	20	11	0.9872572801809443
15800	1601298150732	20	9	0.003065168221656771	0.008245693563009974	11	9	0.9872627933276789
15900	1601298163196	23	21	0.0030879276222787674	0.008293291024478695	12	11	0.9872010178117049
16000	1601298175703	20	14	0.00309683347469607	0.00821622846781505	11	9	0.9871940910376025
16100	1601298188060	22	12	0.003061210065026859	0.008231187669990935	11	11	0.9871957873904439
16200	1601298200289	22	11	0.003083545377438507	0.008254306436990027	10	12	0.9872527565733673
16300	1601298212914	21	10	0.003084676279332768	0.0082792384406165	11	10	0.987241871642635
16400	1601298225224	30	10	0.0030797285835453773	0.008252493200362646	19	10	0.9871940910376025
16500	1601298237728	22	13	0.0030752049759683346	0.008250679963735267	10	12	0.9872055414192819
16600	1601298250266	21	11	0.0030935821317500706	0.008195376246600182	11	10	0.9871478654226746
16700	1601298263016	18	13	0.003047215154085383	0.008254759746146872	10	8	0.987212609556121
16800	1601298275308	24	10	0.0030576759966072942	0.008215775158658204	12	12	0.9872038450664404
16900	1601298287868	27	19	0.003070115917444162	0.008124660018132366	13	13	0.9872318348883234
17000	1601298300387	20	13	0.0030627650551314674	0.008193563009972801	10	10	0.987189850155499
17100	1601298313133	20	20	0.003084393553859203	0.008172710788757934	11	9	0.9871914051456037
17200	1601298325668	22	13	0.003090472151540854	0.008156391659111513	11	11	0.9871625671473
17300	1601298338262	24	10	0.0030640373197625107	0.008135539437896645	10	14	0.9872232117613797
17400	1601298350794	21	10	0.0030474978795589484	0.008187669990933817	10	11	0.9872489397794741
17500	1601298363142	23	10	0.003079445858071812	0.008152765185856755	11	12	0.9872264631043257
17600	1601298375278	23	20	0.0030814249363867686	0.008210335448776064	13	10	0.9872603901611535
17700	1601298387688	21	12	0.0030829799264913767	0.008092475067996374	10	11	0.987233389878428
17800	1601298400289	21	21	0.0030729431721798132	0.00820444242973708	11	10	0.987238620299689
17900	1601298413048	20	12	0.003097823013853548	0.008244786944696282	10	9	0.9871757138818208
18000	1601298425525	20	21	0.003081566299123551	0.008215321849501361	10	10	0.9872397512015832
18100	1601298437956	19	12	0.0030590896239751203	0.008249320036264733	10	9	0.9872121854679107
18200	1601298450334	21	18	0.0030718122702855528	0.008242973708068903	12	9	0.9872342380548488
18300	1601298462876	23	10	0.003082555838281029	0.008233000906618312	11	12	0.9871991800961266
18400	1601298475363	25	19	0.003046932428611818	0.008224841341795103	13	12	0.987265903307888
18500	1601298487904	21	14	0.0030889171614362455	0.008172710788757934	11	10	0.9871936669493921
18600	1601298500472	24	14	0.0030928753180661578	0.008287851314596556	10	13	0.9872212326830647
18700	1601298512973	22	12	0.003096126661012157	0.008248866727107887	11	11	0.9872233531241165
18800	1601298525505	22	9	0.0030886344359626803	0.008316863100634633	11	11	0.9871921119592876
18900	1601298537999	24	9	0.00308368674017529	0.008293291024478695	11	13	0.987156064461408
19000	1601298550634	21	12	0.003086231269437376	0.008317316409791477	12	9	0.9871574780887759
19100	1601298563138	22	13	0.0031061634153237206	0.008277878513145966	11	11	0.987221091320328
19200	1601298575492	23	9	0.003078456318914334	0.008294197642792385	11	12	0.9871909810573932
19300	1601298588180	21	8	0.003097540288379983	0.008295104261106074	10	10	0.987228866270851
19400	1601298600599	21	18	0.003087362171331637	0.008333635539437896	11	10	0.9872584110828385
19500	1601298613226	22	11	0.003083545377438507	0.008203082502266546	10	12	0.9871396663839412
19600	1601298625848	33	11	0.0031020638959570255	0.008243880326382593	21	12	0.9871844783715013
19700	1601298638360	22	11	0.003076759966072943	0.008292384406165004	11	11	0.9872278767316935
19800	1601298650892	29	10	0.003094854396381114	0.008258386219401632	20	9	0.9872181227028556
19900	1601298663524	21	14	0.0030906135142776364	0.00822166817769719	10	10	0.9871940910376025
20000	1601298676185	22	13	0.003091037602487984	0.008160924750679964	11	11	0.9872100650268589
20100	1601298688782	22	11	0.0030935821317500706	0.008240253853127833	11	11	0.9872199604184337
20200	1601298701357	22	12	0.00309626802374894	0.008246146872166817	10	11	0.9871608707944586
20300	1601298714064	23	20	0.0030971162001696352	0.008250226654578422	13	10	0.9871591744416172
20400	1601298726602	22	10	0.0030814249363867686	0.008299637352674525	12	10	0.9871873056262369
20500	1601298739085	30	15	0.003087362171331637	0.008324569356300998	20	10	0.9872411648289511
20600	1601298751420	22	12	0.00308425219112242	0.008252493200362646	12	10	0.9871693525586656
20700	1601298764070	20	9	0.0030949957591178967	0.008194469628286492	10	10	0.9872864009047215
20800	1601298776585	24	19	0.0030896239751201583	0.008236174070716229	13	11	0.987193101498445
20900	1601298788932	23	12	0.003120299689001979	0.008305077062556664	11	12	0.9872029968900198
21000	1601298801102	22	9	0.003093158043539723	0.008243880326382593	11	11	0.9872270285552728
21100	1601298813396	21	19	0.0030944303081707663	0.008243880326382593	10	11	0.9872059655074922
21200	1601298826021	21	9	0.0031265196494204128	0.008266092475067996	11	10	0.9872135990952785
21300	1601298838234	21	14	0.0031303364433135426	0.008282864913871259	11	10	0.9871552162849873
21400	1601298850769	21	21	0.003119310149844501	0.008336355394378967	11	10	0.9871480067854114
21500	1601298863390	19	11	0.0031078597681651115	0.008312330009066183	10	9	0.9872151540853831
21600	1601298875861	22	12	0.003104325699745547	0.008312330009066183	13	9	0.9871615776081425
21700	1601298888412	24	21	0.0031258128357365	0.008279691749773346	14	9	0.9872759400621997
21800	1601298900811	28	11	0.003096974837432853	0.008287851314596556	12	16	0.9872362171331637
21900	1601298913271	25	13	0.0031048911506926773	0.00830190389845875	11	14	0.9871484308736217
22000	1601298925816	20	19	0.0031088493073225896	0.00827651858567543	12	8	0.9871932428611818
22100	1601298938167	19	10	0.0030959852982753748	0.008297370806890298	10	9	0.987232824427481
22200	1601298950825	22	13	0.003115210630477806	0.008313689936536719	11	11	0.987200310998021
22300	1601298963568	23	19	0.0031119592875318066	0.008268812330009066	12	11	0.9872206672321177
22400	1601298976222	22	13	0.0030875035340684194	0.008321849501359928	12	10	0.9872500706813684
22500	1601298988801	20	10	0.003111535199321459	0.008304170444242974	11	9	0.9872632174158892
22600	1601299001650	22	19	0.0031245405711054566	0.00836219401631913	12	10	0.9871460277070964
22700	1601299014223	25	11	0.0031160588068985017	0.008265639165911153	11	14	0.987196352841391
22800	1601299026834	21	13	0.003091178965224767	0.008356300997280146	11	10	0.9872398925643201
22900	1601299039502	24	22	0.0031292055414192817	0.00836128739800544	14	10	0.9871922533220243
23000	1601299052124	22	11	0.003116906983319197	0.00835040797824116	12	10	0.9872181227028556
23100	1601299064828	24	13	0.0031340118744698896	0.008278785131459656	11	13	0.9871622844218264
23200	1601299077240	24	19	0.0031205824144755444	0.008392565729827743	13	11	0.9872319762510602
23300	1601299089811	22	11	0.0031164828951088493	0.008330462375339982	11	11	0.9871809443030817
23400	1601299102388	20	11	0.003137263217415889	0.008313236627379872	11	9	0.987168363019508
23500	1601299114759	22	22	0.0031075770426915463	0.00833680870353581	13	9	0.9871793893129771
23600	1601299127292	21	9	0.003127509188577891	0.008287851314596556	11	10	0.9871395250212044
23700	1601299140065	21	12	0.0031396663839411932	0.008263372620126927	10	10	0.9871516822165677
23800	1601299152761	20	18	0.0031102629346904157	0.008207615593834997	10	10	0.9871301950805768
23900	1601299165377	23	11	0.0031245405711054566	0.008228014505893019	12	11	0.9871219960418434
24000	1601299177969	31	10	0.003117896522476675	0.008260652765185856	21	10	0.9871376873056262
24100	1601299190422	21	14	0.003114927905004241	0.008287851314596556	11	10	0.9872530392988408
24200	1601299203015	21	11	0.0031228442182640657	0.008391659111514052	10	11	0.9872521911224201
24300	1601299215734	29	11	0.003145886344359627	0.00835040797824116	19	10	0.9871227028555273
24400	1601299228338	20	11	0.003102629346904156	0.008329102447869446	11	9	0.9871820752049759
24500	1601299240767	20	13	0.0031252473847893695	0.00833680870353581	10	10	0.9871546508340402
24600	1601299253507	32	12	0.0031327396098388464	0.008227561196736174	19	13	0.9871769861464518
24700	1601299266195	25	10	0.0031273678258411084	0.008182683590208522	11	13	0.987145603618886
24800	1601299278768	21	9	0.003122985581000848	0.008320036264732548	11	10	0.9871905569691829
24900	1601299291393	20	12	0.00310941475826972	0.008302357207615595	10	10	0.9872052586938083
25000	1601299303753	19	18	0.003127085100367543	0.00829827742520399	10	9	0.9871789652247668
25100	1601299316167	21	14	0.003123833757421544	0.008207615593834997	11	10	0.9871071529544811
25200	1601299328410	20	11	0.0031218546791065877	0.008261106074342701	10	10	0.987202855527283
25300	1601299341289	25	22	0.0031245405711054566	0.008327742520398912	13	11	0.9871591744416172
25400	1601299353545	22	12	0.003148148148148148	0.00829283771532185	11	11	0.9871160588068985
25500	1601299366355	20	10	0.0031214305908962396	0.008300543970988214	10	10	0.9871823579304495
25600	1601299379031	31	11	0.0031133729148996323	0.008313689936536719	20	11	0.9871669493921402
25700	1601299391761	21	20	0.003135284139100933	0.008314596554850407	11	10	0.9871955046649703
25800	1601299404268	24	12	0.0031218546791065877	0.008284224841341795	12	12	0.9871803788521346
25900	1601299416936	20	13	0.0031477240599378006	0.00829283771532185	10	10	0.9871693525586656
26000	1601299429114	19	11	0.003118037885213458	0.008333182230281051	10	8	0.9872102063895957
26100	1601299441783	23	18	0.0031359909527848458	0.00836219401631913	11	12	0.9871259541984733
26200	1601299454335	21	11	0.00317232117613797	0.008389392565729828	11	9	0.9871256714729997
26300	1601299466992	21	10	0.003140090472151541	0.008346781504986401	10	11	0.987192394684761
26400	1601299479672	21	10	0.003141080011309019	0.008334995466908432	11	10	0.9871724625388748
26500	1601299492494	33	11	0.003136415040995194	0.008319129646418857	19	14	0.987060503251343
26600	1601299505150	27	19	0.0031389595702572804	0.008311876699909338	12	15	0.9871648289510885
26700	1601299517576	22	10	0.0031337291489963244	0.008379873073436083	11	10	0.9871523890302516
26800	1601299529881	19	10	0.00314221091320328	0.008348141432456936	10	9	0.9871453208934124
26900	1601299542634	32	14	0.0031341532372066725	0.008337715321849501	20	12	0.9871499858637264
27000	1601299555175	21	13	0.0031389595702572804	0.008216681776971895	11	10	0.9871734520780322
27100	1601299567855	20	11	0.0031464517953067573	0.00827289211242067	11	9	0.9871495617755159
27200	1601299580438	20	12	0.003137263217415889	0.008288757932910245	11	9	0.98719508057676
27300	1601299592913	31	13	0.0031426350014136274	0.00836672710788758	20	11	0.9871465931580435
27400	1601299605365	26	8	0.003143765903307888	0.00833680870353581	11	14	0.9871694939214023
27500	1601299618041	23	10	0.0031628498727735367	0.008397098821396193	12	11	0.9871651116765621
27600	1601299630700	21	13	0.003123692394684761	0.008373526745240254	11	10	0.9871737348035058
27700	1601299643008	30	13	0.003150834040147017	0.008335448776065277	19	11	0.9871176137970031
27800	1601299655631	22	18	0.0031460277070964092	0.008335448776065277	10	12	0.9871341532372067
27900	1601299668396	20	11	0.0031416454622561494	0.00835856754306437	11	9	0.9871774102346621
28000	1601299681088	20	10	0.0031837715578173593	0.008417044424297372	11	9	0.9871212892281594
28100	1601299693492	20	12	0.003156629912355103	0.008385766092475067	10	10	0.9871741588917161
28200	1601299706138	29	13	0.003162567147299972	0.008391659111514052	19	10	0.9871740175289794
28300	1601299718853	21	18	0.003161153519932146	0.008368993653671804	11	10	0.9871234096692112
28400	1601299731485	21	10	0.003144189991518236	0.008390752493200364	11	10	0.9871634153237206
28500	1601299744256	23	11	0.0031307605315238902	0.008393472348141431	11	12	0.9872059655074922
28600	1601299756964	22	11	0.0031659598529827537	0.008380326382592928	12	10	0.9871546508340402
28700	1601299769489	22	17	0.0031388182075204976	0.008324569356300998	12	10	0.9871563471868815
28800	1601299782144	24	11	0.0031615776081424934	0.008327742520398912	11	13	0.9872290076335878
28900	1601299794535	21	10	0.003136415040995194	0.0082883046237534	10	11	0.9871618603336161
29000	1601299807210	25	14	0.0031429177268871926	0.00835040797824116	10	14	0.9872349448685327
29100	1601299819638	31	11	0.0031378286683630195	0.008334088848594743	20	11	0.9871929601357082
29200	1601299832362	20	17	0.003133446423522759	0.008312783318223028	11	9	0.9871511167656206
29300	1601299844877	22	11	0.003165111676562058	0.008321396192203082	11	11	0.9871159174441617
29400	1601299857485	22	12	0.0031590330788804073	0.008317316409791477	11	11	0.9871440486287815
29500	1601299869938	21	9	0.003159457167090755	0.008280598368087035	11	10	0.9871993214588635
29600	1601299882699	32	11	0.0031622844218264067	0.008299637352674525	21	11	0.9871497031382528
29700	1601299895450	23	18	0.0031702007350862312	0.008332728921124207	12	11	0.9871881538026576
29800	1601299908086	21	10	0.0031628498727735367	0.008397098821396193	11	10	0.9872045518801243
29900	1601299920742	23	15	0.0031385354820469323	0.008365367180417044	11	12	0.987224342663274
30000	1601299933141	19	15	0.003155640373197625	0.008371713508612873	10	9	0.9871839129205542
30100	1601299945945	30	12	0.0031627085100367543	0.008331368993653672	20	10	0.987172321176138
30200	1601299958483	21	19	0.0031491376873056262	0.008330009066183138	11	10	0.9872011591744416
30300	1601299970723	22	10	0.0031443313542550183	0.00834950135992747	11	11	0.9872553011026294
30400	1601299983358	22	10	0.003164263500141363	0.008427470534904806	11	11	0.9871426350014136
30500	1601299995867	20	10	0.003155781735934408	0.00842248413417951	11	9	0.9871576194515126
30600	1601300008272	19	11	0.003158326265196494	0.008384859474161378	10	9	0.9871324568843652
30700	1601300020855	32	13	0.0031480067854113654	0.008424750679963736	21	11	0.9871180378852135
30800	1601300033615	25	22	0.003165253039298841	0.008342248413417951	13	12	0.9871837715578173
30900	1601300046297	23	11	0.003149985863726322	0.008387579329102448	11	11	0.9871884365281312
31000	1601300058839	24	10	0.0031751484308736215	0.0083649138712602	11	12	0.9871680802940345
31100	1601300071569	23	11	0.003144048628781453	0.008384859474161378	10	13	0.9871696352841391
31200	1601300084177	21	13	0.0031513994910941476	0.008410698096101541	11	10	0.9871789652247668
31300	1601300096854	31	12	0.0031603053435114506	0.00849637352674524	20	11	0.9871959287531806
31400	1601300109604	21	20	0.0031429177268871926	0.008402538531278333	12	9	0.987145038167939
31500	1601300122083	20	13	0.003149844500989539	0.008461468721668178	11	9	0.9871786824992932
31600	1601300134678	21	12	0.0031538026576194513	0.008379873073436083	11	10	0.9871812270285553
31700	1601300147499	21	10	0.003148854961832061	0.008420217588395285	10	11	0.9871123833757421
31800	1601300160064	21	11	0.003138676844783715	0.008404805077062557	11	10	0.9871767034209782
31900	1601300172720	28	11	0.003162425784563189	0.00835131459655485	18	10	0.9871676562058241
32000	1601300185324	22	20	0.0031467345207803225	0.008381233000906619	12	10	0.9871884365281312
32100	1601300198081	21	9	0.003163839411931015	0.00835403445149592	11	10	0.9871453208934124
32200	1601300210859	20	10	0.003181651116765621	0.008391659111514052	10	10	0.9871272264631044
32300	1601300223588	23	11	0.003166525303929884	0.008360380779691751	11	12	0.9871304778060503
32400	1601300236310	21	13	0.0031506926774102348	0.00827289211242067	10	11	0.9871547921967769
32500	1601300249109	23	20	0.003179813401187447	0.008333182230281051	13	10	0.9870961266610122
32600	1601300261826	20	10	0.0031460277070964092	0.00834768812330009	11	9	0.9871812270285553
32700	1601300274414	19	13	0.003164546225614928	0.008300543970988214	10	9	0.9871545094713033
32800	1601300286923	22	11	0.0031752897936104044	0.008361740707162285	11	11	0.9870620582414475
32900	1601300299550	21	10	0.0031628498727735367	0.008377606527651859	11	10	0.9871611535199322
33000	1601300312356	25	14	0.0031439072660446707	0.008394832275611967	11	14	0.987204127791914
33100	1601300325113	30	11	0.0031668080294034494	0.008335902085222122	21	9	0.9871080011309019
33200	1601300337760	24	20	0.0031683630195080575	0.00829827742520399	12	12	0.9871453208934124
33300	1601300350331	21	8	0.0031850438224484026	0.008423844061650044	10	11	0.9871082838563755
33400	1601300363150	22	11	0.0031812270285552727	0.008436536718041704	12	10	0.98714631043257
33500	1601300375853	23	12	0.0031765620582414477	0.008489120580235722	13	10	0.98714631043257
33600	1601300388452	21	11	0.003169918009612666	0.008362647325475975	10	10	0.9870866553576477
33700	1601300401129	21	9	0.003191122420130054	0.008466001813236626	10	11	0.9871960701159175
33800	1601300413753	31	12	0.0031906983319197058	0.008393019038984588	19	12	0.9870322307039864
33900	1601300426471	31	11	0.0032007350862312696	0.008341795104261106	20	11	0.9871824992931864
34000	1601300439223	22	18	0.0031687871077184055	0.008373073436083409	12	10	0.9871084252191122
34100	1601300451800	24	23	0.003181651116765621	0.008397552130553036	13	11	0.9871269437376308
34200	1601300464560	22	13	0.003183206106870229	0.008452855847688123	12	10	0.9871741588917161
34300	1601300477255	21	10	0.003169918009612666	0.008421124206708977	11	10	0.9871494204127792
34400	1601300489739	24	13	0.00317670342097823	0.008387126019945602	12	12	0.9871467345207803
34500	1601300502559	21	11	0.0031676562058241447	0.008386219401631914	10	11	0.9871547921967769
34600	1601300515117	20	12	0.003175996607294317	0.008390752493200364	10	10	0.9871187446988974
34700	1601300527729	20	13	0.0031694939214023184	0.00835403445149592	10	10	0.9871817924795024
34800	1601300540532	23	14	0.0031649703138252757	0.008439709882139618	11	12	0.9871724625388748
34900	1601300553390	22	14	0.0032062482329657904	0.008471441523118767	11	11	0.9871522476675149
35000	1601300566180	31	11	0.0031895674300254453	0.008381686310063462	20	11	0.9870883517104891
35100	1601300578902	34	12	0.0032061068702290076	0.008340435176790572	21	13	0.9870616341532372
35200	1601300591656	33	10	0.0031976251060220526	0.008421124206708977	20	13	0.9871108283856376
35300	1601300604573	30	15	0.0032127509188577892	0.008439709882139618	19	11	0.9870979643765904
35400	1601300617399	31	12	0.003192111959287532	0.008398005439709881	20	11	0.9871294882668928
35500	1601300629749	22	20	0.0031887192536047496	0.008398005439709881	13	9	0.9871276505513147
35600	1601300642428	24	17	0.0031877297144472716	0.008409338168631006	12	12	0.9871368391292056
35700	1601300654743	21	21	0.0031874469889737063	0.008386219401631914	12	9	0.9871142210913203
35800	1601300667169	22	23	0.0031820752049759684	0.008406165004533091	12	10	0.9871135142776364
35900	1601300679601	22	19	0.003201583262651965	0.008435630099728015	11	11	0.9870838281029121
36000	1601300692215	21	21	0.0031791065875035342	0.008376246600181325	11	10	0.9871294882668928
36100	1601300704930	26	8	0.0032041277919140515	0.008472801450589302	11	15	0.9871287814532089
36200	1601300717750	21	21	0.0031829233813966636	0.008433816863100635	11	10	0.9871236923946848
36300	1601300730726	21	19	0.0031871642635001416	0.008359020852221215	11	10	0.9871135142776364
36400	1601300743367	23	20	0.0032021487135990953	0.008381233000906619	11	11	0.9871270851003675
36500	1601300756168	22	18	0.0031901328809725757	0.008376699909338169	11	11	0.9871198756007916
36600	1601300768912	29	18	0.0032022900763358777	0.008393472348141431	14	15	0.9871266610121572
36700	1601300781511	23	17	0.003210771840542833	0.008397098821396193	13	10	0.9871039016115352
36800	1601300794335	22	20	0.003203279615493356	0.008409338168631006	11	11	0.9871299123551032
36900	1601300807014	32	10	0.0032092168504382246	0.008400271985494107	20	12	0.9870600791631327
37000	1601300819405	30	12	0.0031994628216002264	0.008451042611060744	21	9	0.9870880689850156
37100	1601300831831	22	12	0.0031976251060220526	0.008420670897552131	12	10	0.987167090754877
37200	1601300844579	22	14	0.00321444727169918	0.008438349954669083	12	10	0.9870530110262935
37300	1601300857234	23	11	0.0032128922815945716	0.008411604714415231	10	13	0.987120299689002
37400	1601300870004	23	10	0.0032264631043256997	0.008457842248413418	12	11	0.987095561210065
37500	1601300882797	22	10	0.0032070964093864856	0.008436083408884859	10	12	0.987167090754877
37600	1601300895986	24	12	0.0032109132032796155	0.008564369900271986	11	13	0.9871590330788804
37700	1601300909023	26	22	0.0032268871925360473	0.008467361740707162	12	14	0.9870621996041843
37800	1601300921626	23	20	0.003214164546225615	0.008479601087941976	12	11	0.987095561210065
37900	1601300934129	33	10	0.0032275940062199606	0.008440616500453309	20	13	0.9871092733955329
38000	1601300946813	23	10	0.0032169918009612667	0.00849818676337262	11	12	0.9870852417302799
38100	1601300959464	22	12	0.0032233531241164827	0.008512692656391659	11	11	0.9870848176420696
38200	1601300972235	21	10	0.0032225049476957875	0.00850362647325476	11	10	0.9870785976816511
38300	1601300984601	22	11	0.003208368674017529	0.008436083408884859	10	11	0.9871036188860617
38400	1601300997258	22	12	0.0032201017811704833	0.008511332728921125	11	11	0.9870596550749222
38500	1601301010028	22	21	0.00324399208368674	0.008455122393472349	11	11	0.9870783149561776
38600	1601301022736	30	13	0.0032082273112807465	0.008461922030825023	20	10	0.9871413627367825
38700	1601301035694	24	10	0.003229855810008482	0.008460562103354488	11	13	0.9871357082273112
38800	1601301048513	20	13	0.0032346621430590894	0.008404805077062557	10	10	0.9870527283008199
38900	1601301061270	21	11	0.0032196776929601357	0.008467815049864007	11	10	0.9870603618886061
39000	1601301073854	19	10	0.0032291489963245687	0.00849909338168631	10	9	0.9871173310715295
39100	1601301086517	22	24	0.0032280180944303082	0.00856482320942883	11	10	0.9871406559230986
39200	1601301099224	25	18	0.0032014418999151825	0.008529011786038078	13	12	0.987137828668363
39300	1601301112005	32	14	0.0032186881538026576	0.008424750679963736	20	12	0.9870952784845914
39400	1601301124787	21	12	0.0032492225049476956	0.008486854034451496	10	11	0.9870412779191405
39500	1601301137728	20	10	0.003195787390443879	0.008513145965548504	11	9	0.9872121854679107
39600	1601301150330	25	10	0.0032374893977947412	0.008469628286491388	11	13	0.9870808594854397
39700	1601301162664	25	11	0.003215154085383093	0.008461922030825023	12	13	0.9871234096692112
39800	1601301175332	23	19	0.0032301385354820467	0.008512239347234813	11	11	0.9871019225332203
39900	1601301188258	30	11	0.0032186881538026576	0.008516319129646418	19	11	0.987071529544812
40000	1601301201062	21	12	0.0032261803788521345	0.008522665457842247	10	11	0.9871279332767883
40100	1601301213600	22	10	0.003217557251908397	0.008539437896645513	11	10	0.9871212892281594
40200	1601301226033	23	12	0.0032003109980209216	0.008556210335448776	12	11	0.9871292055414193
40300	1601301238977	22	9	0.003226039016115352	0.008577969174977334	12	10	0.9871002261803788
40400	1601301251714	22	18	0.0032090754877014418	0.008467361740707162	11	11	0.9871039016115352
40500	1601301264456	24	20	0.003213457732541702	0.008537171350861286	13	11	0.9871013570822731
40600	1601301277100	24	13	0.003223635849590048	0.008524932003626473	11	13	0.98713005371784
40700	1601301289805	22	10	0.0032271699180096126	0.008561650045330917	11	11	0.987087079445858
40800	1601301302659	22	12	0.0032285835453774387	0.008487307343608341	10	12	0.9870578173593441
40900	1601301315050	25	11	0.0032193949674865704	0.0084818676337262	12	12	0.9871311846197343
41000	1601301327959	33	11	0.0032206672321176137	0.008572982774252039	20	12	0.9871204410517388
41100	1601301340747	20	9	0.0032052586938083123	0.008587035358114234	10	10	0.9871642635001414
41200	1601301353345	21	13	0.003232541702007351	0.008529011786038078	11	10	0.9870400056545094
41300	1601301366112	20	13	0.0032813118461973425	0.00852357207615594	11	9	0.9870323720667232
41400	1601301379072	32	13	0.00323960983884648	0.008534904805077062	20	12	0.9870465083404014
41500	1601301391939	20	7	0.0032312694373763076	0.008524025385312783	10	9	0.987045518801244
41600	1601301404781	19	13	0.0032405993780039583	0.008505893019038984	10	9	0.9870593723494487
41700	1601301417602	32	18	0.003245122985581001	0.008564369900271986	16	16	0.9870931580435397
41800	1601301430587	19	12	0.0032704269154650834	0.008560743427017226	10	9	0.9870651682216568
41900	1601301443381	22	14	0.003250494769578739	0.008529918404351768	12	10	0.9870973989256432
42000	1601301456063	24	12	0.003232400339270568	0.008529465095194923	12	12	0.9871205824144755
42100	1601301468935	21	21	0.003255583828102912	0.008502266545784225	12	9	0.987069550466497
42200	1601301481603	21	13	0.0032349448685326547	0.008480961015412512	11	10	0.9871416454622561
42300	1601301494421	23	11	0.0032588351710489114	0.008526745240253852	11	12	0.9870866553576477
42400	1601301506825	22	12	0.003237348035057959	0.008534451495920218	12	10	0.9871441899915182
42500	1601301519520	24	22	0.003249505230421261	0.008539437896645513	13	11	0.9870449533502968
42600	1601301532242	21	12	0.003271840542832909	0.00849456029011786	11	10	0.9871318914334182
42700	1601301545055	21	10	0.003238196211478654	0.008548957388939257	11	10	0.9870614927905004
42800	1601301557390	22	11	0.003252473847893695	0.008560743427017226	12	10	0.9869886909810573
42900	1601301570251	23	19	0.0032316935255866553	0.008579782411604715	12	11	0.9871130901894261
43000	1601301582876	21	14	0.0032551597398925644	0.008566183136899365	11	10	0.9870545660163981
43100	1601301595845	23	10	0.003240316652530393	0.008510879419764278	12	11	0.9870674300254453
43200	1601301608752	23	9	0.003255725190839695	0.008517679057116954	11	12	0.9870703986429177
43300	1601301621488	31	11	0.003227735368956743	0.008556210335448776	21	10	0.9871193101498446
43400	1601301634325	24	13	0.0032595419847328243	0.008560290117860381	12	12	0.9870595137121855
43500	1601301647114	21	12	0.0032301385354820467	0.008586128739800544	11	10	0.9870332202431439
43600	1601301659657	21	10	0.003244416171897088	0.008543064369900271	11	10	0.9871364150409951
43700	1601301672438	22	20	0.0032193949674865704	0.008521758839528559	11	11	0.9871070115917444
43800	1601301685292	20	11	0.0032653378569409103	0.008549410698096102	10	10	0.9870616341532372
43900	1601301698365	22	11	0.003249081142210913	0.008564369900271986	11	11	0.9870787390443879
44000	1601301710900	20	10	0.003239185750636132	0.008561650045330917	10	9	0.987087079445858
44100	1601301723775	31	12	0.0032336726039016114	0.008573436083408884	20	11	0.987092309867119
44200	1601301736575	20	9	0.003242295730845349	0.008544424297370807	11	9	0.9871205824144755
44300	1601301749344	23	12	0.003249929318631609	0.00859202175883953	12	11	0.9870562623692395
44400	1601301762072	33	12	0.0032757986994628218	0.008570716228467815	21	12	0.9870661577608143
44500	1601301775067	21	11	0.003244698897370653	0.008608340888485947	11	10	0.9870869380831213
44600	1601301787813	22	10	0.00324017528979361	0.008627379873073436	11	11	0.9871081424936387
44700	1601301800595	21	18	0.0032418716426350015	0.008525385312783318	11	10	0.9870626236923947
44800	1601301813238	31	11	0.003254594288945434	0.008663644605621032	20	11	0.9870678541136556
44900	1601301826193	24	9	0.003244133446423523	0.008581595648232094	11	13	0.9871587503534068
45000	1601301839043	23	11	0.003244416171897088	0.00862148685403445	12	10	0.9870549901046084
45100	1601301852139	31	19	0.0032469607011591742	0.008537624660018133	13	17	0.9870684195646028
45200	1601301864778	20	11	0.0032543115634718687	0.00856482320942883	10	9	0.9870265761945152
45300	1601301877507	22	13	0.003265055131467345	0.008585675430643699	11	11	0.9870517387616624
45400	1601301890368	22	21	0.0032784845914616907	0.008628286491387126	11	11	0.9870646027707096
45500	1601301903352	32	10	0.0032765055131467346	0.008521758839528559	20	12	0.9871047497879559
45600	1601301916211	22	13	0.003257704269154651	0.008513599274705349	11	11	0.9871088493073226
45700	1601301928746	22	11	0.003258693808312129	0.008534451495920218	11	10	0.9870588068985016
45800	1601301941629	27	21	0.003259683347469607	0.00856482320942883	13	14	0.987115776081425
45900	1601301954300	23	13	0.003270002827254736	0.008576155938349955	11	12	0.9870278484591462
46000	1601301967206	23	16	0.003234520780322307	0.008590661831368994	11	12	0.9871443313542551
46100	1601301980105	23	22	0.003258269720101781	0.008579329102447868	11	12	0.9870127226463105
46200	1601301993050	21	10	0.003251908396946565	0.008556663644605621	11	10	0.9870914616906983
46300	1601302006158	25	10	0.003254594288945434	0.008543970988213962	10	15	0.9870825558382811
46400	1601302019344	25	22	0.003257562906417868	0.008578875793291025	13	11	0.9870147017246254
46500	1601302032087	24	11	0.0032448402601074357	0.008500453309156844	11	13	0.9870767599660729
46600	1601302044772	23	12	0.003261096974837433	0.008608794197642792	11	12	0.987040288379983
46700	1601302057767	31	11	0.0032675996607294316	0.008582048957388939	19	12	0.9870677127509189
46800	1601302070549	22	11	0.0032473847893695223	0.008533544877606528	12	10	0.9869912355103195
46900	1601302083319	23	17	0.003257986994628216	0.008490480507706255	12	11	0.9871178965224767
47000	1601302096178	21	10	0.003255725190839695	0.00856844968268359	11	10	0.9870530110262935
47100	1601302108756	19	11	0.0032647724059937802	0.008596554850407978	10	9	0.9870999434549053
47200	1601302121373	23	12	0.0032432852700028272	0.008587488667271078	12	11	0.9871095561210065
47300	1601302134005	20	15	0.0032632174158891717	0.00857207615593835	10	10	0.9870282725473565
47400	1601302146756	22	20	0.003265479219677693	0.008606527651858568	13	9	0.9871388182075205
47500	1601302159646	24	12	0.0032479502403166527	0.008639165911151405	12	12	0.9870834040147017
47600	1601302172640	22	19	0.0032521911224201302	0.00866863100634633	12	10	0.9870814249363867
47700	1601302185347	20	11	0.003273960983884648	0.008618766999093383	11	9	0.9870121571953633
47800	1601302198072	21	13	0.0032560079163132596	0.008582502266545784	12	9	0.9870972575629064
47900	1601302210852	25	11	0.0032820186598812554	0.00856844968268359	11	14	0.9870278484591462
48000	1601302223754	22	14	0.003284421826406559	0.00854125113327289	12	10	0.9870458015267175
48100	1601302236563	32	12	0.003265055131467345	0.008559836808703536	20	12	0.987031806615776
48200	1601302249360	21	14	0.0032486570540005656	0.008618313689936537	10	11	0.9871101215719537
48300	1601302261779	24	22	0.0032589765337856943	0.00856391659111514	14	10	0.987098812553011
48400	1601302274546	22	10	0.0032757986994628218	0.008595648232094287	11	11	0.9870851003675432
48500	1601302287270	21	18	0.0032861181792479504	0.00855938349954669	11	9	0.9870226180378853
48600	1601302300169	21	11	0.0032668928470455188	0.008606074342701723	11	10	0.9870948543963811
48700	1601302312943	24	9	0.00325657336726039	0.00857842248413418	12	11	0.9871154933559514
48800	1601302325848	24	13	0.003257704269154651	0.008654125113327289	11	13	0.9870713881820752
48900	1601302338794	22	10	0.0032646310432569974	0.00858386219401632	10	11	0.9870858071812271
49000	1601302351637	31	12	0.003271981905569692	0.008576155938349955	20	11	0.987086513994911
49100	1601302364526	21	11	0.0032697201017811706	0.008563463281958296	11	10	0.9870433983601923
49200	1601302377356	26	21	0.0032493638676844784	0.008608340888485947	14	12	0.9870777495052304
49300	1601302390082	24	13	0.003277636415040995	0.008572529465095196	11	13	0.9870559796437659
49400	1601302402764	23	18	0.00328993497314108	0.00856663644605621	13	10	0.9869778060503251
49500	1601302415850	25	11	0.0032649137687305626	0.008572529465095196	11	14	0.9869937800395816
49600	1601302428679	22	19	0.0032813118461973425	0.00850271985494107	13	9	0.9871039016115352
49700	1601302441522	21	10	0.0032873904438789933	0.00858386219401632	11	10	0.9870696918292338
49800	1601302454110	22	20	0.0032568560927339553	0.008626019945602902	12	10	0.9870179530675713
49900	1601302467163	24	11	0.0032823013853548206	0.008573889392565731	12	12	0.9870634718688154
50000	1601302480051	23	10	0.0032659033078880407	0.00863780598368087	11	11	0.9871204410517388
50100	1601302493090	22	10	0.0032864009047215152	0.008544877606527652	12	10	0.9870315238903025
50200	1601302505906	21	12	0.0032782018659881255	0.008571622846781505	11	10	0.9870336443313542
50300	1601302518625	21	10	0.0032653378569409103	0.008587488667271078	11	10	0.9870257280180944
50400	1601302531623	20	10	0.0032711337291489962	0.008620126926563916	10	10	0.9870985298275374
50500	1601302544558	32	10	0.0032733955329375176	0.008556663644605621	21	11	0.9870831212892281
50600	1601302557382	23	9	0.0032668928470455188	0.008602447869446963	12	11	0.9870996607294317
50700	1601302570111	24	21	0.0032619451512581285	0.008614233907524933	12	12	0.9870932994062765
50800	1601302583202	24	9	0.0032608142493638676	0.008626019945602902	11	13	0.9871154933559514
50900	1601302596144	22	30	0.003273678258411083	0.008571622846781505	13	9	0.9870911789652248
51000	1601302608736	23	10	0.0032598247102063895	0.008467361740707162	10	13	0.9870327961549336
51100	1601302621631	21	9	0.003271840542832909	0.008487760652765186	10	11	0.9870508905852418
51200	1601302634471	21	13	0.0032789086796720384	0.008610607434270173	11	10	0.9870706813683913
51300	1601302647129	22	12	0.003268871925360475	0.008582048957388939	11	11	0.9870908962397512
51400	1601302659888	22	13	0.00324399208368674	0.008552583862194017	11	11	0.9870832626519649
51500	1601302672846	21	12	0.003284563189143342	0.008606074342701723	10	11	0.9870374611252474
51600	1601302685843	31	11	0.0032811704834605597	0.008606980961015412	21	10	0.9870285552728301
51700	1601302698763	23	11	0.0032861181792479504	0.00863871260199456	12	11	0.9870784563189143
51800	1601302711216	32	9	0.003236217133163698	0.008616500453309157	19	13	0.9870795872208086
51900	1601302724002	22	13	0.0032637828668363018	0.008577515865820489	12	10	0.987016963528414
52000	1601302736939	31	13	0.0032663273960983883	0.008630553037171352	20	11	0.9870890585241731
52100	1601302749978	20	11	0.003264489680520215	0.008603354487760652	11	9	0.9870675713881821
52200	1601302762805	23	23	0.003270992366412214	0.008540797824116047	13	10	0.9869985863726322
52300	1601302775538	23	14	0.0032442748091603053	0.008544424297370807	11	12	0.9871026293469042
52400	1601302788401	21	22	0.0032725473565168224	0.008589755213055305	12	9	0.9871043256997456
52500	1601302801233	22	12	0.0032683064744133444	0.008597914777878513	11	11	0.9870781735934407
52600	1601302813837	21	9	0.003252897936104043	0.008655485040797824	11	10	0.987104042974272
52700	1601302826680	22	12	0.0032485156912637828	0.008613780598368086	11	11	0.9870927339553294
52800	1601302839290	27	8	0.003277070964093865	0.008587488667271078	11	16	0.987019508057676
52900	1601302852276	22	20	0.003290924512298558	0.008557116953762465	12	10	0.987061775515974
53000	1601302865286	33	11	0.0032900763358778627	0.008528105167724388	22	11	0.9870446706248233
53100	1601302878138	22	10	0.003270144189991518	0.008577969174977334	11	11	0.9870199321458863
53200	1601302891111	22	9	0.0032666101215719535	0.00855303717135086	11	11	0.9870405711054566
53300	1601302904155	22	13	0.003268165111676562	0.008575249320036265	12	10	0.9869854396381114
53400	1601302917232	22	12	0.0032905004240882103	0.008604261106074344	12	10	0.987063754594289
53500	1601302930363	22	9	0.003250918857789087	0.00864052583862194	11	11	0.9871176137970031
53600	1601302943188	24	19	0.0032784845914616907	0.008586582048957389	13	11	0.9870540005654509
53700	1601302956343	35	9	0.003292338139666384	0.008622393472348142	22	13	0.9870599378003958
53800	1601302969072	20	10	0.0032741023466214304	0.008634632819582955	10	10	0.9871057393271133
53900	1601302981884	21	10	0.0032769296013570822	0.008631912964641886	12	9	0.9870330788804071
54000	1601302994895	21	13	0.0032955894826123835	0.008675430643699003	11	10	0.9871081424936387
54100	1601303007919	24	11	0.003273678258411083	0.008591115140525839	12	12	0.9870766186033362
54200	1601303020783	19	12	0.0032731128074639524	0.008512239347234813	10	9	0.9870759117896523
54300	1601303033864	24	17	0.0032695787390443877	0.008600634632819583	13	11	0.9870272830081991
54400	1601303046883	31	11	0.0032627933276788237	0.008617860380779692	20	11	0.9869756856092734
54500	1601303059773	24	13	0.0032798982188295164	0.008657298277425203	12	12	0.9870651682216568
54600	1601303072732	20	13	0.0032748091603053437	0.008630099728014507	11	8	0.9870404297427198
54700	1601303085809	23	12	0.003243709358213175	0.008635539437896645	12	10	0.987122844218264
54800	1601303098720	21	13	0.0032800395815662992	0.008640072529465095	11	10	0.9870453774385072
54900	1601303111837	29	10	0.0033003958156629914	0.00863145965548504	12	17	0.9871112524738479
55000	1601303124809	21	21	0.0032503534068419565	0.008583408884859473	12	9	0.9871044670624823
55100	1601303137607	33	12	0.0032762227876731694	0.008538077969174978	22	11	0.9870968334746961
55200	1601303150430	23	12	0.003258269720101781	0.00857479601087942	11	12	0.9870251625671473
55300	1601303163592	21	11	0.0032890867967203846	0.00856300997280145	11	10	0.987020780322307
55400	1601303176564	19	10	0.0032743850720949957	0.00850997280145059	10	9	0.9870060785976816
55500	1601303189602	22	12	0.0032813118461973425	0.00858023572076156	12	10	0.9870660163980775
55600	1601303202576	20	10	0.003278060503251343	0.008572982774252039	11	9	0.9870627650551315
55700	1601303215502	24	20	0.003270568278201866	0.008616500453309157	13	11	0.9870353406841956
55800	1601303228558	33	13	0.0032808877579869945	0.008623300090661831	22	11	0.9870480633305061
55900	1601303241615	23	12	0.0032924795024031664	0.008595194922937442	12	11	0.9870726604467063
56000	1601303254530	21	12	0.0032745264348317785	0.008608340888485947	11	10	0.9870323720667232
56100	1601303267181	22	11	0.003263500141362737	0.008645512239347234	12	10	0.9871166242578456
56200	1601303280055	20	12	0.0032649137687305626	0.008597008159564823	11	9	0.9870480633305061
56300	1601303292904	19	12	0.003253604749787956	0.008599274705349047	10	9	0.9870828385637546
56400	1601303306102	22	19	0.003279615493355951	0.008551677243880326	12	10	0.98704877014419
56500	1601303318710	22	19	0.003301809443030817	0.008527651858567544	11	11	0.9870009895391575
56600	1601303331690	33	12	0.003276646875883517	0.008502266545784225	20	13	0.987090330788804
56700	1601303344738	22	12	0.0033013853548204694	0.008544424297370807	11	11	0.9869697483743285
56800	1601303357623	23	11	0.0032793327678823864	0.008589755213055305	11	12	0.9870060785976816
56900	1601303370800	28	8	0.003266186033361606	0.008642339075249321	12	16	0.9870484874187164
57000	1601303384021	24	13	0.0032684478371501273	0.00857026291931097	12	12	0.9870927339553294
57100	1601303396950	21	13	0.0032774950523042127	0.00857842248413418	11	10	0.9870436810856659
57200	1601303409893	23	10	0.0032714164546225615	0.008560743427017226	12	11	0.9870470737913486
57300	1601303423026	24	20	0.003291914051456036	0.00864687216681777	13	11	0.9869981622844218
57400	1601303436234	33	10	0.0032937517670342097	0.008628739800543971	20	13	0.987057251908397
57500	1601303449073	20	13	0.003283856375459429	0.0086350861287398	10	10	0.9871167656205824
57600	1601303462105	23	12	0.003290359061351428	0.00858023572076156	12	11	0.9870322307039864
57700	1601303475111	23	12	0.0032813118461973425	0.008674977334542158	12	11	0.9870497596833475
57800	1601303488035	21	12	0.003278767316935256	0.008670897552130553	11	10	0.9869919423240034
57900	1601303500979	22	11	0.0032815945716709078	0.008625113327289212	11	11	0.9870156912637829
58000	1601303514055	25	20	0.00327735368956743	0.008582502266545784	14	10	0.9870644614079729
58100	1601303526806	20	10	0.003253604749787956	0.008618313689936537	10	9	0.9870798699462822
58200	1601303539783	21	9	0.003268871925360475	0.008594741613780599	11	10	0.9870387333898785
58300	1601303552856	22	11	0.0032707096409386486	0.00855485040797824	11	11	0.9871184619734238
58400	1601303566033	22	11	0.00326915465083404	0.008597461468721668	10	12	0.9871173310715295
58500	1601303579184	23	20	0.0032591178965224767	0.008461468721668178	12	11	0.9870944303081708
58600	1601303592014	23	10	0.0032917726887192536	0.008555757026291931	11	12	0.9870514560361888
58700	1601303605102	21	12	0.003288238620299689	0.008557570262919312	11	10	0.9870621996041843
58800	1601303617953	22	15	0.0032818772971444725	0.008546690843155031	11	11	0.9870841108283857
58900	1601303630727	24	12	0.0032750918857789085	0.008543064369900271	11	13	0.9870277070964094
59000	1601303643937	23	20	0.0032800395815662992	0.008563463281958296	11	12	0.9870783149561776
59100	1601303657029	33	11	0.0032953067571388182	0.008519492293744334	21	12	0.9869748374328527
59200	1601303669993	21	10	0.0032540288379983035	0.008560290117860381	12	9	0.9870629064178682
59300	1601303683125	21	11	0.0032748091603053437	0.008577515865820489	11	10	0.9870313825275657
59400	1601303696380	24	12	0.003280463669776647	0.008636446056210336	10	14	0.9870104608425219
59500	1601303709546	23	18	0.003259400621996042	0.008597461468721668	11	12	0.9870330788804071
59600	1601303722691	34	13	0.003288945433983602	0.008557570262919312	21	13	0.9871135142776364
59700	1601303735400	22	10	0.003280463669776647	0.008577515865820489	12	10	0.9870705400056545
59800	1601303748397	24	12	0.0032677410234662144	0.008616953762466002	10	14	0.987148854961832
59900	1601303761472	22	12	0.0032955894826123835	0.008691749773345421	11	11	0.9870784563189143
60000	1601303774653	21	12	0.0033023748939779475	0.008597461468721668	11	10	0.9870458015267175
60100	1601303787829	21	20	0.003259683347469607	0.008600634632819583	12	9	0.9870828385637546
60200	1601303800883	33	10	0.0032622278767316937	0.008591568449682683	23	10	0.9870682782018659
60300	1601303813886	23	12	0.0032657619451512583	0.008535358114233909	11	12	0.9870466497031383
60400	1601303826751	23	9	0.003297851286400905	0.00850181323662738	11	12	0.987079304495335
60500	1601303839554	21	12	0.0032847045518801243	0.008519038984587488	12	9	0.9870679954763925
60600	1601303852511	24	12	0.003310008481764207	0.008606074342701723	10	14	0.987027989821883
60700	1601303865609	22	20	0.0032680237489397797	0.00856935630099728	12	10	0.9870588068985016
60800	1601303878769	32	13	0.0032953067571388182	0.008614687216681778	21	11	0.9870911789652248
60900	1601303891899	22	11	0.0032657619451512583	0.008569809610154126	11	11	0.9871379700310998
61000	1601303905076	22	11	0.0032564320045236077	0.008592475067996373	11	11	0.9870961266610122
61100	1601303918034	26	11	0.0032858354537743852	0.00849909338168631	12	13	0.9870564037319762
61200	1601303931276	20	12	0.003266186033361606	0.008533091568449683	11	9	0.9870251625671473
61300	1601303944252	23	18	0.003262086513994911	0.008534904805077062	12	11	0.9871048911506927
61400	1601303957129	30	13	0.003316369804919423	0.008563463281958296	20	10	0.9870367543115635
61500	1601303969997	22	12	0.0032690132880972577	0.008487760652765186	11	11	0.9870171048911507
61600	1601303982947	23	13	0.003266186033361606	0.008596101541251134	10	13	0.9870829799264914
61700	1601303995913	21	12	0.003271840542832909	0.00850634632819583	11	9	0.9870381679389313
61800	1601304008998	22	11	0.003273678258411083	0.008537624660018133	11	11	0.9870281311846197
61900	1601304021780	21	9	0.0032880972575629066	0.008546237533998188	10	11	0.9870600791631327
62000	1601304034811	25	18	0.0032578456318914334	0.00856482320942883	14	11	0.987067005937235
62100	1601304047702	32	11	0.0032760814249363866	0.008556663644605621	20	11	0.9870597964376591
62200	1601304060123	20	10	0.0032828668363019506	0.0085	10	10	0.9870685609273395
62300	1601304073280	21	13	0.003281453208934125	0.00856844968268359	11	10	0.9870800113090189
62400	1601304086189	22	12	0.0032837150127226463	0.008489573889392567	12	10	0.9870899067005937
62500	1601304098656	21	10	0.003270992366412214	0.008525838621940163	11	10	0.9870937234944869
62600	1601304111701	19	19	0.003262510602205259	0.008519038984587488	10	9	0.9869769578739045
62700	1601304124578	31	10	0.0032858354537743852	0.008583408884859473	20	11	0.987035764772406
62800	1601304137362	22	12	0.003270992366412214	0.008558476881233	11	11	0.9871092733955329
62900	1601304150232	24	15	0.003272830081990387	0.008524932003626473	12	11	0.9870599378003958
63000	1601304163054	23	12	0.0032601074356799547	0.008558930190389846	11	12	0.9871132315521628
63100	1601304175790	24	18	0.003273819621147865	0.008557116953762465	13	11	0.9870295448119876
63200	1601304188819	30	14	0.003282725473565168	0.008594288304623754	21	9	0.9870466497031383
63300	1601304201505	22	11	0.0032725473565168224	0.008543064369900271	11	11	0.987124823296579
63400	1601304214535	22	11	0.0032760814249363866	0.008535811423390752	12	10	0.9870237489397795
63500	1601304227486	21	12	0.0032725473565168224	0.008503173164097915	11	10	0.9870841108283857
63600	1601304240205	19	9	0.0032690132880972577	0.008484134179510426	10	9	0.9871330223353124
63700	1601304253325	26	21	0.0032849872773536896	0.008596101541251134	13	13	0.9871184619734238
63800	1601304266248	31	12	0.0032626519649420413	0.008501359927470536	21	9	0.9870453774385072
63900	1601304279200	21	10	0.003278343228724908	0.008608794197642792	11	10	0.9870682782018659
64000	1601304292120	21	10	0.0032677410234662144	0.008513599274705349	11	10	0.987050042408821
64100	1601304305152	24	9	0.003264348317783432	0.008494106980961015	12	12	0.9870976816511168
64200	1601304318134	21	17	0.0032656205824144755	0.008488667271078875	11	10	0.9871201583262652
64300	1601304330799	20	21	0.0032762227876731694	0.008555303717135086	11	9	0.9870486287814532
64400	1601304343816	28	11	0.0032675996607294316	0.008541704442429738	11	17	0.9871173310715295
64500	1601304356692	22	12	0.003244416171897088	0.008595648232094287	11	11	0.9870291207237772
64600	1601304369531	20	11	0.003267458297992649	0.00849456029011786	11	9	0.9870914616906983
64700	1601304382194	21	8	0.0032724059937800395	0.008518132366273799	12	9	0.9870139949109414
64800	1601304395305	22	18	0.003236499858637263	0.008519038984587488	11	11	0.9870497596833475
64900	1601304408507	31	14	0.0032668928470455188	0.008516772438803263	21	10	0.9871204410517388
65000	1601304421381	20	12	0.0032837150127226463	0.008532638259292838	11	9	0.9870867967203845
65100	1601304434287	22	11	0.0032921967769296012	0.00855938349954669	12	10	0.9870493355951371
65200	1601304447197	21	11	0.003280746395250212	0.008600634632819583	11	10	0.9869936386768448
65300	1601304460177	25	8	0.003303647158608991	0.008573436083408884	11	14	0.9869951936669494
65400	1601304473081	22	20	0.0033063330506078598	0.008592928377153218	13	9	0.9870104608425219
65500	1601304485936	32	10	0.0032725473565168224	0.008630099728014507	21	11	0.9870083404014701
65600	1601304499026	19	13	0.0032646310432569974	0.008619220308250226	10	9	0.9870548487418717
65700	1601304512003	20	12	0.0032646310432569974	0.008641885766092474	11	9	0.9870904721515409
65800	1601304524601	20	10	0.0032748091603053437	0.008667724388032637	11	9	0.9870606446140797
65900	1601304537441	22	9	0.003270002827254736	0.008685856754306437	11	10	0.9871304778060503
66000	1601304550401	22	21	0.0032858354537743852	0.008580689029918404	12	10	0.9870254452926208
66100	1601304563580	22	10	0.0032890867967203846	0.008644605621033545	11	11	0.9870735086231269
66200	1601304576669	22	10	0.0032803223070398645	0.008591568449682683	11	11	0.9870361888606164
66300	1601304589669	22	12	0.0032784845914616907	0.008672257479601087	12	10	0.9871050325134295
66400	1601304602297	20	11	0.0032647724059937802	0.008624206708975521	11	9	0.9870733672603902
66500	1601304615096	24	21	0.0032673169352558664	0.008665911151405258	14	10	0.9871258128357365
66600	1601304628166	30	13	0.0032921967769296012	0.008584315503173165	19	11	0.9870199321458863
66700	1601304641060	21	10	0.0032763641504099518	0.008596101541251134	12	9	0.9870995193666949
66800	1601304654037	21	9	0.00326039016115352	0.008656391659111515	10	10	0.9870449533502968
66900	1601304667089	23	11	0.003270992366412214	0.008613780598368086	11	12	0.9870183771557818
67000	1601304680009	21	8	0.0032830081990387334	0.008627833182230281	11	9	0.987042267458298
67100	1601304693043	32	13	0.003264348317783432	0.00865684496826836	21	11	0.9870999434549053
67200	1601304706036	22	13	0.0032627933276788237	0.008549410698096102	12	10	0.9870947130336444
67300	1601304718992	20	13	0.003277636415040995	0.008545784224841342	11	9	0.9870889171614362
67400	1601304731820	20	11	0.003270285552728301	0.008531731640979149	11	9	0.9870944303081708
67500	1601304744728	23	7	0.0032663273960983883	0.008529011786038078	11	12	0.9869975968334747
67600	1601304757478	23	19	0.003276646875883517	0.008569809610154126	12	11	0.9870373197625106
67700	1601304770397	21	13	0.003255301102629347	0.008551223934723481	11	10	0.9871104042974272
67800	1601304783557	20	9	0.0032731128074639524	0.008525838621940163	10	10	0.9871429177268872
67900	1601304796404	22	10	0.0032649137687305626	0.008595648232094287	12	10	0.987067005937235
68000	1601304809416	24	10	0.003279050042408821	0.008593381686310063	11	13	0.987067005937235
68100	1601304822619	25	19	0.0032837150127226463	0.008629193109700816	13	12	0.9870299689001979
68200	1601304835538	32	10	0.0032968617472434267	0.008648232094288305	20	12	0.9870876448968052
68300	1601304848383	23	9	0.0032469607011591742	0.0086441523118767	11	11	0.9870275657336726
68400	1601304861205	23	12	0.0032695787390443877	0.008521305530371713	12	11	0.9870255866553577
68500	1601304874350	23	9	0.0032839977381962115	0.008477787851314597	11	12	0.9870391574780888
68600	1601304887407	21	20	0.003264065592309867	0.00849546690843155	12	9	0.9870781735934407
68700	1601304900578	33	10	0.00328555272830082	0.008505893019038984	21	12	0.9870534351145038
68800	1601304913515	30	13	0.003282725473565168	0.008540344514959202	12	18	0.9870219112242014
68900	1601304926456	23	14	0.003297003109980209	0.00863145965548504	11	12	0.9870685609273395
69000	1601304939399	25	12	0.0032823013853548206	0.008590208522212149	10	15	0.9870838281029121
69100	1601304952679	24	19	0.003278625954198473	0.008545330915684497	12	12	0.9870581000848176
69200	1601304965814	32	12	0.0032687305626236925	0.008576155938349955	20	12	0.9870743567995477
69300	1601304978688	23	13	0.0032945999434549054	0.008648232094288305	11	12	0.987016963528414
69400	1601304991879	20	12	0.00329431721798134	0.008591115140525839	10	10	0.9870653095843935
69500	1601305004639	21	9	0.003273254170200735	0.008626019945602902	11	9	0.9871044670624823
69600	1601305017722	30	18	0.00328555272830082	0.00858023572076156	13	17	0.9871176137970031
69700	1601305030829	22	13	0.003299123551031948	0.008576155938349955	10	12	0.9871251060220526
69800	1601305043929	22	11	0.0032695787390443877	0.008558476881233	12	10	0.9870319479785129
69900	1601305056971	20	10	0.003272264631043257	0.008553490480507707	11	9	0.9871013570822731
70000	1601305069770	22	11	0.0032914899632456884	0.008654125113327289	11	11	0.9870805767599661
70100	1601305083099	26	18	0.0032680237489397797	0.008687669990933816	14	12	0.9869983036471586
70200	1601305096014	23	11	0.0032989821882951653	0.008649138712601994	11	12	0.9870199321458863
70300	1601305108985	21	11	0.0032917726887192536	0.008626473254759747	11	10	0.9870839694656488
70400	1601305122176	28	13	0.0032741023466214304	0.00864687216681777	11	17	0.9871096974837433
70500	1601305135247	25	21	0.003297851286400905	0.008597914777878513	13	12	0.9870127226463105
70600	1601305148380	21	11	0.00328936952219395	0.008616500453309157	10	11	0.9870612100650269
70700	1601305161427	21	9	0.0032636415040995194	0.008586582048957389	11	10	0.9870992366412213
70800	1601305174238	22	10	0.003284421826406559	0.008648232094288305	11	11	0.9870657336726039
70900	1601305187026	21	9	0.0032832909245122987	0.008590208522212149	11	9	0.987038309301668
71000	1601305199644	24	13	0.0032815945716709078	0.00862692656391659	10	14	0.9870284139100933
71100	1601305212469	21	20	0.0032743850720949957	0.008633272892112421	12	9	0.9870862312694374
71200	1601305225417	25	12	0.003293044953350297	0.00862148685403445	11	14	0.987024031665253
71300	1601305238389	20	10	0.0032992649137687305	0.008604714415231187	10	10	0.9870947130336444
71400	1601305251315	21	10	0.0032955894826123835	0.008592928377153218	11	10	0.9870152671755725
71500	1601305264499	22	10	0.0032871077184054285	0.008629193109700816	10	12	0.9870192253322024
71600	1601305277792	23	18	0.0032704269154650834	0.008587488667271078	13	10	0.9870419847328245
71700	1601305290883	21	13	0.0032994062765055133	0.008630099728014507	10	11	0.9870384506644049
71800	1601305303579	22	11	0.003291348600508906	0.008653671804170444	11	11	0.9871112524738479
71900	1601305316652	22	15	0.003294034492507775	0.00864052583862194	11	11	0.9870754877014419
72000	1601305329624	24	10	0.003289228159457167	0.008572982774252039	12	12	0.9870853830930166
72100	1601305342707	27	20	0.003279474130619169	0.008608340888485947	13	14	0.9870597964376591
72200	1601305355752	30	14	0.0032760814249363866	0.008625566636446055	20	10	0.9870432569974554
72300	1601305368694	25	15	0.003299689001979078	0.008699456029011786	11	14	0.9870542832909245
72400	1601305381650	22	11	0.0033020921685043823	0.008654578422484134	11	11	0.9870432569974554
72500	1601305394736	25	10	0.003295730845349166	0.00866863100634633	11	14	0.9871136556403732
72600	1601305408020	24	19	0.003300819903873339	0.008617860380779692	12	11	0.9871019225332203
72700	1601305421190	32	10	0.0032752332485156913	0.008547597461468723	20	12	0.987031806615776
72800	1601305433992	23	12	0.003277636415040995	0.00857116953762466	11	11	0.9871054566016398
72900	1601305447096	21	12	0.0032905004240882103	0.008640072529465095	11	10	0.9870951371218547
73000	1601305460037	20	9	0.003288521345773254	0.00864505893019039	11	9	0.9870595137121855
73100	1601305473165	22	18	0.0032830081990387334	0.008616500453309157	12	10	0.9870627650551315
73200	1601305486238	31	11	0.0032745264348317785	0.008689483227561197	20	11	0.9870294034492508
73300	1601305499331	21	13	0.0032936104042974273	0.008662737987307344	10	11	0.9870055131467346
73400	1601305512425	22	14	0.0033053435114503817	0.008628286491387126	12	10	0.9870811422109133
73500	1601305525243	22	10	0.0032726887192536048	0.008572529465095196	12	10	0.9869968900197907
73600	1601305538115	24	19	0.0032890867967203846	0.008587035358114234	14	10	0.9870590896239751
73700	1601305551085	33	11	0.003280746395250212	0.008619220308250226	22	11	0.9870668645744982
73800	1601305563921	23	10	0.003285411365564037	0.008627833182230281	11	12	0.9870679954763925
73900	1601305576803	25	13	0.0032849872773536896	0.008647325475974615	11	13	0.9870769013288098
74000	1601305589660	23	11	0.003304212609556121	0.00855303717135086	11	12	0.9870015549901046
74100	1601305602610	24	10	0.003273960983884648	0.008591568449682683	10	14	0.9870774667797568
74200	1601305615649	21	22	0.0032984167373480353	0.008577515865820489	12	9	0.9870879276222788
74300	1601305628386	22	11	0.003282584110828386	0.00851994560290118	11	11	0.9870120158326265
74400	1601305641284	19	10	0.0032675996607294316	0.008536264732547597	10	9	0.9871140797285836
74500	1601305654244	20	10	0.003284421826406559	0.008627379873073436	10	10	0.9871106870229007
74600	1601305667145	21	15	0.0032924795024031664	0.008532184950135992	11	10	0.9870764772405993
74700	1601305680243	21	17	0.0032968617472434267	0.00857479601087942	11	10	0.9870380265761945
74800	1601305693299	22	19	0.0033128357364998586	0.008624206708975521	12	10	0.987035057958722
74900	1601305706431	22	13	0.003311422109132033	0.00865684496826836	11	11	0.9869920836867402
75000	1601305719416	24	11	0.003270851003675431	0.008644605621033545	12	12	0.9870684195646028
75100	1601305732382	20	10	0.0032910658750353408	0.00865140525838622	11	9	0.987076053152389
75200	1601305745158	22	13	0.0032897936104042975	0.008630553037171352	11	11	0.9870545660163981
75300	1601305758336	25	21	0.003281453208934125	0.008576155938349955	13	12	0.9870706813683913
75400	1601305771221	22	11	0.003292055414192819	0.008611514052583862	12	9	0.9870388747526152
75500	1601305784116	23	13	0.0033052021487135993	0.0086441523118767	11	12	0.9870436810856659
75600	1601305796889	24	12	0.003291348600508906	0.008590661831368994	12	12	0.987061775515974
75700	1601305809829	23	19	0.003288945433983602	0.008594288304623754	13	10	0.9869834605597965
75800	1601305822897	20	12	0.003303647158608991	0.00864143245693563	10	10	0.9869851569126378
75900	1601305835890	21	13	0.0033009612666101214	0.008665457842248413	11	10	0.9870400056545094
76000	1601305848926	20	11	0.0032803223070398645	0.008631006346328195	11	9	0.9870769013288098
76100	1601305862030	22	20	0.003288379983036472	0.00857026291931097	13	9	0.9870081990387334
76200	1601305875100	24	12	0.0032944585807181226	0.008611967361740708	12	12	0.9870203562340967
76300	1601305888157	20	12	0.0032886627085100366	0.008556663644605621	11	8	0.9870664404862878
76400	1601305901070	22	10	0.0032934690415606445	0.008517679057116954	11	11	0.9871043256997456
76500	1601305913881	23	21	0.0032726887192536048	0.008619673617407071	14	9	0.987087079445858
76600	1601305926591	21	10	0.003290217698614645	0.008555303717135086	10	11	0.9870463669776647
76700	1601305939589	21	9	0.003279050042408821	0.008559836808703536	11	10	0.9870395815662991
76800	1601305952491	20	12	0.00330251625671473	0.008540344514959202	11	9	0.9870238903025162
76900	1601305965294	24	27	0.003290217698614645	0.008538984587488667	13	11	0.987045518801244
77000	1601305978304	26	9	0.0032914899632456884	0.008574342701722575	12	14	0.9869851569126378
77100	1601305991407	27	9	0.003310008481764207	0.008602901178603808	12	15	0.9870682782018659
77200	1601306004439	21	10	0.003292903590613514	0.008589301903898458	11	10	0.9870607859768165
77300	1601306017339	22	23	0.0033060503251342945	0.008661378059836808	11	11	0.9870308170766185
77400	1601306030222	22	11	0.0033105739327113372	0.00864505893019039	10	12	0.9870310998020921
77500	1601306043115	20	11	0.0032888040712468194	0.008594288304623754	11	9	0.9870462256149279
77600	1601306055879	21	12	0.0033070398642917726	0.008587941976427925	11	10	0.9870349165959853
77700	1601306068898	22	20	0.0032953067571388182	0.00872348141432457	13	9	0.9870607859768165
77800	1601306081808	24	10	0.003283432287249081	0.008683590208522211	12	12	0.9869877014419
77900	1601306094934	22	11	0.003317783432287249	0.008590661831368994	10	12	0.9870426915465084
78000	1601306107798	23	14	0.0032765055131467346	0.00857207615593835	11	12	0.9870558382810292
78100	1601306120852	22	18	0.0032964376590330787	0.00857842248413418	11	11	0.9869554707379135
78200	1601306133680	25	10	0.0032900763358778627	0.00864143245693563	12	13	0.9870797285835454
78300	1601306146571	22	11	0.003285128640090472	0.008659111514052584	11	11	0.9869974554707379
78400	1601306159388	22	11	0.0032774950523042127	0.008672710788757934	11	11	0.9871173310715295
78500	1601306172171	24	18	0.003279474130619169	0.008627833182230281	13	11	0.9870884930732259
78600	1601306185355	32	12	0.003299830364715861	0.008612873980054397	21	11	0.987013005371784
78700	1601306198057	21	14	0.0032735368956743004	0.008543064369900271	11	10	0.9870711054566016
78800	1601306210910	23	11	0.003271981905569692	0.008613780598368086	12	11	0.9870199321458863
78900	1601306224149	22	20	0.003296720384506644	0.008683590208522211	12	10	0.9870248798416738
79000	1601306236777	22	11	0.0032866836301950805	0.008621940163191297	11	11	0.9869964659315804
79100	1601306249778	20	12	0.0033087362171331635	0.008600181323662739	10	10	0.9870384506644049
79200	1601306262613	20	10	0.003305626236923947	0.008596101541251134	10	10	0.9870954198473283
79300	1601306275665	32	15	0.0033094430308170768	0.008627379873073436	21	10	0.9870250212044105
79400	1601306288718	22	10	0.003291631325982471	0.008667271078875794	11	11	0.9870514560361888
79500	1601306301716	22	12	0.00328173593440769	0.008586128739800544	11	11	0.9869703138252757
79600	1601306314766	31	9	0.003299689001979078	0.008636446056210336	21	9	0.9870374611252474
79700	1601306327912	20	10	0.0032632174158891717	0.008571622846781505	11	9	0.9871214305908962
79800	1601306340739	22	12	0.003283573649985864	0.008550770625566636	12	9	0.9870771840542832
79900	1601306353831	22	10	0.003288379983036472	0.008562103354487762	12	10	0.9870299689001979
80000	1601306366848	22	9	0.0032995476392422957	0.00858295557570263	12	10	0.9870354820469325
80100	1601306379894	21	22	0.0032849872773536896	0.008635539437896645	12	9	0.9870336443313542
80200	1601306392931	21	12	0.0032992649137687305	0.008596554850407978	11	10	0.9870590896239751
80300	1601306406022	22	11	0.0032953067571388182	0.008597008159564823	11	11	0.987035764772406
80400	1601306419243	22	12	0.0033026576194515127	0.008591568449682683	12	10	0.9870571105456601
80500	1601306432200	31	14	0.003272830081990387	0.008548957388939257	21	10	0.9871181792479502
80600	1601306445206	22	10	0.003282442748091603	0.00864596554850408	12	10	0.9870832626519649
80700	1601306458172	21	11	0.003291631325982471	0.008616500453309157	11	10	0.9870843935538592
80800	1601306471269	22	14	0.003304212609556121	0.008619673617407071	10	12	0.9871027707096409
80900	1601306484493	25	12	0.003304495335029686	0.008660018132366273	10	14	0.9870152671755725
81000	1601306497547	20	10	0.0032986994628216	0.008653671804170444	10	10	0.9870586655357648
81100	1601306510689	31	13	0.0033165111676562056	0.008729374433363555	21	10	0.9870619168787108
81200	1601306523930	21	9	0.0033067571388182074	0.008617407071622847	11	10	0.9870607859768165
81300	1601306537002	20	13	0.0032897936104042975	0.008528105167724388	10	10	0.9870313825275657
81400	1601306550046	32	9	0.003300113090189426	0.008590208522212149	21	11	0.9870271416454622
81500	1601306563086	21	10	0.0033011026293469042	0.008676337262012694	11	10	0.9871200169635285
81600	1601306576141	20	8	0.0032726887192536048	0.008668177697189482	11	9	0.9871060220525869
81700	1601306589215	33	13	0.003307605315238903	0.008613327289211242	22	11	0.9870702572801809
81800	1601306602157	22	13	0.0033119875600791633	0.008650951949229374	11	11	0.9869895391574781
81900	1601306615163	23	11	0.003306474413344642	0.008656391659111515	11	12	0.986990245971162
82000	1601306628073	31	14	0.0032994062765055133	0.008708522212148686	20	11	0.9871376873056262
82100	1601306641189	22	12	0.0032982753746112524	0.008700362647325476	11	10	0.9870417020073509
82200	1601306654077	22	11	0.003326689284704552	0.008674524025385313	10	12	0.9869732824427481
82300	1601306667046	33	9	0.003297992649137687	0.008664097914777878	21	12	0.9870746395250212
82400	1601306680251	21	11	0.00331071529544812	0.00870625566636446	11	10	0.9870308170766185
82500	1601306693185	24	10	0.0033033644331354256	0.008685856754306437	12	12	0.9870063613231552
82600	1601306706176	24	10	0.003332343794175855	0.00866863100634633	12	12	0.9869787955894826
82700	1601306719186	25	10	0.003315380265761945	0.008700815956482321	11	14	0.987079304495335
82800	1601306732360	23	18	0.0033223070398642916	0.00863871260199456	12	11	0.9869713033644332
82900	1601306745545	20	12	0.003310008481764207	0.008641885766092474	11	9	0.9870132880972575
83000	1601306758764	23	15	0.003300113090189426	0.008639165911151405	12	11	0.9870875035340684
83100	1601306771657	31	11	0.0033057675996607293	0.00864777878513146	21	10	0.9870349165959853
83200	1601306784435	21	13	0.0032864009047215152	0.00864868540344515	12	9	0.9871160588068985
83300	1601306797524	24	19	0.0032965790217698615	0.008676337262012694	13	11	0.9869964659315804
83400	1601306810541	23	9	0.003303929884082556	0.008665457842248413	12	11	0.9871047497879559
83500	1601306823618	19	13	0.003297851286400905	0.008630553037171352	10	9	0.9870627650551315
83600	1601306836542	22	21	0.003303929884082556	0.008680870353581142	12	10	0.9870405711054566
83700	1601306849305	21	11	0.003288238620299689	0.008699456029011786	10	11	0.987034492507775
83800	1601306861915	21	12	0.003305484874187164	0.008669084315503173	11	10	0.9869899632456884
83900	1601306874763	32	12	0.0032945999434549054	0.00870806890299184	20	12	0.9870767599660729
84000	1601306887802	22	11	0.0033026576194515127	0.008665004533091568	12	9	0.9870139949109414
84100	1601306900832	23	13	0.0033158043539722928	0.008623753399818676	12	11	0.9870196494204128
84200	1601306913926	21	16	0.003337291489963246	0.00878649138712602	11	10	0.9870322307039864
84300	1601306927165	25	11	0.0032931863160870793	0.00871532184950136	11	14	0.9871088493073226
84400	1601306940200	24	19	0.0033159457167090756	0.008705802357207615	14	10	0.9870040995193667
84500	1601306953228	22	13	0.0033040712468193384	0.008625566636446055	11	11	0.9870506078597682
84600	1601306966474	21	12	0.0033139666383941195	0.008718041704442429	11	10	0.9870800113090189
84700	1601306979459	32	12	0.003312411648289511	0.008733454215775158	21	11	0.9869892564320045
84800	1601306992529	22	12	0.00330251625671473	0.008746146872166818	12	10	0.9869768165111676
84900	1601307005644	21	18	0.003298840825558383	0.00876654578422484	12	9	0.9870408538309302
85000	1601307018994	23	10	0.003310432569974555	0.008700815956482321	12	11	0.9870712468193384
85100	1601307032024	23	11	0.0033057675996607293	0.00879555757026292	14	9	0.9870515973989257
85200	1601307045049	24	21	0.003331354255018377	0.008767452402538532	12	12	0.9869810573932711
85300	1601307057929	22	12	0.0033111393836584677	0.008730734360834089	11	11	0.987035764772406
85400	1601307071048	26	11	0.0033003958156629914	0.008733907524932003	12	14	0.9870501837715578
85500	1601307084146	32	13	0.003297851286400905	0.008700362647325476	20	12	0.9869649420412779
85600	1601307097141	27	14	0.0033105739327113372	0.00875475974614687	11	16	0.9870193666949392
85700	1601307110206	23	15	0.0032994062765055133	0.008694469628286492	11	12	0.9870295448119876
85800	1601307123206	33	11	0.003312270285552728	0.008665004533091568	22	11	0.9869879841673734
85900	1601307136397	20	11	0.0033040712468193384	0.00871441523118767	11	9	0.9870408538309302
86000	1601307149471	24	10	0.003308594854396381	0.008711242067089755	11	12	0.9870952784845914
86100	1601307162575	20	13	0.003313259824710206	0.008642339075249321	10	10	0.9869807746677975
86200	1601307175677	21	9	0.0033273960983884647	0.008665004533091568	11	10	0.9870104608425219
86300	1601307188538	22	17	0.0033329092451229855	0.008692656391659111	11	11	0.9869796437659033
86400	1601307201504	22	13	0.0032852700028272548	0.008665457842248413	11	11	0.9869923664122138
86500	1601307214633	22	10	0.0033080294034492507	0.00865231187669991	11	11	0.9870763358778626
86600	1601307227819	21	18	0.0033282442748091604	0.008614233907524933	11	10	0.9869718688153802
86700	1601307241253	22	9	0.0033005371783997738	0.008588848594741613	11	11	0.9870021204410517
86800	1601307254242	22	12	0.003336584676279333	0.008572529465095196	12	10	0.9870716709075488
86900	1601307267278	35	11	0.003308594854396381	0.008597008159564823	22	13	0.9870284139100933
87000	1601307280474	21	12	0.003299830364715861	0.00858839528558477	10	11	0.9870257280180944
87100	1601307293669	21	11	0.003298840825558383	0.00856391659111514	10	11	0.9869936386768448
87200	1601307306699	21	14	0.0033057675996607293	0.008593834995466908	10	11	0.9870250212044105
87300	1601307319844	21	10	0.0033105739327113372	0.008625566636446055	11	10	0.9870739327113373
87400	1601307332972	22	21	0.003302798982188295	0.008673617407071623	12	10	0.9870609273395533
87500	1601307345966	21	11	0.00332767882386203	0.008708522212148686	10	11	0.9869959004806333
87600	1601307359220	20	9	0.003304212609556121	0.008727107887579329	11	9	0.9869626802374893
87700	1601307372228	23	19	0.0032931863160870793	0.008710788757932911	14	9	0.9870405711054566
87800	1601307385329	21	13	0.0033210347752332483	0.00865956482320943	11	10	0.987037037037037
87900	1601307398186	21	10	0.0033169352558665537	0.008666364460562103	12	9	0.9871095561210065
88000	1601307411317	33	14	0.003313401187446989	0.008601541251133273	20	13	0.9870701159174442
88100	1601307424454	21	11	0.00328993497314108	0.008670444242973708	11	10	0.9869985863726322
88200	1601307437529	22	12	0.0033105739327113372	0.008671350861287399	11	11	0.9869657902176986
88300	1601307450717	23	11	0.003302798982188295	0.008687216681776973	12	11	0.9870149844500989
88400	1601307463927	23	11	0.0033388464800678543	0.008603354487760652	12	11	0.986947978512864
88500	1601307477063	23	17	0.0033022335312411647	0.008612420670897552	12	10	0.9870244557534634
88600	1601307490108	21	13	0.003335453774385072	0.008554397098821396	11	10	0.9870983884648007
88700	1601307503031	22	12	0.0033139666383941195	0.008615140525838621	12	10	0.9870349165959853
88800	1601307516082	24	19	0.0033088775798699463	0.008666817769718949	12	12	0.9869780887757987
88900	1601307529212	22	13	0.003279474130619169	0.008699002719854942	11	11	0.9871095561210065
89000	1601307542300	29	8	0.00331128074639525	0.00869809610154125	11	18	0.9870374611252474
89100	1601307555340	24	20	0.0033387051173310715	0.00873708068902992	13	11	0.9870231834888323
89200	1601307568531	20	12	0.0033347469607011592	0.008748413417951042	10	10	0.9869872773536895
89300	1601307581615	23	11	0.003296720384506644	0.008640979147778786	11	12	0.9870860899067005
89400	1601307594679	20	12	0.0033057675996607293	0.008694922937443337	10	10	0.9870147017246254
89500	1601307607664	22	12	0.003300113090189426	0.008681776971894832	10	12	0.9870354820469325
89600	1601307620849	25	20	0.0032974271981905568	0.008697189483227561	13	12	0.9870008481764206
89700	1601307634122	23	11	0.0033111393836584677	0.008683136899365368	11	12	0.9870182357930449
89800	1601307647205	21	11	0.003319055696918292	0.008690389845874887	10	11	0.9870178117048346
89900	1601307660330	22	12	0.00331891433418151	0.00871622846781505	12	10	0.9870244557534634
90000	1601307673405	20	12	0.0033094430308170768	0.008700815956482321	11	9	0.9870305343511451
90100	1601307686514	24	20	0.003314108001130902	0.008686763372620128	13	11	0.9870026858919989
90200	1601307699226	21	11	0.0033224484026010744	0.008749773345421577	11	10	0.9870398642917727
90300	1601307712441	21	11	0.0033145320893412495	0.008693563009972802	11	10	0.9870182357930449
90400	1601307725601	23	20	0.0033050607859768165	0.008758386219401632	12	11	0.9869506644048629
90500	1601307738562	23	11	0.003301526717557252	0.008746146872166818	10	12	0.9870376024879842
90600	1601307751325	22	11	0.003297851286400905	0.008708522212148686	11	11	0.9870183771557818
90700	1601307764188	32	10	0.003322024314390727	0.008718041704442429	21	11	0.9870154085383093
90800	1601307777207	21	13	0.003324851569126378	0.008733454215775158	11	10	0.9869601357082273
90900	1601307790238	21	20	0.0033155216284987275	0.008591115140525839	12	9	0.9870305343511451
91000	1601307803220	21	12	0.003302940344925078	0.008619220308250226	12	9	0.9870474978795589
91100	1601307816369	22	14	0.003303505795872208	0.008597914777878513	11	11	0.9870558382810292
91200	1601307829399	22	20	0.0033203279615493355	0.00864143245693563	12	10	0.986994769578739
91300	1601307842473	23	10	0.003316228442182641	0.008649592021758839	11	12	0.9870313825275657
91400	1601307855711	20	11	0.003303505795872208	0.008663191296464189	11	9	0.9869457167090755
91500	1601307868785	32	11	0.003313401187446989	0.008671804170444242	21	11	0.9869906700593724
91600	1601307881936	21	11	0.0033176420695504665	0.0086622846781505	11	10	0.9870600791631327
91700	1601307894978	25	22	0.003303647158608991	0.00871622846781505	13	12	0.987045518801244
91800	1601307908027	22	11	0.0033223070398642916	0.008634632819582955	10	12	0.9869901046084252
91900	1601307920992	23	11	0.0033033644331354256	0.008558930190389846	12	11	0.9870713881820752
92000	1601307933972	22	13	0.0033158043539722928	0.008599274705349047	10	12	0.9870603618886061
92100	1601307947023	23	9	0.003322165677127509	0.008642792384406165	12	11	0.9869775233248516
92200	1601307960096	24	22	0.003348741871642635	0.00864777878513146	13	11	0.9870360474978795
92300	1601307973235	22	13	0.003337574215436811	0.008703989120580236	11	11	0.9869529262086514
92400	1601307986331	21	9	0.003317500706813684	0.00863145965548504	11	10	0.9870310998020921
92500	1601307999317	21	13	0.0033302233531241165	0.008621940163191297	10	11	0.9870066440486288
92600	1601308012261	21	12	0.0033080294034492507	0.008567089755213055	11	10	0.9870583828102912
92700	1601308025170	22	20	0.003313401187446989	0.00863145965548504	12	10	0.9870134294599944
92800	1601308038302	22	10	0.0033149561775515975	0.008636446056210336	11	11	0.9870320893412496
92900	1601308051429	22	18	0.0033135425501837714	0.008683590208522211	12	10	0.9870131467345208
93000	1601308064451	24	12	0.0033087362171331635	0.008621940163191297	11	13	0.9870303929884082
93100	1601308077376	21	12	0.0033158043539722928	0.008685403445149592	11	10	0.9870197907831496
93200	1601308090545	22	11	0.003331354255018377	0.008587941976427925	11	11	0.9870394402035624
93300	1601308103760	23	11	0.0033367260390161154	0.008611060743427016	12	11	0.986958439355386
93400	1601308117076	34	14	0.0033125530110262934	0.008610607434270173	21	13	0.9870631891433418
93500	1601308130160	22	10	0.0033426632739609837	0.008649592021758839	11	11	0.9869840260107435
93600	1601308143451	26	20	0.0033152389030251628	0.008627379873073436	14	12	0.98703251342946
93700	1601308156664	27	12	0.0033022335312411647	0.008662737987307344	11	16	0.987071529544812
93800	1601308169813	21	11	0.003331071529544812	0.008613327289211242	11	10	0.9870818490245972
93900	1601308182494	22	21	0.0032858354537743852	0.008542611060743426	13	9	0.9870801526717558
94000	1601308195489	23	13	0.003317217981340119	0.008557116953762465	11	12	0.9870289793610404
94100	1601308208693	21	11	0.0033011026293469042	0.008651858567543063	11	10	0.9870684195646028
94200	1601308221320	30	11	0.00330689850155499	0.008727561196736174	20	10	0.9870011309018942
94300	1601308234257	22	11	0.0033183488832343793	0.008660018132366273	12	10	0.987019508057676
94400	1601308247414	25	19	0.003326972010178117	0.008589301903898458	14	11	0.9870305343511451
94500	1601308260668	21	11	0.0033090189426067287	0.00864596554850408	11	9	0.9870542832909245
94600	1601308273750	22	10	0.003340542832909245	0.00863871260199456	11	11	0.9869975968334747
94700	1601308287041	23	11	0.0033206106870229007	0.008544877606527652	11	12	0.9869838846480068
94800	1601308300267	23	13	0.0033367260390161154	0.008611967361740708	12	11	0.9870428329092451
94900	1601308313428	23	21	0.003310291207237772	0.00858023572076156	13	10	0.9870489115069268
95000	1601308326539	24	13	0.003299830364715861	0.008591568449682683	11	12	0.9870756290641787
95100	1601308339366	22	12	0.0033050607859768165	0.0085766092475068	12	10	0.9870173876166243
95200	1601308352475	20	13	0.003325982471020639	0.00866047144152312	11	9	0.9870776081424937
95300	1601308365502	20	9	0.0033146734520780323	0.0086441523118767	11	9	0.9870340684195646
95400	1601308378536	29	18	0.0032888040712468194	0.008648232094288305	14	15	0.9870033927056828
95500	1601308391750	20	13	0.0033032230703986427	0.008696736174070716	11	9	0.9870559796437659
95600	1601308404911	22	12	0.0033022335312411647	0.008678603807796918	11	11	0.9869676279332767
95700	1601308418110	23	13	0.0033346055979643764	0.008640979147778786	12	11	0.9870230421260956
95800	1601308431039	21	11	0.0033299406276505513	0.008614687216681778	12	9	0.9870668645744982
95900	1601308444187	25	18	0.00328993497314108	0.008680870353581142	14	11	0.9870196494204128
96000	1601308457061	26	11	0.003297992649137687	0.008686763372620128	11	15	0.9870634718688154
96100	1601308470051	23	11	0.00330689850155499	0.008687216681776973	12	11	0.9870928753180661
96200	1601308483054	26	13	0.0033309301668080294	0.008676790571169537	11	15	0.987013005371784
96300	1601308496222	21	16	0.0033358778625954197	0.00862964641885766	11	10	0.9870323720667232
96400	1601308509523	23	17	0.0033169352558665537	0.00864505893019039	13	10	0.9870705400056545
96500	1601308522686	23	10	0.0033292338139666385	0.008662737987307344	11	12	0.9870654509471304
96600	1601308535920	21	9	0.0033136839129205542	0.008673164097914778	11	10	0.9870073508623127
96700	1601308548991	29	12	0.003343652813118462	0.008605167724388033	20	9	0.9870655923098671
96800	1601308562105	22	11	0.003329657902176986	0.008577515865820489	11	11	0.9870754877014419
96900	1601308574952	24	19	0.003319197059655075	0.008655485040797824	13	11	0.9870588068985016
97000	1601308588080	21	15	0.0033377155781735934	0.008636899365367181	10	11	0.9869566016398077
97100	1601308601244	21	11	0.00331891433418151	0.008642792384406165	10	10	0.9870128640090472
97200	1601308614595	23	10	0.0033002544529262086	0.008645512239347234	11	12	0.9870664404862878
97300	1601308627755	21	11	0.0033156629912355104	0.008653671804170444	11	10	0.9870286966355669
97400	1601308641103	32	13	0.003317500706813684	0.008651858567543063	20	12	0.9870636132315521
97500	1601308654457	25	11	0.00331509754028838	0.008597461468721668	11	14	0.9870821317500706
97600	1601308667619	23	18	0.0032992649137687305	0.00856935630099728	13	10	0.9870288379983037
97700	1601308680633	22	13	0.0033166525303929884	0.008625566636446055	11	10	0.9870720949957591
97800	1601308693702	21	9	0.003318207520497597	0.008632366273798731	11	9	0.9870206389595703
97900	1601308706895	32	13	0.0033217415889171616	0.008663644605621032	21	11	0.9870244557534634
98000	1601308720195	21	11	0.003307605315238903	0.008671804170444242	11	10	0.9870419847328245
98100	1601308733451	19	20	0.0033388464800678543	0.008710788757932911	10	9	0.9869799264913769
98200	1601308746730	20	12	0.003304212609556121	0.008642339075249321	10	10	0.9870489115069268
98300	1601308759976	25	13	0.0033247102063895958	0.008558023572076157	12	13	0.9870776081424937
98400	1601308773200	22	9	0.0033022335312411647	0.008640072529465095	11	11	0.9870267175572519
98500	1601308786262	22	12	0.0033149561775515975	0.008612420670897552	11	11	0.987063754594289
98600	1601308799325	25	20	0.003324992931863161	0.008700815956482321	12	13	0.9870320893412496
98700	1601308812611	24	13	0.0033030817076618603	0.008592928377153218	12	12	0.9870089058524173
98800	1601308825565	21	19	0.0033033644331354256	0.008616500453309157	11	10	0.9869520780322307
98900	1601308838382	22	11	0.0033193384223918574	0.008624660018132366	11	11	0.9870771840542832
99000	1601308851301	21	11	0.003321176137970031	0.008623300090661831	12	9	0.9869919423240034
99100	1601308864531	32	11	0.0033005371783997738	0.008630553037171352	20	12	0.9870132880972575
99200	1601308877475	21	11	0.0033108566581849025	0.00859202175883953	12	9	0.9870306757138818
99300	1601308890748	23	18	0.003318066157760814	0.008619220308250226	13	10	0.9869737065309584
99400	1601308903940	23	10	0.003328668363019508	0.008587035358114234	11	12	0.9870725190839694
99500	1601308917191	20	12	0.0033135425501837714	0.008730281051677244	10	10	0.9869778060503251
99600	1601308930417	36	13	0.0033278201865988124	0.0086441523118767	20	16	0.9870033927056828
99700	1601308943584	21	10	0.0032936104042974273	0.008661378059836808	10	11	0.9871368391292056
99800	1601308956591	20	19	0.0033006785411365566	0.00864052583862194	11	9	0.9871126661012157
99900	1601308969841	22	12	0.003320893412496466	0.008683136899365368	11	11	0.9870607859768165
100000	1601308983049	20	13	0.0033341815097540288	0.008631006346328195	10	10	0.9869591461690699
