iteration	timestamp	zTotalTime	phiTotalTime	typeTokenDensity	documentDensity	z-0	countUpdate-0	phiDensity
0	1601296245750	0	0	0.001	0.0	0	0	0.9890217698614645
100	1601296255885	20	6	0.001018659881255301	0.0010222121486854034	6	13	0.9889927905004241
200	1601296265088	29	10	0.0011249646593158044	0.001227561196736174	15	13	0.9889492507774951
300	1601296274883	21	21	0.0013774385072094996	0.0018204895738893926	8	13	0.9886904156064461
400	1601296284823	28	19	0.0017305626236923948	0.0027257479601087943	8	19	0.988425219112242
500	1601296294750	29	14	0.002044811987560079	0.0038077969174977336	9	19	0.988121571953633
600	1601296305096	25	18	0.0022750918857789085	0.004712148685403445	10	14	0.9879390726604467
700	1601296315240	23	18	0.002395674300254453	0.005370353581142339	12	11	0.987745829799265
800	1601296325423	30	24	0.0024819055696918293	0.0058268359020852215	11	19	0.9877284421826407
900	1601296335745	26	13	0.002561492790500424	0.006181323662737987	11	15	0.9875815662991235
1000	1601296345820	25	9	0.002595843935538592	0.006404805077062556	10	15	0.9876088493073226
1100	1601296355860	33	10	0.0026341532372066725	0.006615593834995466	20	13	0.9875739327113373
1200	1601296365905	24	13	0.0026492790500424086	0.006818676337262013	11	13	0.9875173876166242
1300	1601296376173	31	13	0.0026724625388747526	0.006957388939256574	12	19	0.9875646027707097
1400	1601296386514	23	17	0.0027075204975968337	0.0071060743427017225	11	11	0.9875318066157761
1500	1601296396842	38	10	0.002711337291489963	0.007252493200362648	22	15	0.9874909527848459
1600	1601296406931	26	19	0.0027312694373763076	0.007344514959202177	11	14	0.9874279050042409
1700	1601296417309	26	8	0.002741306191687871	0.00742157751586582	11	14	0.9874201300537179
1800	1601296427602	29	10	0.002740316652530393	0.00750453309156845	11	18	0.987449250777495
1900	1601296437753	25	14	0.0027560079163132596	0.007598368087035358	11	14	0.9874831778343228
2000	1601296448184	38	18	0.0027715578173593443	0.007563009972801451	10	28	0.9874855810008482
2100	1601296458510	25	17	0.002778060503251343	0.007642792384406165	12	13	0.9874585807181228
2200	1601296468859	29	8	0.0027800395815662992	0.007631459655485041	13	16	0.987456460277071
2300	1601296479311	27	15	0.002810291207237772	0.007634632819582955	14	13	0.9874250777495053
2400	1601296489450	34	10	0.002803788521345773	0.007674524025385313	18	15	0.9874123551031948
2500	1601296499963	29	14	0.002823579304495335	0.007743880326382592	14	14	0.9874307322589765
2600	1601296510321	33	11	0.002818207520497597	0.007842701722574796	12	21	0.9874124964659315
2700	1601296520544	26	23	0.0028268306474413343	0.007817769718948321	11	14	0.9874550466497032
2800	1601296530812	25	9	0.0028394119310149843	0.0077833182230281055	11	14	0.9874001979078315
2900	1601296541055	25	16	0.002838139666383941	0.007737987307343609	11	14	0.9873976533785694
3000	1601296551256	28	19	0.002833474696070116	0.007767452402538532	14	14	0.9874396381113938
3100	1601296561544	30	11	0.002822589765337857	0.0077719854941069805	11	19	0.9873350296861747
3200	1601296572018	28	12	0.0028539722929035905	0.007847234814143246	13	15	0.987386909810574
3300	1601296582374	26	14	0.00286542267458298	0.00785766092475068	12	14	0.9873826689284705
3400	1601296592909	29	34	0.0028515691263782867	0.00787126019945603	14	15	0.9874718688153803
3500	1601296603142	33	16	0.002878710771840543	0.007838621940163193	12	20	0.9873712185467911
3600	1601296613363	26	11	0.002871925360474979	0.0077982774252039885	13	13	0.9873413910093299
3700	1601296623504	27	12	0.0028668363019508057	0.007802810516772439	12	15	0.9873835171048911
3800	1601296633664	29	11	0.0028774385072094996	0.007825022665457843	12	17	0.9873689567430025
3900	1601296643920	37	19	0.0028832343794175856	0.007884406165004533	21	15	0.987358213175007
4000	1601296654181	24	20	0.0028927056827820186	0.007870353581142337	11	13	0.9873890302516257
4100	1601296664549	25	12	0.0029013288097257564	0.007931097008159565	11	14	0.9873305060785977
4200	1601296674824	28	9	0.002897653378569409	0.007952402538531278	11	17	0.9874072660446707
4300	1601296685148	27	10	0.002912213740458015	0.007883499546690842	12	15	0.9873275374611252
4400	1601296695499	29	13	0.002916454622561493	0.007840435176790572	14	15	0.9873860616341532
4500	1601296705650	28	9	0.002904721515408538	0.007901178603807797	13	14	0.9873193384223918
4600	1601296715973	31	12	0.0029178682499293187	0.007880779691749775	11	20	0.9872903590613514
4700	1601296726364	38	13	0.0029129205541419284	0.007900725294650952	20	17	0.9874081142210913
4800	1601296736742	25	24	0.0029083969465648857	0.007913871260199455	10	15	0.9873551031947978
4900	1601296746931	25	17	0.002931014984450099	0.007943789664551225	12	13	0.9873242861181792
5000	1601296757110	26	13	0.0029225332202431438	0.00801631912964642	12	14	0.9873739044387899
5100	1601296767374	27	15	0.0029124964659315803	0.008005893019038986	13	14	0.987324427480916
5200	1601296777699	32	16	0.0029226745829799266	0.00800362647325476	11	21	0.9873450664404863
5300	1601296788181	27	8	0.002917020073508623	0.007982320942883047	13	14	0.9873549618320611
5400	1601296798423	28	16	0.0029358213175007066	0.008022212148685403	12	16	0.9872875318066158
5500	1601296808834	30	9	0.0029461407972858353	0.007980054397098821	13	17	0.9872804636697766
5600	1601296819397	25	14	0.0029410517387616626	0.007963735267452404	10	15	0.9873230138535483
5700	1601296829682	25	14	0.002944020356234097	0.00801631912964642	11	14	0.9873108566581849
5800	1601296840149	27	13	0.0029204127791914052	0.008026291931097008	12	14	0.9872970031099803
5900	1601296850658	28	17	0.00294910941475827	0.008042157751586582	12	16	0.9873505795872208
6000	1601296861077	25	11	0.0029416171897087926	0.008055303717135085	12	13	0.9872625106022053
6100	1601296871444	26	10	0.002938083121289228	0.008086582048957389	12	14	0.9873149561775516
6200	1601296881835	29	15	0.002947978512864009	0.008116047144152311	12	17	0.9872903590613514
6300	1601296892145	30	10	0.002961549335595137	0.008000453309156845	11	18	0.9872916313259825
6400	1601296902535	26	17	0.0029467062482329658	0.008053490480507705	12	14	0.9873300819903873
6500	1601296912880	27	13	0.002956601639807747	0.008085222121486853	12	15	0.9873500141362737
6600	1601296923079	28	10	0.002971444727169918	0.008039891205802358	12	16	0.987287390443879
6700	1601296933537	27	10	0.0029580152671755725	0.008060743427017226	13	14	0.9873097257562906
6800	1601296943829	30	16	0.0029713033644331354	0.008089755213055303	12	18	0.9872673169352558
6900	1601296954145	30	9	0.0029655074922250494	0.008105167724388032	11	18	0.9873247102063896
7000	1601296964402	26	12	0.0029790783149561775	0.008106074342701722	11	15	0.9872817359344077
7100	1601296974724	26	12	0.00297865422674583	0.008040344514959202	11	15	0.9872866836301951
7200	1601296984982	27	11	0.002975826972010178	0.008099728014505892	12	14	0.9873355951371219
7300	1601296995477	29	20	0.002979643765903308	0.008123753399818676	12	17	0.9872849872773537
7400	1601297006074	27	19	0.002974130619168787	0.008161831368993653	11	16	0.9873336160588069
7500	1601297016510	26	19	0.0029684761096974836	0.008149138712601995	14	12	0.987236641221374
7600	1601297026847	35	12	0.0029875600791631324	0.008126473254759747	19	16	0.9872897936104043
7700	1601297037258	26	17	0.002998586372632174	0.00808476881233001	12	14	0.9872184054283291
7800	1601297047792	26	15	0.0029773819621147866	0.008091568449682684	12	14	0.9873153802657619
7900	1601297058295	27	14	0.0030011309018942605	0.008091568449682684	12	15	0.9872921967769296
8000	1601297068787	29	18	0.0029953350296861745	0.008106527651858568	13	16	0.9872779191405145
8100	1601297079269	28	11	0.003001837715578174	0.008075249320036264	13	15	0.9872968617472434
8200	1601297089824	28	21	0.0029954763924229574	0.00814777878513146	13	15	0.9872753746112525
8300	1601297100170	37	11	0.0029953350296861745	0.008116500453309158	22	15	0.9872900763358778
8400	1601297110698	30	15	0.0030195080576759965	0.008041704442429737	12	18	0.9872806050325135
8500	1601297121217	27	19	0.00301639807746678	0.008112873980054397	12	15	0.9872274526434832
8600	1601297131645	26	12	0.0030093299406276507	0.008187216681776972	13	13	0.9872716991800962
8700	1601297141986	23	16	0.0029977381962114787	0.008172257479601087	11	12	0.9872684478371502
8800	1601297152510	27	18	0.0030148430873621714	0.00813961922030825	12	15	0.9872213740458016
8900	1601297163081	41	11	0.0030204975968334746	0.008203989120580235	21	20	0.9872283008199039
9000	1601297173453	31	10	0.0030329375176703422	0.008163191296464188	14	16	0.9872482329657902
9100	1601297183900	28	14	0.0030206389595702574	0.00813961922030825	13	14	0.9872325417020074
9200	1601297194364	27	17	0.003007492225049477	0.008114687216681777	12	15	0.9873084534916596
9300	1601297204901	27	16	0.0029936386768447836	0.008104261106074344	12	15	0.9873156629912355
9400	1601297215344	41	15	0.0030138535482046934	0.008155031731640979	23	18	0.9872815945716709
9500	1601297225569	26	16	0.0030185185185185185	0.008154125113327288	11	15	0.9872271699180096
9600	1601297236119	24	13	0.0030262934690415606	0.008205802357207616	11	13	0.9872397512015832
9700	1601297246604	34	13	0.0030032513429459995	0.008090661831368993	14	19	0.9872534633870512
9800	1601297257255	30	19	0.0030398642917726887	0.008246146872166817	15	15	0.9872800395815663
9900	1601297267851	40	15	0.0030209216850438226	0.008242973708068903	22	18	0.9871888606163415
10000	1601297278462	28	13	0.0030144189991518234	0.008205802357207616	14	14	0.9872298558100084
10100	1601297288817	28	14	0.0030320893412496466	0.008274252039891206	11	17	0.9872666101215719
10200	1601297299349	30	17	0.003014277636415041	0.00821713508612874	14	16	0.9872403166525304
10300	1601297310029	28	8	0.003023748939779474	0.008207615593834997	11	17	0.9872343794175855
10400	1601297320415	29	22	0.0030197907831495618	0.008224841341795103	14	15	0.9872725473565168
10500	1601297330810	28	16	0.0030357647724059936	0.008291477787851314	13	15	0.9872195363302233
10600	1601297341476	31	15	0.0030284139100932995	0.008187669990933817	12	19	0.9873125530110263
10700	1601297351640	28	12	0.003036047497879559	0.008169990933816863	13	15	0.9872489397794741
10800	1601297362114	25	16	0.003027848459146169	0.008147325475974614	12	13	0.9873149561775516
10900	1601297372483	40	15	0.0030156912637828667	0.008173164097914779	20	20	0.9872647724059938
11000	1601297382872	24	20	0.003032513429459994	0.008304170444242974	13	11	0.9872143059089624
11100	1601297393343	28	18	0.003049052869663557	0.008262919310970082	13	15	0.987261379700311
11200	1601297403806	32	15	0.0030320893412496466	0.008218495013599274	13	19	0.9872533220243144
11300	1601297414206	31	11	0.003005089058524173	0.00821713508612874	13	18	0.9872961549335595
11400	1601297424509	25	17	0.0030378852134577325	0.008290571169537625	11	14	0.9872150127226463
11500	1601297435073	35	10	0.0030513146734520782	0.008232547597461469	20	15	0.9872038450664404
11600	1601297445529	29	24	0.003052021487135991	0.008294197642792385	12	17	0.9872070964093865
11700	1601297455857	28	16	0.0030233248515691264	0.008315049864007253	15	13	0.9873238620299689
11800	1601297466437	33	11	0.0030752049759683346	0.008264279238440617	14	19	0.9872267458297993
11900	1601297476794	28	20	0.00307492225049477	0.008265185856754306	13	15	0.9872370653095844
12000	1601297487147	32	13	0.0030429742719819057	0.008232547597461469	13	18	0.9872160022618038
12100	1601297497733	36	12	0.00307492225049477	0.008206708975521304	20	15	0.9872048346055979
12200	1601297508418	26	23	0.003043115634718688	0.008309156844968267	12	14	0.9871737348035058
12300	1601297518638	26	13	0.003058806898501555	0.008259292837715322	12	14	0.9872562906417868
12400	1601297528993	24	15	0.0030494769578739045	0.00821804170444243	12	11	0.9872032796154934
12500	1601297539468	27	14	0.0030491942324003393	0.008206255666364461	12	15	0.9872777777777778
12600	1601297549778	24	16	0.0030538592027141644	0.008266545784224841	13	11	0.987214588634436
12700	1601297560246	38	16	0.0030250212044105173	0.008262466001813237	23	15	0.987204127791914
12800	1601297571019	32	24	0.0030436810856658185	0.008303263825929283	13	19	0.9872335312411649
12900	1601297581582	33	13	0.00304594288945434	0.008267452402538532	14	19	0.9872866836301951
13000	1601297592062	27	16	0.003046932428611818	0.00833680870353581	12	15	0.987247667514843
13100	1601297602632	24	13	0.0030770426915465083	0.008342701722574796	13	11	0.9872027141645462
13200	1601297613051	32	14	0.0030763358778625955	0.008376699909338169	12	20	0.9872242013005372
13300	1601297623635	26	13	0.0030667232117613796	0.008367633726201269	12	13	0.9871648289510885
13400	1601297634216	26	27	0.0030879276222787674	0.00834950135992747	12	13	0.9871970596550749
13500	1601297644715	24	24	0.0030829799264913767	0.008300543970988214	11	13	0.9871994628216002
13600	1601297655137	28	13	0.0030867967203845065	0.008336355394378967	13	15	0.9871344359626802
13700	1601297665522	26	10	0.0030665818490245972	0.008321849501359928	12	14	0.9871826406559231
13800	1601297675942	28	14	0.003077749505230421	0.008267905711695377	13	15	0.9872493638676845
13900	1601297686450	26	19	0.0030548487418716424	0.008299637352674525	12	13	0.987280887757987
14000	1601297696875	26	16	0.0030818490245971162	0.008292384406165004	12	14	0.9871806615776081
14100	1601297707211	30	22	0.0030675713881820753	0.008285131459655485	14	15	0.9871607294317218
14200	1601297717699	36	21	0.003070681368391292	0.008298730734360833	20	16	0.9871922533220243
14300	1601297728410	27	25	0.0030952784845914615	0.00829283771532185	13	14	0.9872653378569409
14400	1601297739309	28	18	0.003093440769013288	0.008286038077969175	12	16	0.9871747243426633
14500	1601297749685	25	13	0.003072801809443031	0.008287851314596556	12	13	0.987224342663274
14600	1601297760238	30	9	0.003070115917444162	0.008349954669084315	11	19	0.987157336726039
14700	1601297770651	29	11	0.0030665818490245972	0.008334088848594743	12	17	0.9871687871077184
14800	1601297781292	24	17	0.0030555555555555557	0.008304170444242974	12	12	0.9871911224201301
14900	1601297791725	28	11	0.0030609273395532936	0.00835494106980961	14	14	0.9872059655074922
15000	1601297802155	29	9	0.0030650268589199887	0.008330462375339982	12	17	0.9872478088775799
15100	1601297812424	34	10	0.003058100084817642	0.008378059836808702	20	14	0.9872251908396946
15200	1601297822803	24	23	0.0030753463387051174	0.008305983680870354	12	12	0.9871791065875035
15300	1601297833191	26	22	0.0030388747526152106	0.008296010879419764	12	13	0.9872592592592593
15400	1601297843729	26	13	0.00308425219112242	0.008288757932910245	14	12	0.9871791065875035
15500	1601297854388	26	10	0.0030867967203845065	0.008317316409791477	12	14	0.9872079445858072
15600	1601297865158	29	11	0.003094854396381114	0.008311876699909338	14	15	0.9871857506361323
15700	1601297875431	26	19	0.0030725190839694656	0.008282411604714416	12	14	0.9872304212609556
15800	1601297885909	27	17	0.0031070115917444163	0.00828014505893019	12	14	0.9872349448685327
15900	1601297896715	37	12	0.003070398642917727	0.00828195829555757	14	23	0.9872424370935822
16000	1601297907248	25	16	0.0030776081424936388	0.00836310063463282	11	14	0.9871850438224484
16100	1601297918059	26	11	0.0030800113090189425	0.008389392565729828	13	13	0.9871942324003393
16200	1601297928581	25	14	0.0031048911506926773	0.00836310063463282	13	12	0.9871974837432853
16300	1601297939294	28	30	0.0030783149561775516	0.008348594741613782	14	14	0.9872124681933843
16400	1601297949757	28	21	0.003101639807746678	0.008313236627379872	14	14	0.9871802374893978
16500	1601297960317	29	14	0.0030763358778625955	0.008368993653671804	12	17	0.987236641221374
16600	1601297970936	26	12	0.003067995476392423	0.00831006346328196	12	14	0.9871331636980492
16700	1601297981582	25	13	0.0030613514277636417	0.008325929283771533	12	13	0.9871720384506644
16800	1601297992320	35	16	0.0030913203279615492	0.008357207615593835	13	22	0.9872123268306474
16900	1601298002898	27	22	0.003110545660163981	0.008359927470534904	12	15	0.9871102629346904
17000	1601298013433	32	17	0.003085665818490246	0.008292384406165004	13	19	0.9872100650268589
17100	1601298023978	31	18	0.0030872208085948546	0.00836310063463282	13	18	0.9871447554424654
17200	1601298034377	23	12	0.00307167090754877	0.00834950135992747	11	12	0.9871997455470738
17300	1601298044833	29	9	0.0030729431721798132	0.008359474161378059	13	16	0.9871538026576194
17400	1601298055534	27	15	0.0030824144755442467	0.008321396192203082	12	15	0.9871908396946565
17500	1601298066277	38	19	0.003082273112807464	0.008402991840435177	18	20	0.9872046932428612
17600	1601298076943	34	11	0.0030761945151258126	0.008344061650045332	19	15	0.9871895674300254
17700	1601298087620	31	25	0.0030872208085948546	0.008278785131459656	15	16	0.9872331071529545
17800	1601298098059	29	24	0.003085241730279898	0.008286038077969175	15	14	0.9872486570540006
17900	1601298108336	28	15	0.0030995193666949394	0.008278785131459656	13	15	0.9872374893977948
18000	1601298118804	36	17	0.0031092733955329376	0.008411604714415231	16	20	0.9872116200169635
18100	1601298129444	29	17	0.0030791631325982473	0.008412058023572075	14	14	0.9871547921967769
18200	1601298139934	23	17	0.0030657336726039016	0.008384406165004533	12	11	0.9872244840260107
18300	1601298150494	29	11	0.003090472151540854	0.008395285584768812	12	17	0.9871618603336161
18400	1601298161381	24	13	0.0030877862595419846	0.008318676337262012	12	11	0.9871791065875035
18500	1601298171755	25	16	0.0030925925925925925	0.008312330009066183	12	13	0.9872099236641222
18600	1601298182412	28	10	0.003089482612383376	0.008385312783318223	14	14	0.987252897936104
18700	1601298192855	26	11	0.0030886344359626803	0.008338168631006346	12	14	0.9872137404580152
18800	1601298203320	26	17	0.0030955612100650267	0.008384406165004533	15	11	0.9871731693525586
18900	1601298213657	27	16	0.00308368674017529	0.008361740707162285	12	15	0.9872893695221939
19000	1601298224274	30	13	0.0030753463387051174	0.00842611060743427	13	17	0.9872346621430591
19100	1601298234704	23	15	0.0030947130336443315	0.008390299184043519	12	11	0.9871646875883517
19200	1601298245229	27	16	0.0031140797285835456	0.008450135992747052	12	15	0.9871921119592876
19300	1601298255674	34	10	0.003082697201017812	0.00842157751586582	19	15	0.9872063895957026
19400	1601298266301	34	15	0.003108707944585807	0.008350861287398006	19	15	0.9871111111111112
19500	1601298277284	32	25	0.003076901328809726	0.00841885766092475	12	20	0.9872398925643201
19600	1601298287785	27	20	0.0030957025728018095	0.008384859474161378	13	14	0.9872068136839129
19700	1601298298427	29	25	0.0031080011309018944	0.00837851314596555	12	17	0.9872363584959005
19800	1601298308886	32	17	0.0030797285835453773	0.008327742520398912	14	18	0.9871878710771841
19900	1601298319354	27	16	0.0031065875035340682	0.0084233907524932	12	15	0.9872256149279051
20000	1601298329994	27	16	0.003093440769013288	0.008415231187669991	13	14	0.9871874469889738
20100	1601298340589	24	10	0.0031024879841673736	0.008407071622846781	12	12	0.987199604184337
20200	1601298350912	25	18	0.00310941475826972	0.008395738893925657	13	12	0.9872111959287532
20300	1601298361530	27	15	0.00310941475826972	0.008364460562103356	13	14	0.9871799547639243
20400	1601298372084	26	13	0.003099943454905287	0.008369900271985493	14	12	0.9871659598529827
20500	1601298382604	31	11	0.0031406559230986713	0.008405258386219402	13	18	0.9871535199321458
20600	1601298393101	29	14	0.0031098388464800676	0.008358114233907525	14	15	0.9871720384506644
20700	1601298404033	26	19	0.003107435679954764	0.008353581142339075	12	14	0.987139807746678
20800	1601298414536	27	14	0.003111393836584676	0.008399818676337262	12	14	0.9872069550466497
20900	1601298424905	33	12	0.0030957025728018095	0.008398458748866728	12	21	0.9872448402601074
21000	1601298435664	31	16	0.003108566581849025	0.00842429737080689	12	19	0.9871803788521346
21100	1601298446559	28	26	0.003122702855527283	0.008401178603807798	12	16	0.9871895674300254
21200	1601298457016	24	23	0.003107435679954764	0.0083649138712602	12	12	0.9872049759683348
21300	1601298467626	37	15	0.0031429177268871926	0.008425657298277425	19	17	0.9871355668645745
21400	1601298478465	27	15	0.0031249646593158042	0.008448322756119673	12	15	0.987174300254453
21500	1601298489339	29	9	0.0031099802092168505	0.008400271985494107	12	17	0.9872076618603336
21600	1601298499772	24	15	0.003103618886061634	0.0083649138712602	11	13	0.9872063895957026
21700	1601298510212	27	11	0.003127791914051456	0.008410698096101541	15	12	0.9871553576477241
21800	1601298520937	28	15	0.0031006502685892	0.008372620126926564	12	15	0.9871504099519367
21900	1601298531636	30	14	0.0031123833757421542	0.008321396192203082	15	15	0.9871615776081425
22000	1601298542194	26	13	0.003117331071529545	0.008345421577515865	12	14	0.987131325982471
22100	1601298553149	27	15	0.0030952784845914615	0.008393925657298277	13	13	0.9872242013005372
22200	1601298564017	27	16	0.0031272264631043256	0.008428377153218494	12	15	0.9872962962962963
22300	1601298574621	26	10	0.003126802374893978	0.008310516772438803	12	14	0.9870814249363867
22400	1601298585277	30	17	0.0031204410517387616	0.008350861287398006	13	17	0.9871955046649703
22500	1601298595861	24	14	0.0031160588068985017	0.008381233000906619	12	11	0.9872500706813684
22600	1601298606420	24	15	0.0031070115917444163	0.008388032638259293	12	12	0.9871629912355103
22700	1601298616880	25	24	0.0031263782866836304	0.008365367180417044	12	13	0.987122278767317
22800	1601298627507	26	21	0.003123126943737631	0.008343608340888485	15	11	0.9872080859485439
22900	1601298637923	27	18	0.003123975120158326	0.008379873073436083	12	15	0.9871562058241448
23000	1601298648835	39	17	0.0031293469041560646	0.008392565729827743	23	16	0.9871509754028838
23100	1601298659549	28	15	0.0031714729997172745	0.008419764279238441	14	14	0.987200876448968
23200	1601298670203	32	14	0.0031262369239468475	0.008441523118766999	14	17	0.9872397512015832
23300	1601298680538	24	16	0.003131608707944586	0.008391659111514052	12	12	0.9871405145603619
23400	1601298691131	27	12	0.00311761379700311	0.008334995466908432	11	16	0.987221656771275
23500	1601298701655	24	13	0.003114927905004241	0.008383952855847688	12	11	0.9872021487135991
23600	1601298712278	31	19	0.003124399208368674	0.008402538531278333	13	18	0.9871501272264631
23700	1601298723019	24	11	0.0031060220525869382	0.008348141432456936	12	11	0.9871481481481481
23800	1601298733626	30	20	0.0031099802092168505	0.008332728921124207	12	18	0.9871382527565734
23900	1601298744306	38	12	0.003116341532372067	0.008401178603807798	21	17	0.9872260390161154
24000	1601298754872	29	13	0.003133587786259542	0.008387126019945602	12	17	0.9871088493073226
24100	1601298765386	25	16	0.0031232683064744133	0.008397552130553036	13	12	0.9871687871077184
24200	1601298775910	27	15	0.0031262369239468475	0.008458295557570262	13	14	0.9871745829799264
24300	1601298786361	25	17	0.003115210630477806	0.008429283771532185	12	13	0.9871957873904439
24400	1601298797000	32	14	0.0031283573649985865	0.008427470534904806	13	19	0.9873039298840826
24500	1601298807641	23	18	0.0031348600508905853	0.008497733454215775	11	12	0.987273112807464
24600	1601298818549	31	30	0.003132598247102064	0.00849546690843155	14	17	0.9871405145603619
24700	1601298829121	44	14	0.003129488266892847	0.008479601087941976	22	22	0.9871854679106588
24800	1601298840093	28	8	0.0031292055414192817	0.00849002719854941	13	15	0.9871713316369805
24900	1601298850426	24	14	0.0031211478654226744	0.008491387126019946	12	12	0.9871727452643483
25000	1601298861148	30	13	0.0031714729997172745	0.00843064369900272	13	17	0.9871767034209782
25100	1601298871737	28	12	0.003142069550466497	0.00834587488667271	12	16	0.9871533785694091
25200	1601298882299	27	12	0.0031522476675148433	0.008442429737080688	13	14	0.9871487135990953
25300	1601298893169	30	24	0.0031448968052021488	0.00843880326382593	12	18	0.9872201017811705
25400	1601298904110	27	19	0.0031321741588917163	0.008434723481414325	12	15	0.9871938083121289
25500	1601298914664	41	14	0.003137687305626237	0.008400271985494107	23	18	0.9872052586938083
25600	1601298925309	26	12	0.0031150692677410236	0.008417497733454215	12	14	0.987074780887758
25700	1601298936200	26	16	0.003137404580152672	0.008454215775158657	12	14	0.9871065875035341
25800	1601298947075	27	14	0.0031460277070964092	0.008407524932003627	13	14	0.9872239185750636
25900	1601298957727	26	19	0.0031396663839411932	0.00836944696282865	12	14	0.9871653944020357
26000	1601298968468	28	22	0.0031399491094147585	0.008450589301903897	13	15	0.9870581000848176
26100	1601298979168	39	15	0.0031586089906700593	0.008401178603807798	20	19	0.9871504099519367
26200	1601298990075	26	17	0.0031549335595137122	0.008386219401631914	11	15	0.9871802374893978
26300	1601299000856	29	13	0.003144189991518236	0.008453309156844968	15	14	0.9872119027424371
26400	1601299011343	27	13	0.0031433418150975403	0.0084233907524932	12	15	0.9871552162849873
26500	1601299021946	26	16	0.003121713316369805	0.008426563916591115	13	13	0.9872307039864292
26600	1601299032726	25	21	0.0031235510319479786	0.0084233907524932	12	13	0.9872000282725474
26700	1601299043086	24	14	0.003139383658467628	0.008455575702629193	12	12	0.9871061634153238
26800	1601299053621	25	13	0.0031477240599378006	0.008409338168631006	12	13	0.9871646875883517
26900	1601299064232	26	12	0.0031368391292055414	0.008402991840435177	11	15	0.9871304778060503
27000	1601299074798	27	13	0.0031320327961549335	0.008467815049864007	13	14	0.9871894260672887
27100	1601299085337	25	26	0.0031540853830930166	0.008466455122393472	14	11	0.9871265196494204
27200	1601299095982	24	14	0.0031543681085665818	0.008466455122393472	12	12	0.9872233531241165
27300	1601299106405	31	11	0.0031506926774102348	0.008424750679963736	13	18	0.9871854679106588
27400	1601299117082	27	16	0.003130477806050325	0.008401631912964641	12	15	0.987180096126661
27500	1601299127733	26	13	0.003138676844783715	0.008454669084315502	12	14	0.9871785411365565
27600	1601299138687	32	20	0.003157478088775799	0.008430190389845875	19	13	0.9871426350014136
27700	1601299149593	29	14	0.003145038167938931	0.008415684496826836	12	17	0.987143059089624
27800	1601299160271	32	10	0.00318928470455188	0.008446509519492293	14	18	0.9871314673452078
27900	1601299171028	27	13	0.003149844500989539	0.008469628286491388	13	14	0.9870842521911224
28000	1601299181572	36	16	0.0031564885496183207	0.008502266545784225	21	15	0.9871751484308736
28100	1601299192022	28	10	0.0031492790500424086	0.008472348141432457	13	15	0.9871071529544811
28200	1601299202899	29	12	0.0031588917161436245	0.00842429737080689	12	17	0.9871412213740458
28300	1601299213706	29	18	0.003148996324568844	0.008447869446962828	15	14	0.9871557817359344
28400	1601299224351	35	12	0.003158326265196494	0.008453309156844968	14	21	0.9870800113090189
28500	1601299235175	29	18	0.0031600226180378854	0.00843880326382593	13	16	0.9871491376873056
28600	1601299246080	32	9	0.0031680802940344927	0.008469174977334543	12	20	0.9871178965224767
28700	1601299256656	32	19	0.0031560644614079727	0.008457842248413418	20	12	0.9871832061068703
28800	1601299266999	32	12	0.00315154085383093	0.008425657298277425	12	20	0.987143059089624
28900	1601299277539	32	15	0.0031502685891998867	0.008338621940163191	12	20	0.9871536612948827
29000	1601299288152	30	30	0.0031590330788804073	0.00841613780598368	15	15	0.9871306191687871
29100	1601299298721	30	16	0.003162143059089624	0.008402991840435177	15	14	0.9871740175289794
29200	1601299309366	27	12	0.0031673734803505794	0.008451949229374433	15	12	0.9872195363302233
29300	1601299319893	27	14	0.003152530392988408	0.008486854034451496	12	15	0.987176844783715
29400	1601299330407	26	24	0.003155640373197625	0.008524025385312783	12	14	0.9871388182075205
29500	1601299341122	30	15	0.0031560644614079727	0.008411604714415231	13	17	0.9871180378852135
29600	1601299352038	27	18	0.0031632739609838848	0.008431097008159565	12	15	0.987122844218264
29700	1601299362646	28	15	0.003156347186881538	0.008471894832275612	13	15	0.9871562058241448
29800	1601299373313	26	23	0.003165535764772406	0.008469174977334543	14	12	0.9871246819338423
29900	1601299383670	28	22	0.0031717557251908397	0.008395738893925657	14	14	0.9871612948826689
30000	1601299394372	27	18	0.003179813401187447	0.008452402538531278	13	14	0.9871412213740458
30100	1601299404920	27	23	0.0031673734803505794	0.008501359927470536	13	14	0.9871563471868815
30200	1601299415585	27	16	0.0031680802940344927	0.008504079782411605	13	14	0.9871251060220526
30300	1601299426310	30	15	0.0031726039016115354	0.008476427923844062	12	18	0.9871724625388748
30400	1601299437119	26	15	0.0031806615776081423	0.008445149592021759	12	14	0.9871523890302516
30500	1601299447586	39	14	0.003144472716991801	0.008419764279238441	18	21	0.9871603053435114
30600	1601299458252	29	13	0.003170059372349449	0.008417497733454215	15	14	0.987189850155499
30700	1601299468735	23	13	0.0031799547639242295	0.008459655485040797	12	11	0.9870597964376591
30800	1601299479301	32	21	0.003175007068136839	0.008409338168631006	13	19	0.9871997455470738
30900	1601299489936	28	13	0.0031598812553011025	0.008388485947416138	12	15	0.9871850438224484
31000	1601299500756	25	17	0.003178823862029969	0.008439709882139618	12	13	0.9870829799264914
31100	1601299511456	28	26	0.0031874469889737063	0.008418404351767906	13	15	0.9870814249363867
31200	1601299522429	27	12	0.0032082273112807465	0.008438349954669083	12	15	0.9871389595702573
31300	1601299533117	29	14	0.0032106304778060503	0.008437443336355394	12	17	0.9871200169635285
31400	1601299543915	29	22	0.0031819338422391856	0.008441523118766999	14	15	0.9871639807746678
31500	1601299554421	31	14	0.0031676562058241447	0.008472348141432457	12	19	0.9871984732824427
31600	1601299565100	27	10	0.00319748374328527	0.008514052583862194	12	15	0.9871050325134295
31700	1601299575830	29	19	0.0031792479502403166	0.008548050770625567	14	15	0.9870913203279615
31800	1601299586751	33	17	0.0031775515973989257	0.00849546690843155	14	19	0.9870954198473283
31900	1601299597214	29	13	0.003184478371501272	0.008495013599274705	14	14	0.9871433418150976
32000	1601299607958	23	15	0.003178117048346056	0.008536264732547597	11	12	0.9871221374045801
32100	1601299618741	35	19	0.0031819338422391856	0.00849456029011786	19	16	0.9871607294317218
32200	1601299629485	31	13	0.0032079445858071813	0.00851178603807797	12	18	0.9871126661012157
32300	1601299640321	24	16	0.003173734803505796	0.008493200362647326	12	12	0.9870278484591462
32400	1601299651032	29	14	0.0031833474696070117	0.008519492293744334	15	14	0.9871169069833192
32500	1601299661800	28	11	0.0032000282725473564	0.008516319129646418	13	15	0.9871808029403449
32600	1601299672412	26	19	0.003169918009612666	0.008452402538531278	12	14	0.9871126661012157
32700	1601299683151	33	14	0.003210489115069268	0.008403898458748867	20	13	0.9870801526717558
32800	1601299693881	31	14	0.003181509754028838	0.008388032638259293	12	19	0.9871489963245689
32900	1601299704404	26	13	0.0031843370087644898	0.00850997280145059	12	14	0.9871994628216002
33000	1601299715151	31	18	0.0031820752049759684	0.008521305530371713	18	13	0.9871178965224767
33100	1601299725949	26	17	0.0032069550466497032	0.008460108794197643	12	14	0.9870602205258694
33200	1601299736690	28	17	0.0031789652247667514	0.008452402538531278	13	15	0.9871536612948827
33300	1601299747194	27	21	0.0031748657054000567	0.008504079782411605	13	14	0.9871439072660446
33400	1601299757692	27	15	0.0031854679106587502	0.008527651858567544	13	14	0.9871583262651965
33500	1601299768477	35	27	0.0031733107152954482	0.008451495920217588	14	21	0.9870964093864857
33600	1601299779503	28	9	0.003181509754028838	0.008426563916591115	14	14	0.9871324568843652
33700	1601299790220	27	24	0.0031939496748657056	0.008527651858567544	13	14	0.9871635566864575
33800	1601299800858	26	13	0.003181792479502403	0.00856663644605621	14	11	0.9871231269437376
33900	1601299811438	29	14	0.0031711902742437093	0.008501359927470536	12	17	0.987145038167939
34000	1601299821809	24	12	0.0031762793327678824	0.00848458748866727	12	12	0.9871169069833192
34100	1601299832441	29	14	0.0031793893129770994	0.00851178603807797	14	15	0.9871245405711054
34200	1601299842914	29	26	0.003158750353406842	0.008480054397098822	15	14	0.9871409386485722
34300	1601299853327	25	14	0.0031955046649703137	0.008536718041704442	12	12	0.9869953350296862
34400	1601299863829	27	20	0.0031860333616058807	0.008562103354487762	13	14	0.9871118179247951
34500	1601299874438	27	19	0.0032078032230703985	0.008510426110607434	12	14	0.9870880689850156
34600	1601299884938	26	13	0.0031829233813966636	0.008445149592021759	12	13	0.9871162001696353
34700	1601299895665	37	17	0.0031938083121289228	0.008479601087941976	21	16	0.9871809443030817
34800	1601299906561	29	11	0.00320186598812553	0.008505439709882141	12	16	0.9871178965224767
34900	1601299917182	33	20	0.0031996041843370088	0.008557570262919312	14	19	0.9870976816511168
35000	1601299927831	24	15	0.0032092168504382246	0.008549410698096102	12	12	0.9870313825275657
35100	1601299938600	27	17	0.0031936669493921404	0.008497280145058931	12	15	0.9871301950805768
35200	1601299949379	28	12	0.0032011591744416173	0.008461468721668178	13	14	0.9871177551597399
35300	1601299960226	31	11	0.0031993214588634435	0.008454669084315502	12	19	0.9871625671473
35400	1601299970797	35	15	0.00318052021487136	0.00846464188576609	20	15	0.9871135142776364
35500	1601299981429	30	14	0.003212044105173876	0.00850997280145059	15	14	0.9870573932711337
35600	1601299992127	28	21	0.0032130336443313545	0.008452402538531278	13	15	0.9871287814532089
35700	1601300002327	29	13	0.0032174158891716143	0.008517679057116954	14	15	0.9871420695504665
35800	1601300012962	26	14	0.003210771840542833	0.008538984587488667	12	14	0.9871522476675149
35900	1601300023567	27	13	0.0032208085948543966	0.008525838621940163	14	13	0.9870241730279898
36000	1601300034514	26	11	0.00320949957591179	0.008489573889392567	12	13	0.9871344359626802
36100	1601300045074	42	15	0.00320568278201866	0.008522665457842247	20	22	0.9871296296296296
36200	1601300055680	30	20	0.0032007350862312696	0.008538077969174978	15	14	0.9872042691546509
36300	1601300066464	27	29	0.003211054566016398	0.008537171350861286	13	14	0.9870899067005937
36400	1601300077250	31	16	0.00318490245971162	0.008507706255666365	13	18	0.9871547921967769
36500	1601300087909	25	15	0.003192394684761097	0.008583408884859473	12	13	0.9871058806898502
36600	1601300098596	25	18	0.0032193949674865704	0.008531731640979149	12	13	0.9870928753180661
36700	1601300109258	25	13	0.003211478654226746	0.008603354487760652	12	13	0.9871259541984733
36800	1601300119918	40	14	0.0032078032230703985	0.0085766092475068	19	21	0.9871318914334182
36900	1601300130572	27	16	0.003205965507492225	0.008578875793291025	12	15	0.9871692111959287
37000	1601300141337	33	21	0.0032302798982188296	0.008604261106074344	13	19	0.9870535764772406
37100	1601300152131	27	13	0.0032072377721232685	0.00859202175883953	12	15	0.9870289793610404
37200	1601300162918	25	10	0.00322702855527283	0.008622393472348142	12	13	0.9871528131184619
37300	1601300173530	41	13	0.0032070964093864856	0.008576155938349955	19	21	0.9870839694656488
37400	1601300184035	25	15	0.0032263217415889173	0.008595194922937442	12	13	0.9871074356799547
37500	1601300194567	28	19	0.0032213740458015266	0.008562103354487762	11	17	0.9870709640938649
37600	1601300205181	27	13	0.0032316935255866553	0.008550770625566636	13	14	0.987154085383093
37700	1601300215878	26	21	0.0032155781735934406	0.008571622846781505	12	14	0.9870999434549053
37800	1601300226479	33	15	0.0032157195363302234	0.008503173164097915	14	19	0.9871290641786825
37900	1601300237115	25	13	0.003225756290641787	0.008562556663644605	13	12	0.9870851003675432
38000	1601300247820	37	17	0.003210489115069268	0.008558023572076157	22	15	0.9871270851003675
38100	1601300258542	29	18	0.0032295730845349167	0.00864777878513146	13	16	0.9870428329092451
38200	1601300269413	26	22	0.0032222222222222222	0.008592475067996373	13	13	0.9871745829799264
38300	1601300280141	27	9	0.003209640938648572	0.00857842248413418	12	15	0.9870320893412496
38400	1601300291038	30	27	0.0032251908396946564	0.008602447869446963	12	18	0.987067005937235
38500	1601300301832	25	14	0.0032097823013853546	0.008605621033544878	11	14	0.9871171897087928
38600	1601300312748	27	20	0.003212468193384224	0.008582502266545784	14	13	0.9870687022900764
38700	1601300323697	26	12	0.0032160022618037886	0.008564369900271986	12	14	0.9870490528696636
38800	1601300334577	27	16	0.003230421260955612	0.008510879419764278	12	15	0.9870753463387051
38900	1601300345554	30	15	0.0032213740458015266	0.008623300090661831	11	19	0.9871342945999435
39000	1601300356553	28	16	0.003205541419281877	0.008624660018132366	12	16	0.9871200169635285
39100	1601300367400	26	23	0.003195787390443879	0.00851994560290118	13	13	0.9871297709923664
39200	1601300378374	25	14	0.003204975968334747	0.008600634632819583	13	12	0.9871251060220526
39300	1601300389330	32	19	0.003225756290641787	0.008538531278331821	12	20	0.9870965507492225
39400	1601300400392	27	18	0.0032432852700028272	0.008493200362647326	14	13	0.9871200169635285
39500	1601300411196	25	14	0.0032389030251625673	0.008504079782411605	12	12	0.9870612100650269
39600	1601300422073	31	18	0.003224625388747526	0.00856300997280145	13	18	0.9870596550749222
39700	1601300433048	26	14	0.003243709358213175	0.00855303717135086	12	14	0.987061775515974
39800	1601300443885	29	11	0.003226745829799265	0.008558476881233	12	17	0.9871249646593158
39900	1601300454836	36	20	0.0032075204975968333	0.008496826835902084	20	16	0.9871173310715295
40000	1601300465805	26	13	0.0032274526434831778	0.008586128739800544	12	14	0.9871130901894261
40100	1601300476766	44	15	0.00324017528979361	0.008593834995466908	24	20	0.9870807181227028
40200	1601300487710	25	16	0.003233813966638394	0.008661378059836808	12	13	0.9870791631325982
40300	1601300498608	34	14	0.0032237772123268307	0.008598821396192204	19	15	0.9870873621713316
40400	1601300509447	30	17	0.0032213740458015266	0.008612873980054397	13	16	0.9871000848176421
40500	1601300520439	35	20	0.003206530958439355	0.008527651858567544	19	16	0.9871194515125813
40600	1601300531219	30	13	0.003212468193384224	0.008573436083408884	12	18	0.987147582697201
40700	1601300542211	27	24	0.0032058241447554424	0.008505893019038984	11	16	0.9871041843370087
40800	1601300553040	27	17	0.0032186881538026576	0.008580689029918404	13	14	0.9870945716709075
40900	1601300563681	28	23	0.003221656771275092	0.008622393472348142	12	16	0.9870624823296579
41000	1601300574330	27	20	0.0032062482329657904	0.008620126926563916	13	14	0.98714235227594
41100	1601300585245	24	24	0.003258269720101781	0.008562556663644605	12	12	0.9870333616058807
41200	1601300596200	27	13	0.0032387616624257845	0.008618313689936537	12	15	0.9870900480633306
41300	1601300607246	29	21	0.00323084534916596	0.008592928377153218	13	15	0.9870629064178682
41400	1601300618084	27	16	0.003236923946847611	0.008565276518585675	12	14	0.987063754594289
41500	1601300629020	33	23	0.003239327113372915	0.00849274705349048	15	18	0.9871013570822731
41600	1601300639803	26	21	0.003238196211478654	0.008548957388939257	11	15	0.9870711054566016
41700	1601300650903	28	23	0.003233389878428046	0.008526291931097009	12	16	0.9870944303081708
41800	1601300661802	31	18	0.0032128922815945716	0.008589301903898458	12	19	0.9871115351993215
41900	1601300672764	26	24	0.003225756290641787	0.008591568449682683	12	14	0.9870723777212327
42000	1601300683655	25	17	0.0032521911224201302	0.008609247506799637	13	12	0.9870907548770144
42100	1601300694505	27	27	0.0032356516822165675	0.00856844968268359	13	14	0.9871162001696353
42200	1601300705180	27	13	0.0032281594571670906	0.008645512239347234	12	15	0.9871416454622561
42300	1601300716161	27	25	0.0032254735651682217	0.008602447869446963	12	15	0.9870949957591179
42400	1601300727026	27	14	0.003237913486005089	0.008681776971894832	12	15	0.9871159174441617
42500	1601300738006	33	12	0.003224908114221091	0.008682683590208523	13	20	0.9871410800113091
42600	1601300748781	28	13	0.003254877014418999	0.008615593834995466	14	14	0.9871567712750919
42700	1601300759623	27	24	0.003216850438224484	0.00858023572076156	12	15	0.9871176137970031
42800	1601300770110	26	20	0.003249505230421261	0.008594288304623754	12	14	0.9869773819621148
42900	1601300780595	27	24	0.003244416171897088	0.00856935630099728	15	12	0.9870862312694374
43000	1601300791689	32	16	0.003241023466214306	0.008612420670897552	13	19	0.9871557817359344
43100	1601300802817	42	15	0.003240033927056828	0.008636899365367181	26	16	0.9870366129488267
43200	1601300813752	28	16	0.0032622278767316937	0.008602901178603808	15	13	0.9871225614927905
43300	1601300824724	34	15	0.00320949957591179	0.00858386219401632	13	21	0.9871010743567995
43400	1601300835771	31	18	0.0032374893977947412	0.008607887579329104	12	19	0.9871178965224767
43500	1601300846458	27	15	0.00322702855527283	0.008653218495013599	13	14	0.9871167656205824
43600	1601300857540	28	25	0.003237206672321176	0.008622393472348142	13	15	0.9871010743567995
43700	1601300868297	31	14	0.003258269720101781	0.008574342701722575	14	17	0.9870807181227028
43800	1601300879292	40	16	0.0032500706813683913	0.00864324569356301	26	14	0.9869611252473848
43900	1601300889997	27	21	0.003245122985581001	0.008675883952855847	15	12	0.9870347752332486
44000	1601300900953	30	19	0.0032164263500141363	0.008663644605621032	13	17	0.9871174724342663
44100	1601300912019	26	16	0.003245122985581001	0.008657751586582049	13	13	0.9870665818490246
44200	1601300922822	27	11	0.003246819338422392	0.008662737987307344	13	14	0.9870842521911224
44300	1601300933536	26	21	0.003262369239468476	0.008655938349954668	12	14	0.9870674300254453
44400	1601300944404	27	21	0.003283432287249081	0.008669084315503173	13	14	0.9870182357930449
44500	1601300955328	28	21	0.0032663273960983883	0.008588848594741613	14	14	0.9870261521063047
44600	1601300966175	30	16	0.0032578456318914334	0.008648232094288305	11	19	0.9871143624540571
44700	1601300977168	28	17	0.00323960983884648	0.0086622846781505	13	15	0.9870961266610122
44800	1601300988250	25	26	0.0032299971727452643	0.008665004533091568	14	11	0.987091037602488
44900	1601300999408	28	14	0.0032541702007350863	0.008673164097914778	14	14	0.9870244557534634
45000	1601301010222	27	19	0.003249929318631609	0.008683590208522211	12	15	0.9870737913486005
45100	1601301021204	28	16	0.003245829799264914	0.008613327289211242	14	14	0.9870629064178682
45200	1601301031993	28	16	0.0032370653095843936	0.008592475067996373	14	14	0.9870964093864857
45300	1601301042924	34	12	0.003250494769578739	0.008637352674524024	19	15	0.9871108283856376
45400	1601301053802	25	18	0.0032343794175855247	0.008651858567543063	12	13	0.987139807746678
45500	1601301064778	26	16	0.003252615210630478	0.008615593834995466	12	14	0.9870443878993498
45600	1601301075627	27	24	0.0032427198190556968	0.0086350861287398	13	14	0.9870337856940911
45700	1601301086202	27	21	0.003231552162849873	0.008654578422484134	12	15	0.9870848176420696
45800	1601301097278	36	14	0.00322702855527283	0.008700815956482321	21	15	0.9870565450947131
45900	1601301107969	26	19	0.0032414475544246535	0.008627833182230281	12	14	0.9871229855810009
46000	1601301118638	33	18	0.0032417302798982187	0.008669537624660018	15	18	0.9870493355951371
46100	1601301129562	26	24	0.00323141080011309	0.008678150498640071	12	14	0.9870333616058807
46200	1601301140301	27	17	0.0032537461125247383	0.00868631006346328	12	15	0.9871017811704834
46300	1601301151347	37	16	0.0032564320045236077	0.008674524025385313	21	16	0.9871420695504665
46400	1601301162622	27	19	0.0032445575346338705	0.008729374433363555	13	14	0.9870798699462822
46500	1601301173413	26	17	0.0032275940062199606	0.008621033544877607	12	14	0.9870969748374329
46600	1601301184277	27	25	0.003250494769578739	0.008632819582955576	12	15	0.9871000848176421
46700	1601301195097	27	18	0.0032465366129488266	0.008619673617407071	13	14	0.987071529544812
46800	1601301205991	39	17	0.00323960983884648	0.00870897552130553	21	18	0.9871444727169918
46900	1601301217008	28	16	0.0032442748091603053	0.008664551223934724	13	15	0.9871065875035341
47000	1601301228022	29	16	0.003245829799264914	0.008759292837715323	14	15	0.9870778908679672
47100	1601301239012	27	30	0.0032408821034775235	0.00868631006346328	13	13	0.9870790217698615
47200	1601301249857	25	19	0.0032540288379983035	0.008626473254759747	13	12	0.9870821317500706
47300	1601301260690	30	17	0.003243709358213175	0.008655938349954668	14	16	0.9870665818490246
47400	1601301271664	32	15	0.0032569974554707377	0.008630553037171352	15	17	0.9870852417302799
47500	1601301282764	30	16	0.0032445575346338705	0.008669084315503173	11	19	0.9870880689850156
47600	1601301293788	35	15	0.003229714447271699	0.008626019945602902	20	15	0.9870356234096692
47700	1601301304619	26	17	0.003265196494204128	0.008661378059836808	12	14	0.9870884930732259
47800	1601301315629	26	16	0.0032622278767316937	0.008632819582955576	13	13	0.9870842521911224
47900	1601301326606	29	27	0.0032531806615776083	0.008632819582955576	13	16	0.9870771840542832
48000	1601301337419	27	16	0.0032531806615776083	0.008670444242973708	12	15	0.9870456601639808
48100	1601301348249	40	16	0.0032560079163132596	0.008613780598368086	24	15	0.9870327961549336
48200	1601301359147	26	16	0.003263500141362737	0.008685403445149592	12	14	0.9870480633305061
48300	1601301369933	33	16	0.003250777495052304	0.008704895738893926	14	19	0.9870937234944869
48400	1601301380831	32	22	0.0032544529262086516	0.008716681776971895	13	19	0.9870839694656488
48500	1601301391616	23	20	0.0032649137687305626	0.008656391659111515	12	11	0.9870415606446141
48600	1601301402423	31	16	0.0032500706813683913	0.008616047144152313	12	19	0.9871162001696353
48700	1601301413542	27	18	0.003246112524738479	0.008616500453309157	13	14	0.9870794458580718
48800	1601301424557	27	16	0.003250777495052304	0.008630099728014507	12	15	0.9871029120723778
48900	1601301435582	28	30	0.0032301385354820467	0.008645512239347234	14	14	0.9870776081424937
49000	1601301446365	25	20	0.003277777777777778	0.008658658204895739	12	13	0.9870214871359909
49100	1601301457137	32	21	0.0032405993780039583	0.00870625566636446	12	20	0.987034492507775
49200	1601301468093	28	23	0.0032533220243143907	0.008693563009972802	13	15	0.987084534916596
49300	1601301479132	25	16	0.0032389030251625673	0.008669537624660018	13	12	0.9870887757986995
49400	1601301490066	38	18	0.003245122985581001	0.008666817769718949	21	17	0.9870709640938649
49500	1601301500919	26	19	0.0032560079163132596	0.008655938349954668	12	14	0.9871331636980492
49600	1601301511797	29	16	0.003257704269154651	0.008611967361740708	14	14	0.9870924512298558
49700	1601301522860	35	18	0.00326915465083404	0.00864324569356301	22	13	0.9871087079445858
49800	1601301533782	28	22	0.0032601074356799547	0.008628739800543971	13	15	0.9871133729148996
49900	1601301544791	25	17	0.0032663273960983883	0.00865956482320943	13	12	0.987066299123551
50000	1601301555638	33	26	0.003263358778625954	0.008611514052583862	15	18	0.9870978230138535
50100	1601301566497	24	18	0.003251767034209782	0.008604261106074344	12	12	0.9870746395250212
50200	1601301577346	26	17	0.003265196494204128	0.008656391659111515	14	12	0.9870340684195646
50300	1601301588250	32	27	0.003270144189991518	0.008615140525838621	13	19	0.9870315238903025
50400	1601301599215	27	19	0.003239327113372915	0.008619220308250226	13	14	0.987160588068985
50500	1601301610085	25	17	0.0032637828668363018	0.00864324569356301	13	12	0.9870103194797851
50600	1601301620667	26	30	0.003251908396946565	0.008642339075249321	12	14	0.9870186598812553
50700	1601301631733	33	13	0.0032653378569409103	0.0087116953762466	14	19	0.9870739327113373
50800	1601301642742	26	19	0.003266468758835171	0.00870353581142339	13	13	0.9870576759966073
50900	1601301653745	32	29	0.003234520780322307	0.008614233907524933	13	18	0.9870319479785129
51000	1601301664685	25	14	0.0032569974554707377	0.008669084315503173	12	13	0.9871094147582697
51100	1601301675600	24	22	0.003250918857789087	0.008700815956482321	12	12	0.9870689850155498
51200	1601301686437	33	24	0.003259259259259259	0.008661831368993653	14	19	0.9871005089058524
51300	1601301697464	26	16	0.003247102063895957	0.008618766999093383	12	14	0.9870154085383093
51400	1601301708376	26	17	0.0032541702007350863	0.008605621033544878	12	14	0.987053293751767
51500	1601301719230	27	23	0.0032479502403166527	0.008679057116953763	13	14	0.9870824144755442
51600	1601301730176	31	14	0.0032637828668363018	0.00864687216681777	12	19	0.9871058806898502
51700	1601301741090	32	8	0.003245829799264914	0.008613780598368086	12	20	0.9871133729148996
51800	1601301751688	27	23	0.0032405993780039583	0.008668177697189482	12	15	0.987086513994911
51900	1601301762468	25	16	0.0032319762510602205	0.008721214868540345	11	14	0.9870613514277636
52000	1601301773225	33	19	0.00324342663273961	0.008690389845874887	13	20	0.9870349165959853
52100	1601301784036	28	25	0.0032445575346338705	0.008680870353581142	12	16	0.9870675713881821
52200	1601301795033	28	14	0.0032394684761096974	0.008670444242973708	13	15	0.9870261521063047
52300	1601301805786	25	12	0.0032353689567430027	0.008622393472348142	12	13	0.9870924512298558
52400	1601301816562	28	23	0.0032547356516822164	0.008582048957388939	15	13	0.9870524455753463
52500	1601301827624	26	17	0.003289228159457167	0.008663644605621032	12	14	0.9870619168787108
52600	1601301838561	28	15	0.0032609556121006504	0.008672257479601087	14	14	0.9871212892281594
52700	1601301849628	27	22	0.003236641221374046	0.008618766999093383	12	15	0.9870665818490246
52800	1601301860560	26	19	0.003255725190839695	0.008664097914777878	11	15	0.987055272830082
52900	1601301871154	28	18	0.0032618037885213456	0.008723028105167724	13	15	0.9871251060220526
53000	1601301882150	32	23	0.0032599660729431723	0.00871532184950136	12	20	0.9870660163980775
53100	1601301893253	27	18	0.003241023466214306	0.00865140525838622	13	14	0.9870749222504948
53200	1601301904452	28	15	0.003261379700310998	0.0086441523118767	13	15	0.9870807181227028
53300	1601301915630	29	23	0.0032547356516822164	0.008622846781504986	13	16	0.9870559796437659
53400	1601301926589	27	15	0.003285411365564037	0.008600181323662739	12	15	0.9870606446140797
53500	1601301937757	32	17	0.003244698897370653	0.00863871260199456	12	19	0.9870501837715578
53600	1601301948719	34	17	0.003258552445575346	0.008630553037171352	15	19	0.9869980209216851
53700	1601301959837	29	15	0.003249505230421261	0.00862148685403445	12	17	0.9871012157195364
53800	1601301970805	30	16	0.003268165111676562	0.00864868540344515	15	15	0.9870752049759683
53900	1601301981857	26	15	0.0032656205824144755	0.008581595648232094	11	15	0.987042974271982
54000	1601301992830	27	15	0.003252473847893695	0.00865049864007253	12	15	0.9870233248515691
54100	1601302003821	47	19	0.0032469607011591742	0.008663191296464189	22	24	0.9870954198473283
54200	1601302014738	34	26	0.0032479502403166527	0.00864596554850408	14	20	0.9870548487418717
54300	1601302025718	29	24	0.0032724059937800395	0.008606074342701723	14	15	0.9870880689850156
54400	1601302036758	31	30	0.003259259259259259	0.008611060743427016	12	19	0.9870982471020638
54500	1601302047809	26	19	0.003255301102629347	0.008653218495013599	12	14	0.9870333616058807
54600	1601302058646	28	23	0.0032496465931580436	0.0085766092475068	13	15	0.9871232683064745
54700	1601302069911	28	16	0.0032581283573649986	0.008654125113327289	13	15	0.9870199321458863
54800	1601302081070	24	18	0.0032533220243143907	0.008691749773345421	12	11	0.9870600791631327
54900	1601302092069	33	17	0.0032726887192536048	0.008664551223934724	12	21	0.9870636132315521
55000	1601302103215	27	14	0.0032772123268306474	0.008677243880326382	14	13	0.9870320893412496
55100	1601302114232	30	17	0.0032694373763076053	0.00872529465095195	13	17	0.987055272830082
55200	1601302125337	28	15	0.003269296013570823	0.008694469628286492	13	14	0.9870807181227028
55300	1601302136130	25	18	0.0032482329657902175	0.008699002719854942	13	12	0.9871048911506927
55400	1601302147113	32	18	0.003253604749787956	0.008652765185856755	13	19	0.9870723777212327
55500	1601302158038	32	15	0.0032626519649420413	0.00869537624660018	13	19	0.9870924512298558
55600	1601302169172	29	15	0.003241023466214306	0.008737987307343608	14	15	0.9870872208085949
55700	1601302180253	27	16	0.0032601074356799547	0.008774252039891206	12	15	0.9870234662143059
55800	1601302191177	24	15	0.0032944585807181226	0.00870444242973708	12	12	0.9870281311846197
55900	1601302202381	36	18	0.0032670342097823016	0.008786038077969176	14	22	0.9870706813683913
56000	1601302213226	26	18	0.0032762227876731694	0.008771532184950137	12	14	0.9871006502685892
56100	1601302224226	30	17	0.003264489680520215	0.008766999093381687	13	17	0.9871429177268872
56200	1601302235432	28	16	0.003270992366412214	0.00879646418857661	14	14	0.9870224766751484
56300	1601302246499	31	18	0.003252473847893695	0.008679510426110607	13	18	0.9870599378003958
56400	1601302257383	27	17	0.0032680237489397797	0.008742067089755213	12	15	0.9870408538309302
56500	1601302268441	27	18	0.0032483743285270004	0.008762919310970082	14	13	0.9871050325134295
56600	1601302279525	27	17	0.003280746395250212	0.00865140525838622	13	14	0.987029262086514
56700	1601302290634	28	19	0.003275940062199604	0.008665457842248413	13	15	0.9870597964376591
56800	1601302301708	29	17	0.0032513429459994346	0.00869537624660018	12	17	0.9870040995193667
56900	1601302312788	27	15	0.0032466779756856095	0.008665457842248413	12	15	0.987066299123551
57000	1601302323933	31	10	0.0032283008199038734	0.008716681776971895	12	19	0.987066299123551
57100	1601302334973	29	19	0.0032760814249363866	0.008647325475974615	14	15	0.9870388747526152
57200	1601302345926	29	18	0.0032618037885213456	0.008590661831368994	14	15	0.9871077184054283
57300	1601302356773	30	13	0.00326039016115352	0.008672710788757934	15	15	0.9871433418150976
57400	1601302367708	31	18	0.003246819338422392	0.008709428830462376	14	17	0.987066299123551
57500	1601302378771	34	21	0.00323522759400622	0.008710335448776065	16	18	0.987122278767317
57600	1601302389746	39	17	0.003267175572519084	0.008761559383499547	21	18	0.9871039016115352
57700	1601302400624	38	15	0.0032561492790500425	0.008703989120580236	22	15	0.9870947130336444
57800	1601302411636	34	15	0.003245405711054566	0.008722121486854034	19	14	0.9871341532372067
57900	1601302422592	27	24	0.0032496465931580436	0.008694469628286492	14	13	0.9870661577608143
58000	1601302433462	27	24	0.0032551597398925644	0.008695829555757026	14	13	0.9870757704269154
58100	1601302444387	24	23	0.0032791914051456036	0.008674977334542158	12	12	0.9870380265761945
58200	1601302455479	30	25	0.0032735368956743004	0.008689483227561197	16	14	0.9870817076618603
58300	1601302466393	28	27	0.0032521911224201302	0.008664097914777878	13	15	0.9871122420130054
58400	1601302477186	28	26	0.0032711337291489962	0.00859202175883953	13	15	0.987040288379983
58500	1601302488341	30	22	0.003264489680520215	0.008610154125113328	13	17	0.9870278484591462
58600	1601302499033	27	25	0.003271557817359344	0.00870988213961922	12	15	0.9869834605597965
58700	1601302510129	30	15	0.0032774950523042127	0.00863961922030825	12	17	0.9870638959570257
58800	1601302521088	28	15	0.0032601074356799547	0.008678603807796918	13	15	0.9870527283008199
58900	1601302532122	25	18	0.0032523324851569126	0.008660018132366273	13	11	0.9870769013288098
59000	1601302543220	33	16	0.003259400621996042	0.008686763372620128	15	18	0.9871314673452078
59100	1601302554308	28	18	0.0032666101215719535	0.008618766999093383	13	15	0.9870401470172463
59200	1601302565400	26	15	0.00327735368956743	0.008695829555757026	13	13	0.9870913203279615
59300	1601302576446	28	18	0.0032668928470455188	0.008696736174070716	14	14	0.9870476392422958
59400	1601302587343	26	17	0.0032989821882951653	0.008772438803263826	14	12	0.9871057393271133
59500	1601302598190	28	14	0.0032695787390443877	0.008815956482320943	14	14	0.9870223353124117
59600	1601302609212	27	17	0.003266044670624823	0.008821396192203084	11	15	0.9871164828951089
59700	1601302620298	29	15	0.003270568278201866	0.008740253853127832	15	14	0.9869929318631608
59800	1601302631496	25	13	0.0032425784563189144	0.008688576609247508	12	13	0.987105315238903
59900	1601302642479	27	15	0.0032801809443030816	0.008620580235720762	12	14	0.9870272830081991
60000	1601302653398	28	14	0.0032697201017811706	0.008683590208522211	12	15	0.9870867967203845
60100	1601302664413	24	16	0.0032541702007350863	0.008674070716228468	11	13	0.9870661577608143
60200	1601302675340	24	20	0.003262510602205259	0.008611060743427016	11	13	0.9870989539157478
60300	1601302686504	27	16	0.0032558665535764772	0.008650951949229374	13	14	0.9870474978795589
60400	1601302697761	28	13	0.0032675996607294316	0.008711242067089755	13	15	0.9870267175572519
60500	1601302708929	27	16	0.003278343228724908	0.008682683590208523	12	15	0.987037743850721
60600	1601302720023	25	16	0.003245405711054566	0.008615140525838621	12	13	0.9871574780887759
60700	1601302731059	25	13	0.0032503534068419565	0.00863599274705349	13	12	0.9870213457732542
60800	1601302741959	28	16	0.003271557817359344	0.008664551223934724	13	15	0.9870349165959853
60900	1601302753228	29	17	0.0032537461125247383	0.008634179510426112	12	17	0.9870442465366129
61000	1601302764357	27	16	0.0032793327678823864	0.008675430643699003	15	12	0.9870499010460843
61100	1601302775461	27	25	0.003278343228724908	0.008689936536718042	13	14	0.9870817076618603
61200	1601302786739	29	25	0.003297709923664122	0.008705802357207615	12	17	0.9869728583545377
61300	1601302797731	24	29	0.003271840542832909	0.008678603807796918	12	12	0.9870609273395533
61400	1601302808468	25	23	0.003273254170200735	0.008630553037171352	12	13	0.9870848176420696
61500	1601302819543	28	29	0.0032859768165111676	0.008754306436990027	14	14	0.9870436810856659
61600	1601302830626	28	25	0.003284563189143342	0.008645512239347234	14	14	0.9870448119875601
61700	1601302841697	34	15	0.0032762227876731694	0.00864143245693563	21	13	0.9870794458580718
61800	1601302853096	54	18	0.003292338139666384	0.008718948322756121	23	30	0.9870361888606164
61900	1601302864207	32	15	0.003259400621996042	0.00865503173164098	20	12	0.9870725190839694
62000	1601302875300	32	18	0.0032888040712468194	0.008720308250226653	20	12	0.9869768165111676
62100	1601302886432	42	22	0.003271981905569692	0.008669537624660018	23	19	0.9869891150692678
62200	1601302897404	28	18	0.003275657336726039	0.008634179510426112	13	15	0.9870831212892281
62300	1601302908555	28	13	0.0032683064744133444	0.008653671804170444	13	14	0.987035057958722
62400	1601302919548	26	18	0.003275657336726039	0.008650045330915684	13	13	0.9870778908679672
62500	1601302930600	30	14	0.003250494769578739	0.008601087941976428	12	18	0.9870737913486005
62600	1601302941655	23	16	0.0032763641504099518	0.008642339075249321	12	11	0.9870781735934407
62700	1601302952673	29	13	0.003273254170200735	0.008613327289211242	14	15	0.9870446706248233
62800	1601302963706	30	18	0.0032695787390443877	0.00858295557570263	14	16	0.9870624823296579
62900	1601302974914	27	16	0.0032895108849307323	0.008694469628286492	13	14	0.9870005654509472
63000	1601302985922	32	22	0.0032609556121006504	0.0086622846781505	13	19	0.9870439638111393
63100	1601302996810	27	13	0.0032800395815662992	0.008663644605621032	13	14	0.9869416171897087
63200	1601303008006	27	15	0.0032924795024031664	0.008605167724388033	12	14	0.9870672886627085
63300	1601303019065	29	18	0.0032667514843087364	0.0086622846781505	14	15	0.9870230421260956
63400	1601303030114	27	15	0.003282584110828386	0.008669537624660018	12	15	0.987038309301668
63500	1601303041142	26	17	0.0032408821034775235	0.008654125113327289	12	13	0.9871197342380549
63600	1601303052106	28	15	0.0032856940910376024	0.00858839528558477	13	15	0.9871113938365846
63700	1601303063048	28	15	0.0032866836301950805	0.008597914777878513	14	14	0.9870433983601923
63800	1601303074038	30	16	0.003246819338422392	0.00858023572076156	14	16	0.9870404297427198
63900	1601303085171	28	19	0.0032725473565168224	0.008638259292837716	13	14	0.9871106870229007
64000	1601303096394	28	24	0.003253887475261521	0.008603354487760652	13	14	0.9870220525869381
64100	1601303107466	27	28	0.0032428611817924796	0.008632819582955576	13	14	0.9871057393271133
64200	1601303118413	39	16	0.003273254170200735	0.008659111514052584	22	16	0.9870726604467063
64300	1601303129310	35	15	0.003273960983884648	0.008665457842248413	19	16	0.9870046649703138
64400	1601303140340	24	13	0.0032931863160870793	0.008643699002719855	12	11	0.9870042408821035
64500	1601303151425	27	16	0.003283573649985864	0.0087207615593835	13	14	0.9870641786824993
64600	1601303162469	27	18	0.003270285552728301	0.008702629193109702	12	15	0.9870238903025162
64700	1601303173731	28	16	0.003244416171897088	0.008638259292837716	14	14	0.9870303929884082
64800	1601303184671	27	17	0.0032554424653661296	0.008680870353581142	13	14	0.9870152671755725
64900	1601303195542	28	13	0.0032564320045236077	0.008625566636446055	13	14	0.9870966921119593
65000	1601303206664	32	16	0.0032670342097823016	0.008669537624660018	14	18	0.9870849590048063
65100	1601303217702	30	18	0.0033030817076618603	0.00870716228467815	15	14	0.9870275657336726
65200	1601303228853	29	11	0.0032656205824144755	0.008699456029011786	13	16	0.9870646027707096
65300	1601303240089	26	13	0.0032469607011591742	0.008651858567543063	12	14	0.987084534916596
65400	1601303251404	29	16	0.0032653378569409103	0.00869990933816863	14	15	0.9871214305908962
65500	1601303262555	30	16	0.0032750918857789085	0.008663191296464189	15	14	0.9870480633305061
65600	1601303273650	29	16	0.003267175572519084	0.008727107887579329	14	15	0.9870938648572236
65700	1601303284763	23	16	0.0032432852700028272	0.008670444242973708	12	11	0.9870631891433418
65800	1601303295976	28	20	0.003267882386202997	0.008642792384406165	12	16	0.9870764772405993
65900	1601303306894	30	26	0.0032602487984167376	0.008724388032638258	15	15	0.9870739327113373
66000	1601303317757	25	31	0.0033040712468193384	0.008818223028105168	12	13	0.9870114503816794
66100	1601303329062	34	17	0.003270992366412214	0.008830915684496827	21	13	0.9870156912637829
66200	1601303340034	26	17	0.0032632174158891717	0.008692203082502266	12	14	0.987052021487136
66300	1601303351276	26	18	0.003283573649985864	0.008674977334542158	12	14	0.9870255866553577
66400	1601303362274	27	19	0.0032733955329375176	0.008745240253853129	12	15	0.9870740740740741
66500	1601303373339	28	18	0.0032657619451512583	0.008641885766092474	13	15	0.9870433983601923
66600	1601303384347	27	17	0.003292055414192819	0.00856482320942883	12	15	0.9870555555555556
66700	1601303395481	31	16	0.0032924795024031664	0.008718495013599274	11	20	0.9870229007633587
66800	1601303406648	30	12	0.0032936104042974273	0.008739800543970989	15	15	0.9869872773536895
66900	1601303417956	28	20	0.0032714164546225615	0.008750226654578423	14	14	0.9870992366412213
67000	1601303428920	29	17	0.0033002544529262086	0.008727107887579329	12	17	0.9870063613231552
67100	1601303440234	31	17	0.0032972858354537744	0.008759746146872168	13	17	0.9870376024879842
67200	1601303451131	28	28	0.0032842804636697767	0.008721214868540345	12	16	0.9870301102629347
67300	1601303462217	39	16	0.0032442748091603053	0.008628286491387126	19	20	0.9870981057393271
67400	1601303473370	26	15	0.003272264631043257	0.00869990933816863	12	14	0.9870589482612383
67500	1601303484642	31	17	0.0032690132880972577	0.0086622846781505	13	18	0.9870367543115635
67600	1601303495484	33	16	0.003265196494204128	0.008687669990933816	13	20	0.9870798699462822
67700	1601303506682	32	16	0.0032646310432569974	0.008702629193109702	16	16	0.9871075770426916
67800	1601303517673	25	16	0.003264489680520215	0.008697189483227561	13	12	0.9871382527565734
67900	1601303528635	27	19	0.003297709923664122	0.008705349048050771	15	11	0.9871211478654227
68000	1601303539662	24	21	0.003269861464517953	0.008623300090661831	12	12	0.987122844218264
68100	1601303550631	26	24	0.0032690132880972577	0.008555303717135086	14	12	0.9870566864574498
68200	1601303561638	38	14	0.0032595419847328243	0.008646418857660926	22	16	0.9870583828102912
68300	1601303572766	27	19	0.003267882386202997	0.008654578422484134	12	15	0.9871070115917444
68400	1601303583592	31	22	0.003273960983884648	0.008613780598368086	16	15	0.9870774667797568
68500	1601303594472	32	21	0.003277636415040995	0.008631912964641886	14	18	0.9871080011309019
68600	1601303605679	26	16	0.0032871077184054285	0.008547144152311876	12	14	0.9869971727452643
68700	1601303616639	29	16	0.0032753746112524737	0.008575249320036265	14	15	0.9871057393271133
68800	1601303627844	26	17	0.0032934690415606445	0.008601541251133273	12	13	0.98704877014419
68900	1601303638908	25	30	0.0032670342097823016	0.008635539437896645	14	11	0.9870620582414475
69000	1601303649997	28	25	0.003285128640090472	0.008682683590208523	13	15	0.9870515973989257
69100	1601303660900	27	18	0.0033077466779756854	0.008678150498640071	13	14	0.9870855244557535
69200	1601303671897	28	16	0.003278767316935256	0.008687216681776973	14	13	0.9870525869380832
69300	1601303682958	25	14	0.0032598247102063895	0.008629193109700816	13	12	0.9870390161153519
69400	1601303694124	27	18	0.0032697201017811706	0.008592475067996373	13	14	0.9870501837715578
69500	1601303705336	25	18	0.0032725473565168224	0.008625113327289212	12	13	0.9870421260955612
69600	1601303716470	27	15	0.003272830081990387	0.008603807796917499	13	14	0.9870681368391292
69700	1601303727563	33	10	0.0032697201017811706	0.008616500453309157	14	19	0.9870631891433418
69800	1601303738602	26	25	0.0032871077184054285	0.008701722574796011	14	12	0.987042974271982
69900	1601303749398	28	26	0.0032789086796720384	0.008618313689936537	14	14	0.9871205824144755
70000	1601303760636	36	20	0.00326915465083404	0.00864596554850408	19	16	0.9870626236923947
70100	1601303771723	27	14	0.0033121289228159457	0.008751586582048958	12	15	0.9870764772405993
70200	1601303782730	34	19	0.0032868249929318633	0.008689936536718042	13	20	0.9870333616058807
70300	1601303793885	28	20	0.0032871077184054285	0.008738893925657298	13	15	0.9870688436528131
70400	1601303804853	28	17	0.0032927622278767317	0.008738440616500453	13	15	0.9870473565168222
70500	1601303815960	28	17	0.0033012439920836866	0.00869990933816863	14	14	0.9870886344359627
70600	1601303826988	36	16	0.0032767882386203	0.008599728014505892	14	22	0.9870412779191405
70700	1601303838008	30	16	0.003284139100932994	0.008640072529465095	12	18	0.987074780887758
70800	1601303849087	29	23	0.003291207237772123	0.008616953762466002	14	14	0.987040288379983
70900	1601303860242	44	16	0.003271981905569692	0.008686763372620128	23	21	0.9870219112242014
71000	1601303871348	29	13	0.00326420695504665	0.008651858567543063	12	17	0.9870883517104891
71100	1601303882523	33	15	0.003291914051456036	0.0087207615593835	13	20	0.9870080576759966
71200	1601303893574	31	18	0.003290641786824993	0.008669990933816863	13	18	0.987034492507775
71300	1601303904851	28	15	0.0032873904438789933	0.008748866727107889	13	15	0.9870070681368391
71400	1601303916081	27	17	0.0032900763358778627	0.008734814143245694	13	14	0.9870448119875601
71500	1601303927080	27	27	0.0032767882386203	0.008695829555757026	13	14	0.9871426350014136
71600	1601303938107	24	29	0.0032964376590330787	0.00869809610154125	12	12	0.9870333616058807
71700	1601303949281	30	18	0.003263500141362737	0.008727561196736174	14	16	0.9870248798416738
71800	1601303960262	26	17	0.003277070964093865	0.008668177697189482	12	14	0.9870719536330224
71900	1601303971412	23	23	0.003299123551031948	0.008597461468721668	11	12	0.9870053717839977
72000	1601303982309	26	18	0.0032578456318914334	0.008735267452402539	12	14	0.9870920271416455
72100	1601303993264	33	11	0.003267175572519084	0.00868631006346328	15	18	0.9870214871359909
72200	1601304004373	27	15	0.003284845914616907	0.008659111514052584	12	15	0.9871229855810009
72300	1601304015366	26	29	0.0032724059937800395	0.008645512239347234	12	14	0.9870664404862878
72400	1601304026615	38	20	0.0032954481198756006	0.008710335448776065	21	17	0.9870863726321741
72500	1601304037604	29	17	0.003292903590613514	0.008628739800543971	13	16	0.9870456601639808
72600	1601304048787	28	15	0.0032666101215719535	0.008673617407071623	13	15	0.9870767599660729
72700	1601304059973	29	15	0.0032757986994628218	0.00868631006346328	15	14	0.9871249646593158
72800	1601304071031	33	16	0.0032639242295730846	0.008637352674524024	14	18	0.9869961832061068
72900	1601304082173	29	17	0.00330251625671473	0.00870988213961922	15	14	0.9869823296579022
73000	1601304093168	35	18	0.003284845914616907	0.008665457842248413	12	23	0.9870113090189426
73100	1601304104423	27	19	0.003270568278201866	0.008723934723481415	14	13	0.9870969748374329
73200	1601304115470	28	23	0.0032880972575629066	0.008706708975521307	14	14	0.9870443878993498
73300	1601304126575	31	18	0.0032714164546225615	0.008693563009972802	15	15	0.9871245405711054
73400	1601304137604	28	18	0.0032830081990387334	0.008657751586582049	13	15	0.9870795872208086
73500	1601304148783	27	19	0.0032989821882951653	0.008665457842248413	14	13	0.987011733107153
73600	1601304159866	34	17	0.003290924512298558	0.008640072529465095	14	20	0.9870504664970314
73700	1601304170997	27	19	0.0032821600226180378	0.008642339075249321	13	14	0.9871109697483743
73800	1601304181891	28	14	0.0032733955329375176	0.00857116953762466	14	13	0.987031241164829
73900	1601304193123	35	21	0.0032779191405145603	0.00863961922030825	15	20	0.9870582414475544
74000	1601304203938	30	13	0.0032690132880972577	0.008687669990933816	12	18	0.9870678541136556
74100	1601304214943	32	18	0.003294741306191688	0.00862692656391659	13	19	0.9870282725473565
74200	1601304225901	25	16	0.003267882386202997	0.008673164097914778	13	12	0.987042974271982
74300	1601304236858	26	17	0.0032627933276788237	0.00865140525838622	12	14	0.9871113938365846
74400	1601304248114	26	19	0.0032905004240882103	0.008692656391659111	13	13	0.9870507492225049
74500	1601304259114	26	16	0.003289228159457167	0.008665004533091568	12	14	0.9870886344359627
74600	1601304270358	29	27	0.0032803223070398645	0.008603354487760652	15	14	0.987092309867119
74700	1601304281429	29	24	0.0032533220243143907	0.008681323662737987	14	15	0.9870672886627085
74800	1601304292532	44	17	0.003266186033361606	0.008681776971894832	24	20	0.9871181792479502
74900	1601304303690	28	17	0.0032859768165111676	0.008679963735267452	13	15	0.9870128640090472
75000	1601304314973	27	15	0.0032707096409386486	0.008762466001813235	13	14	0.9870301102629347
75100	1601304326012	28	17	0.0032823013853548206	0.008781504986400726	14	14	0.9870545660163981
75200	1601304337120	28	18	0.0032608142493638676	0.008747506799637353	13	15	0.9871150692677411
75300	1601304348352	24	15	0.003284845914616907	0.008733907524932003	12	12	0.9870535764772406
75400	1601304359305	24	14	0.0032880972575629066	0.00871713508612874	12	12	0.987009047215154
75500	1601304370317	27	16	0.0032599660729431723	0.008721214868540345	13	14	0.9870810008481764
75600	1601304381527	27	25	0.0032900763358778627	0.008723934723481415	15	12	0.9870428329092451
75700	1601304392713	31	25	0.0032941758552445573	0.008740707162284677	14	17	0.9870335029686175
75800	1601304403518	34	16	0.0032924795024031664	0.00878105167724388	19	15	0.9870122985581001
75900	1601304414792	31	19	0.003271275091885779	0.008747960108794197	14	17	0.9869621147865423
76000	1601304425942	32	16	0.0032818772971444725	0.008687216681776973	12	20	0.9870474978795589
76100	1601304437123	28	20	0.0032726887192536048	0.00871532184950136	14	14	0.9870309584393554
76200	1601304448101	28	19	0.0032793327678823864	0.008674524025385313	13	15	0.9870138535482047
76300	1601304459180	24	17	0.0032861181792479504	0.008692656391659111	12	12	0.9870203562340967
76400	1601304470062	27	18	0.003273819621147865	0.008690843155031732	13	14	0.9870501837715578
76500	1601304481149	29	18	0.003288379983036472	0.008753399818676337	13	16	0.987071529544812
76600	1601304492154	27	22	0.003273678258411083	0.008758839528558476	13	14	0.9870754877014419
76700	1601304502998	36	18	0.0032707096409386486	0.008689483227561197	20	16	0.9871361323155217
76800	1601304514005	28	16	0.0032936104042974273	0.00871985494106981	13	15	0.98709754028838
76900	1601304525144	29	14	0.0032798982188295164	0.008768812330009066	14	14	0.9870472151540853
77000	1601304536143	27	17	0.0032856940910376024	0.008730281051677244	12	15	0.9870459428894544
77100	1601304547294	25	20	0.0032859768165111676	0.008702175883952855	12	13	0.9870496183206107
77200	1601304558283	26	15	0.0032811704834605597	0.008732547597461468	13	13	0.9870432569974554
77300	1601304569249	29	15	0.0032876731693525585	0.008743880326382594	14	14	0.9870190839694657
77400	1601304580305	24	21	0.0032965790217698615	0.008674070716228468	12	11	0.9870247384789369
77500	1601304591265	42	17	0.003290641786824993	0.008714868540344516	20	22	0.9870685609273395
77600	1601304602286	28	16	0.003274667797568561	0.00863599274705349	14	14	0.9870452360757704
77700	1601304613332	28	23	0.003270992366412214	0.008699456029011786	12	16	0.9870479219677692
77800	1601304624527	27	18	0.003273960983884648	0.008678603807796918	13	14	0.9870843935538592
77900	1601304635542	28	16	0.003271557817359344	0.008674977334542158	12	16	0.9870470737913486
78000	1601304646503	26	17	0.003288238620299689	0.008655938349954668	12	14	0.9870692677410234
78100	1601304657566	33	18	0.0032818772971444725	0.008662737987307344	14	19	0.9870465083404014
78200	1601304668713	31	21	0.003280463669776647	0.008721214868540345	14	16	0.9869944868532655
78300	1601304679675	28	25	0.0033088775798699463	0.00868631006346328	14	14	0.9869796437659033
78400	1601304690676	27	21	0.0033026576194515127	0.008727561196736174	13	14	0.9870067854113656
78500	1601304701709	35	15	0.0032755159739892565	0.008690389845874887	15	20	0.9870452360757704
78600	1601304712838	27	17	0.0032856940910376024	0.008674977334542158	15	12	0.9870906135142776
78700	1601304723738	27	19	0.0032622278767316937	0.00864596554850408	14	13	0.9870855244557535
78800	1601304734626	26	17	0.003271557817359344	0.008688576609247508	12	14	0.9871337291489963
78900	1601304745789	28	19	0.003266468758835171	0.00864687216681777	13	14	0.9870692677410234
79000	1601304756766	25	17	0.0032646310432569974	0.008622393472348142	13	11	0.9870829799264914
79100	1601304767986	27	24	0.0032910658750353408	0.008654578422484134	14	13	0.9870682782018659
79200	1601304779002	45	16	0.0032890867967203846	0.008687669990933816	23	22	0.9870385920271416
79300	1601304790182	26	19	0.003270002827254736	0.008652765185856755	12	14	0.9870479219677692
79400	1601304801498	33	16	0.0033101498445009896	0.008601541251133273	13	20	0.9869961832061068
79500	1601304812693	32	15	0.0032803223070398645	0.008647325475974615	15	17	0.9870819903873339
79600	1601304823632	24	14	0.0032917726887192536	0.00863599274705349	12	11	0.9870022618037885
79700	1601304834800	26	15	0.003291631325982471	0.00862692656391659	12	14	0.9870797285835454
79800	1601304845796	31	20	0.00328555272830082	0.008558023572076157	12	19	0.9870561210065026
79900	1601304856849	24	15	0.0032659033078880407	0.008649592021758839	12	12	0.9870989539157478
80000	1601304867956	26	24	0.003273254170200735	0.008661378059836808	12	14	0.9870932994062765
80100	1601304879104	43	18	0.003292338139666384	0.00876835902085222	22	21	0.9870671472999717
80200	1601304890085	27	21	0.0032806050325134293	0.008651858567543063	12	15	0.9870120158326265
80300	1601304900920	24	17	0.00326039016115352	0.00862964641885766	11	13	0.986979219677693
80400	1601304911766	32	18	0.003273819621147865	0.008698549410698097	14	18	0.9870501837715578
80500	1601304922799	26	16	0.0032907831495617755	0.00869537624660018	12	14	0.9870108849307323
80600	1601304934112	31	15	0.0032742437093582133	0.008688576609247508	13	18	0.9871077184054283
80700	1601304944938	25	19	0.0032986994628216	0.008706708975521307	12	13	0.9870828385637546
80800	1601304955913	26	27	0.0032968617472434267	0.008606980961015412	12	14	0.9870641786824993
80900	1601304966819	38	17	0.003288945433983602	0.008633272892112421	22	16	0.987040995193667
81000	1601304978215	32	16	0.0033002544529262086	0.00864505893019039	13	19	0.9871204410517388
81100	1601304989430	30	12	0.0033019508057675995	0.008626473254759747	13	17	0.9870511733107153
81200	1601305000379	28	18	0.003271557817359344	0.00863780598368087	13	15	0.9870908962397512
81300	1601305011428	31	17	0.0032861181792479504	0.008738440616500453	12	19	0.9870549901046084
81400	1601305022468	29	17	0.003273960983884648	0.008714868540344516	15	14	0.9871058806898502
81500	1601305033490	34	15	0.0033173593440769013	0.008685403445149592	16	18	0.9870445292620865
81600	1601305044772	31	27	0.0032895108849307323	0.008750679963735266	14	17	0.9870366129488267
81700	1601305055888	33	19	0.0032880972575629066	0.008747506799637353	14	19	0.987055272830082
81800	1601305066884	26	17	0.00329813401187447	0.008765185856754306	14	12	0.9870576759966073
81900	1601305077815	26	18	0.003290217698614645	0.008751133272892113	12	14	0.9870514560361888
82000	1601305088893	26	15	0.0032806050325134293	0.008747053490480508	12	14	0.9870431156347187
82100	1601305100079	27	15	0.003295730845349166	0.008766092475067997	13	14	0.98708128357365
82200	1601305111296	25	26	0.0032828668363019506	0.008700815956482321	13	11	0.9870281311846197
82300	1601305122207	35	15	0.003278060503251343	0.008681776971894832	22	13	0.9870452360757704
82400	1601305133025	30	16	0.0032965790217698615	0.008766092475067997	13	17	0.9869813401187447
82500	1601305144175	28	16	0.0032914899632456884	0.008821396192203084	12	16	0.9870281311846197
82600	1601305155406	27	15	0.003303788521345773	0.008723028105167724	13	14	0.9870696918292338
82700	1601305166299	26	17	0.003314390726604467	0.00878558476881233	12	14	0.9870028272547356
82800	1601305177358	31	22	0.0032938931297709926	0.008672257479601087	14	17	0.9870452360757704
82900	1601305188565	38	19	0.003289228159457167	0.008631912964641886	23	15	0.9870284139100933
83000	1601305199431	30	15	0.0032924795024031664	0.008658658204895739	13	17	0.9870802940344925
83100	1601305210642	24	15	0.003305626236923947	0.008596101541251134	12	12	0.9870515973989257
83200	1601305221627	27	18	0.00328993497314108	0.008666364460562103	14	13	0.9870814249363867
83300	1601305232879	29	17	0.0032726887192536048	0.008533998186763373	13	16	0.987105315238903
83400	1601305244014	25	23	0.0032934690415606445	0.008573889392565731	12	13	0.9870405711054566
83500	1601305255124	35	15	0.003275657336726039	0.008549864007252947	20	15	0.987042267458298
83600	1601305266004	30	15	0.0032927622278767317	0.008632366273798731	13	17	0.9870647441334465
83700	1601305277109	28	16	0.003293044953350297	0.008619673617407071	13	15	0.9870460842521911
83800	1601305287863	32	17	0.003316369804919423	0.00865140525838622	14	18	0.9870668645744982
83900	1601305299207	29	24	0.0032896522476675146	0.008667271078875794	12	17	0.9870141362736783
84000	1601305310233	38	17	0.003306615776081425	0.008642792384406165	19	19	0.9869796437659033
84100	1601305321208	28	19	0.0032905004240882103	0.00865956482320943	14	14	0.9870176703420979
84200	1601305332036	24	16	0.003311704834605598	0.008619220308250226	12	12	0.987001979078315
84300	1601305342945	25	19	0.003316087079445858	0.008625566636446055	12	13	0.9870250212044105
84400	1601305354015	28	29	0.0032608142493638676	0.008689029918404352	13	15	0.9870694091037603
84500	1601305365145	30	15	0.0032890867967203846	0.008640072529465095	13	17	0.9871153519932145
84600	1601305376473	27	16	0.0032994062765055133	0.008665457842248413	12	15	0.9870810008481764
84700	1601305387308	34	18	0.003302940344925078	0.008705802357207615	14	20	0.9869592875318066
84800	1601305398405	36	14	0.0033098671190274244	0.008675883952855847	16	20	0.9870599378003958
84900	1601305409392	36	22	0.0032811704834605597	0.008634632819582955	15	21	0.9870424088210348
85000	1601305420711	37	19	0.0032905004240882103	0.008642792384406165	15	22	0.9869903873338988
85100	1601305431881	32	20	0.003292903590613514	0.008683136899365368	14	18	0.9870983884648007
85200	1601305443041	27	16	0.0033050607859768165	0.008654578422484134	12	15	0.9869843087362171
85300	1601305454254	26	18	0.0032859768165111676	0.008691296464188576	12	14	0.9870418433700876
85400	1601305465427	27	25	0.0032910658750353408	0.008597461468721668	14	13	0.987045518801244
85500	1601305476446	32	19	0.003301526717557252	0.008625113327289212	19	13	0.9870115917444162
85600	1601305487522	26	21	0.0032941758552445573	0.008628739800543971	12	14	0.9871178965224767
85700	1601305498513	27	17	0.0032937517670342097	0.00864777878513146	12	15	0.9869864291772689
85800	1601305509803	27	14	0.003271275091885779	0.008678150498640071	13	14	0.987100791631326
85900	1601305520771	26	25	0.0033156629912355104	0.008691296464188576	12	14	0.9870203562340967
86000	1601305531837	27	17	0.0032972858354537744	0.008601087941976428	13	14	0.9870675713881821
86100	1601305542867	27	19	0.003316087079445858	0.00865684496826836	12	15	0.9870063613231552
86200	1601305553964	26	15	0.0033142493638676843	0.008673164097914778	12	14	0.9870073508623127
86300	1601305564938	27	16	0.0032907831495617755	0.008656391659111515	13	14	0.9869656488549619
86400	1601305576041	29	25	0.003310432569974555	0.008689483227561197	12	17	0.9870554141928187
86500	1601305587153	31	15	0.003283856375459429	0.0087207615593835	14	16	0.9870510319479785
86600	1601305598390	29	17	0.0032800395815662992	0.008692656391659111	14	15	0.987
86700	1601305609727	26	15	0.0033142493638676843	0.008619673617407071	11	15	0.9870664404862878
86800	1601305620843	28	16	0.0033087362171331635	0.008657298277425203	14	14	0.9870008481764206
86900	1601305631862	42	18	0.0033030817076618603	0.008711242067089755	23	19	0.9871089906700594
87000	1601305643052	30	15	0.0032561492790500425	0.008603354487760652	14	16	0.9871214305908962
87100	1601305654035	27	17	0.0032779191405145603	0.008680417044424299	14	13	0.9870729431721799
87200	1601305665083	27	17	0.0033060503251342945	0.008670444242973708	14	13	0.9870103194797851
87300	1601305676154	26	25	0.00328993497314108	0.00871441523118767	13	13	0.9870893412496466
87400	1601305687429	38	15	0.0032934690415606445	0.008734814143245694	22	16	0.9870725190839694
87500	1601305698410	26	15	0.0033115634718688153	0.00871622846781505	12	14	0.9870083404014701
87600	1601305709493	28	18	0.0033135425501837714	0.00864596554850408	14	14	0.987014277636415
87700	1601305720649	27	19	0.0033022335312411647	0.008721214868540345	13	14	0.9870858071812271
87800	1601305731719	29	28	0.003304495335029686	0.0086441523118767	14	15	0.9870224766751484
87900	1601305742752	38	18	0.003315380265761945	0.008674977334542158	22	15	0.9869909527848459
88000	1601305753997	26	17	0.0033023748939779475	0.008657751586582049	12	14	0.9870852417302799
88100	1601305765115	28	17	0.003296720384506644	0.008687669990933816	13	15	0.9870361888606164
88200	1601305776059	27	19	0.0033023748939779475	0.00862148685403445	13	14	0.9870354820469325
88300	1601305787266	28	26	0.0033052021487135993	0.008608794197642792	14	14	0.9870453774385072
88400	1601305798320	25	17	0.0033060503251342945	0.008630553037171352	13	12	0.9871112524738479
88500	1601305809561	25	16	0.0033115634718688153	0.008679963735267452	14	11	0.9870230421260956
88600	1601305820845	30	16	0.003318066157760814	0.008629193109700816	14	16	0.9870473565168222
88700	1601305831872	28	16	0.0032868249929318633	0.008595194922937442	13	15	0.9869953350296862
88800	1601305843132	38	15	0.0032989821882951653	0.008555757026291931	21	17	0.9870446706248233
88900	1601305854426	33	20	0.0032849872773536896	0.008667724388032637	15	18	0.9870880689850156
89000	1601305865696	28	14	0.0033023748939779475	0.008611514052583862	13	15	0.9870985298275374
89100	1601305876676	23	22	0.003288238620299689	0.008613327289211242	11	12	0.9870476392422958
89200	1601305887572	26	27	0.003312270285552728	0.008664097914777878	12	14	0.9870244557534634
89300	1601305898681	38	15	0.003306615776081425	0.008663644605621032	13	25	0.9870113090189426
89400	1601305909905	27	16	0.003328385637545943	0.008665911151405258	13	14	0.9869540571105456
89500	1601305921246	26	19	0.0032896522476675146	0.008693109700815957	12	14	0.9870555555555556
89600	1601305932690	27	15	0.0033078880407124683	0.008648232094288305	13	14	0.9870679954763925
89700	1601305943927	34	21	0.00328993497314108	0.008674070716228468	19	15	0.9869970313825276
89800	1601305954905	26	17	0.0033012439920836866	0.008665457842248413	12	14	0.9870261521063047
89900	1601305966056	28	16	0.0032897936104042975	0.008726654578422484	13	15	0.9870638959570257
90000	1601305977390	26	13	0.003282442748091603	0.008619220308250226	14	12	0.987096268023749
90100	1601305988434	30	22	0.00330251625671473	0.008682683590208523	13	17	0.9870524455753463
90200	1601305999373	32	15	0.0032735368956743004	0.008685403445149592	15	16	0.9870794458580718
90300	1601306010298	27	16	0.0032873904438789933	0.008701722574796011	12	14	0.9869717274526435
90400	1601306021313	25	17	0.0032965790217698615	0.00871350861287398	14	11	0.9870431156347187
90500	1601306032305	28	18	0.0033088775798699463	0.008667271078875794	13	15	0.9869977381962115
90600	1601306043438	41	17	0.003289228159457167	0.008697189483227561	24	17	0.9870752049759683
90700	1601306054731	24	17	0.0032975685609273396	0.00870716228467815	13	11	0.9870254452926208
90800	1601306065658	25	15	0.0032818772971444725	0.008722574796010879	13	12	0.987112524738479
90900	1601306076665	29	19	0.003312694373763076	0.008692203082502266	15	14	0.9870925925925926
91000	1601306087834	28	27	0.0033003958156629914	0.008637352674524024	13	15	0.9870103194797851
91100	1601306098905	27	17	0.0032763641504099518	0.008679510426110607	12	15	0.9871169069833192
91200	1601306110125	31	17	0.0033043539722929036	0.008743880326382594	12	19	0.9870145603618886
91300	1601306121263	27	15	0.0033148148148148147	0.008660018132366273	12	15	0.9869852982753746
91400	1601306132377	31	16	0.0033080294034492507	0.00866047144152312	15	15	0.9870305343511451
91500	1601306143345	40	17	0.0033149561775515975	0.008694469628286492	24	16	0.9870613514277636
91600	1601306154449	32	17	0.003283149561775516	0.008702629193109702	13	19	0.9870819903873339
91700	1601306165510	26	18	0.0033320610687022903	0.0086441523118767	13	13	0.9869831778343229
91800	1601306176741	29	17	0.0032974271981905568	0.008649138712601994	13	15	0.9870135708227311
91900	1601306187601	35	24	0.0033080294034492507	0.008642792384406165	14	21	0.9870261521063047
92000	1601306198723	29	16	0.003284563189143342	0.008731187669990934	12	17	0.9870339270568278
92100	1601306209970	28	15	0.003281453208934125	0.008735720761559384	12	16	0.9871150692677411
92200	1601306220980	28	15	0.003296720384506644	0.008713961922030824	15	13	0.9870612100650269
92300	1601306232049	33	16	0.0033060503251342945	0.008722574796010879	14	19	0.9869489680520215
92400	1601306242855	32	18	0.003304495335029686	0.008700362647325476	18	14	0.9870220525869381
92500	1601306253699	24	17	0.003301526717557252	0.00863961922030825	12	12	0.9870445292620865
92600	1601306264504	27	16	0.0033159457167090756	0.008702629193109702	12	15	0.9870482046932428
92700	1601306275727	28	14	0.003310432569974555	0.008664551223934724	13	15	0.9870096126661012
92800	1601306287061	27	25	0.003313118461973424	0.008715775158658205	13	14	0.9869836019225332
92900	1601306297981	26	16	0.0033159457167090756	0.008705349048050771	12	14	0.9870224766751484
93000	1601306309220	28	22	0.003297003109980209	0.008587488667271078	13	15	0.9870210630477806
93100	1601306320519	28	15	0.003304495335029686	0.008665457842248413	14	14	0.987017528979361
93200	1601306331696	28	17	0.0032866836301950805	0.008661831368993653	14	14	0.9870653095843935
93300	1601306342801	25	13	0.0032823013853548206	0.008609247506799637	12	13	0.9870770426915465
93400	1601306353861	33	17	0.0033138252756573366	0.008678150498640071	13	19	0.9870614927905004
93500	1601306365108	26	23	0.0033091603053435116	0.008699002719854942	13	13	0.9870022618037885
93600	1601306376526	34	15	0.0033197625106022055	0.008690389845874887	15	19	0.9869949109414758
93700	1601306387801	26	14	0.003307605315238903	0.008613327289211242	13	12	0.9870711054566016
93800	1601306399108	25	18	0.0033115634718688153	0.008689483227561197	14	11	0.9870243143907266
93900	1601306410215	26	17	0.0032926208651399493	0.008743880326382594	13	13	0.9870569691829234
94000	1601306421349	29	25	0.003322589765337857	0.008732094288304624	14	15	0.9870458015267175
94100	1601306432650	27	16	0.003317783432287249	0.008691749773345421	12	15	0.9870432569974554
94200	1601306443698	27	17	0.0033050607859768165	0.008697189483227561	13	14	0.9870319479785129
94300	1601306454865	26	15	0.003317076618603336	0.008719401631912965	12	14	0.9870368956743003
94400	1601306466011	27	16	0.003302940344925078	0.008682683590208523	13	14	0.98696748657054
94500	1601306477258	36	16	0.003282584110828386	0.008733000906618315	20	16	0.9870777495052304
94600	1601306488465	24	18	0.0032982753746112524	0.008640979147778786	12	12	0.9870549901046084
94700	1601306499578	27	17	0.0033040712468193384	0.008619220308250226	13	14	0.9870541419281877
94800	1601306510690	37	25	0.0032992649137687305	0.008660924750679965	15	21	0.9870477806050325
94900	1601306521888	34	14	0.0033078880407124683	0.008687669990933816	13	21	0.9870658750353407
95000	1601306533298	31	18	0.003310432569974555	0.008665457842248413	13	18	0.9870517387616624
95100	1601306544431	27	14	0.0033081707661860335	0.008618313689936537	12	15	0.9870319479785129
95200	1601306555762	26	19	0.003296154933559514	0.008647325475974615	12	14	0.9870924512298558
95300	1601306566911	40	17	0.0032953067571388182	0.008750679963735266	23	17	0.9870889171614362
95400	1601306578103	34	15	0.0032936104042974273	0.008683136899365368	13	21	0.9871166242578456
95500	1601306589086	27	16	0.0033152389030251628	0.008726654578422484	12	15	0.98706106870229
95600	1601306600410	25	23	0.003297003109980209	0.008667724388032637	13	12	0.9870959852982754
95700	1601306611644	25	17	0.003299123551031948	0.008648232094288305	12	13	0.9870342097823014
95800	1601306622751	25	14	0.0033139666383941195	0.008679057116953763	12	13	0.986985015549901
95900	1601306633717	30	13	0.003283856375459429	0.008672710788757934	11	19	0.9870484874187164
96000	1601306645015	26	17	0.0033173593440769013	0.008727107887579329	13	12	0.9870558382810292
96100	1601306656099	40	20	0.0033302233531241165	0.00862964641885766	24	16	0.9869639525021204
96200	1601306666993	26	19	0.003314390726604467	0.008657298277425203	13	13	0.9870349165959853
96300	1601306678174	28	19	0.0033032230703986427	0.008731640979147779	13	15	0.9869796437659033
96400	1601306689434	27	26	0.003304212609556121	0.008661378059836808	12	15	0.9870426915465084
96500	1601306700428	31	16	0.003293327678823862	0.008625566636446055	13	18	0.9870600791631327
96600	1601306711579	28	15	0.003302940344925078	0.008646418857660926	12	16	0.987064320045236
96700	1601306722818	28	18	0.003307605315238903	0.008655485040797824	13	14	0.9871060220525869
96800	1601306733891	32	16	0.003320186598812553	0.008621940163191297	12	19	0.9870856658184902
96900	1601306744999	35	16	0.0033111393836584677	0.008658658204895739	22	13	0.9870313825275657
97000	1601306756177	27	16	0.0033232965790217697	0.00871532184950136	13	14	0.9870029686174724
97100	1601306767353	28	17	0.0033206106870229007	0.008739800543970989	14	14	0.9869529262086514
97200	1601306778469	26	29	0.003318207520497597	0.008693109700815957	12	14	0.987031806615776
97300	1601306789727	29	16	0.003291914051456036	0.008641885766092474	15	14	0.9870081990387334
97400	1601306800909	27	13	0.0033264065592309867	0.008694469628286492	13	14	0.9870206389595703
97500	1601306811908	26	12	0.0032789086796720384	0.008699002719854942	13	13	0.9870937234944869
97600	1601306822742	28	16	0.0033033644331354256	0.008626019945602902	13	15	0.9870081990387334
97700	1601306833892	42	14	0.0033043539722929036	0.008734814143245694	23	19	0.987035057958722
97800	1601306845138	28	16	0.0032999717274526433	0.008694016319129645	13	15	0.9869770992366412
97900	1601306856186	27	13	0.0032880972575629066	0.00869990933816863	13	14	0.9870494769578739
98000	1601306867351	27	27	0.0032742437093582133	0.008771078875793292	14	13	0.9870832626519649
98100	1601306878393	29	15	0.0033271133729148995	0.00870353581142339	11	18	0.9870059372349449
98200	1601306889683	26	15	0.003309584393553859	0.008749320036264732	13	13	0.9869871359909528
98300	1601306900808	32	24	0.0032985581000848176	0.008721668177697189	14	18	0.9870561210065026
98400	1601306911837	27	16	0.0033273960983884647	0.008681776971894832	14	13	0.9870773254170201
98500	1601306922973	26	18	0.0032937517670342097	0.008677243880326382	12	14	0.9870387333898785
98600	1601306934101	27	26	0.0033032230703986427	0.008705802357207615	13	14	0.9870431156347187
98700	1601306945433	27	17	0.003307322589765338	0.008674070716228468	13	13	0.9870473565168222
98800	1601306956788	29	10	0.003297709923664122	0.008699002719854942	12	17	0.9870196494204128
98900	1601306967901	25	23	0.0033158043539722928	0.008675430643699003	13	12	0.987007774950523
99000	1601306979153	30	18	0.003297003109980209	0.008683136899365368	13	17	0.9870302516256715
99100	1601306990527	43	15	0.003344359626802375	0.00871985494106981	23	20	0.9870067854113656
99200	1601307001651	28	19	0.0032726887192536048	0.008741613780598368	14	14	0.9871171897087928
99300	1601307012801	26	22	0.003310432569974555	0.008680417044424299	12	14	0.9870060785976816
99400	1601307023934	30	23	0.003309301668080294	0.00869990933816863	12	18	0.987071529544812
99500	1601307034892	33	11	0.003309725756290642	0.008701269265639166	12	20	0.9870172462538874
99600	1601307046120	27	17	0.0033090189426067287	0.008669084315503173	13	13	0.9871087079445858
99700	1601307057160	36	16	0.0033241447554424653	0.00871985494106981	16	20	0.9870725190839694
99800	1601307068355	27	19	0.0033101498445009896	0.008692656391659111	13	14	0.98708128357365
99900	1601307079475	28	25	0.0033214588634435964	0.008604714415231187	14	14	0.9869997172745264
100000	1601307090691	28	17	0.0032953067571388182	0.008676337262012694	13	15	0.9870658750353407
