0	-7.791224952516907E9
100	-7.771910085450029E9
200	-7.733803265888029E9
300	-7.690268810588198E9
400	-7.645728666992399E9
500	-7.610666094117647E9
600	-7.583551714588973E9
700	-7.563160447343977E9
800	-7.54592439909997E9
900	-7.528844112950681E9
1000	-7.512130599548041E9
1100	-7.5008018812562065E9
1200	-7.492564654562486E9
1300	-7.4864675266723E9
1400	-7.481174502182553E9
1500	-7.476223248014715E9
1600	-7.471223034938576E9
1700	-7.466046726731074E9
1800	-7.461173429977246E9
1900	-7.456752440606053E9
2000	-7.452594853968148E9
2100	-7.448527109510023E9
2200	-7.444741548199503E9
2300	-7.441243759293641E9
2400	-7.438394793265033E9
2500	-7.43609380260824E9
2600	-7.434023723044891E9
2700	-7.432270417876353E9
2800	-7.430657119288135E9
2900	-7.429307476160349E9
3000	-7.428268436568384E9
3100	-7.427719746905227E9
3200	-7.427458005017754E9
3300	-7.427229519990127E9
3400	-7.427126005231721E9
3500	-7.427032453180488E9
3600	-7.426900135069022E9
3700	-7.426738506824745E9
3800	-7.42654365604456E9
3900	-7.426305649026271E9
4000	-7.425812798722913E9
4100	-7.425028405642889E9
4200	-7.423648876588165E9
4300	-7.422116834300274E9
4400	-7.420787985037176E9
4500	-7.419203118753346E9
4600	-7.4173700872510195E9
4700	-7.41559125418607E9
4800	-7.414022469628415E9
4900	-7.412694198974245E9
5000	-7.411397013661798E9
5100	-7.409964276937551E9
5200	-7.408030188435479E9
5300	-7.405517084163886E9
5400	-7.402864718268907E9
5500	-7.400563021130363E9
5600	-7.398814973395078E9
5700	-7.397270157098629E9
5800	-7.395785602841572E9
5900	-7.394269379389268E9
6000	-7.393067623368321E9
6100	-7.39192455226889E9
6200	-7.3909956416288185E9
6300	-7.3901120850355015E9
6400	-7.389290837795215E9
6500	-7.388254151685911E9
6600	-7.387143216035095E9
6700	-7.385957287165256E9
6800	-7.384907560283247E9
6900	-7.383893396523952E9
7000	-7.382790209326798E9
7100	-7.381543755182336E9
7200	-7.380112620423292E9
7300	-7.37873086583932E9
7400	-7.377157083184426E9
7500	-7.375325555305061E9
7600	-7.373297397491142E9
7700	-7.371340994937911E9
7800	-7.369483082575339E9
7900	-7.36778597228906E9
8000	-7.366048978739144E9
8100	-7.364497081864101E9
8200	-7.363039413893389E9
8300	-7.361297662734872E9
8400	-7.359322433664727E9
8500	-7.357349673426603E9
8600	-7.355598842514511E9
8700	-7.353926323315359E9
8800	-7.352457123665081E9
8900	-7.351282882774501E9
9000	-7.350198149923536E9
9100	-7.3494165956742E9
9200	-7.348510398663069E9
9300	-7.347455296355614E9
9400	-7.346187373284129E9
9500	-7.344948092667806E9
9600	-7.343992336012146E9
9700	-7.3432444115774145E9
9800	-7.342552026494441E9
9900	-7.341950175516082E9
10000	-7.341339863340793E9
10100	-7.340721147590468E9
10200	-7.340176427693948E9
10300	-7.339704527846265E9
10400	-7.33913934256859E9
10500	-7.338472570630271E9
10600	-7.337590939031238E9
10700	-7.336727037381074E9
10800	-7.335894238301841E9
10900	-7.335094683824246E9
11000	-7.334353711956494E9
11100	-7.3335523611453905E9
11200	-7.332593518016419E9
11300	-7.331536371931535E9
11400	-7.330497555121624E9
11500	-7.329312602745707E9
11600	-7.327802290025154E9
11700	-7.326154025104548E9
11800	-7.324533005200591E9
11900	-7.322882196240701E9
12000	-7.321402559664282E9
12100	-7.320105943686858E9
12200	-7.31905946906948E9
12300	-7.318148214529665E9
12400	-7.317315788026072E9
12500	-7.316590476726387E9
12600	-7.316025554199323E9
12700	-7.315437354154093E9
12800	-7.314929306645607E9
12900	-7.314502947830796E9
13000	-7.313956128997748E9
13100	-7.313501303017313E9
13200	-7.313115091699073E9
13300	-7.312698255731865E9
13400	-7.312261374296653E9
13500	-7.311828901962342E9
13600	-7.311268319023929E9
13700	-7.3106609776358795E9
13800	-7.30989328908497E9
13900	-7.309192243999735E9
14000	-7.308410896565429E9
14100	-7.307838388704903E9
14200	-7.307268954442047E9
14300	-7.306788317766904E9
14400	-7.306306743111298E9
14500	-7.305864309930142E9
14600	-7.305501727988533E9
14700	-7.305083791060508E9
14800	-7.304731397400508E9
14900	-7.304234645786955E9
15000	-7.3038689841635895E9
15100	-7.303488818048679E9
15200	-7.303063346099924E9
15300	-7.302609537077773E9
15400	-7.302057292992335E9
15500	-7.301385567389665E9
15600	-7.300631861413028E9
15700	-7.299947064943893E9
15800	-7.2993718017233515E9
15900	-7.298808796270116E9
16000	-7.298198084324769E9
16100	-7.297564628351822E9
16200	-7.297032407575843E9
16300	-7.29660920493509E9
16400	-7.296217494200656E9
16500	-7.295833338268098E9
16600	-7.29540002969264E9
16700	-7.294881704814568E9
16800	-7.294346919116745E9
16900	-7.293763128550104E9
17000	-7.293262937185321E9
17100	-7.2926732455244875E9
17200	-7.292069816047952E9
17300	-7.291223460363554E9
17400	-7.290226435518302E9
17500	-7.289307414927896E9
17600	-7.288586295823864E9
17700	-7.288056485573216E9
17800	-7.287539866640464E9
17900	-7.2870221932519865E9
18000	-7.286450021961347E9
18100	-7.285669255400474E9
18200	-7.284932118771011E9
18300	-7.284241273347646E9
18400	-7.283656045341006E9
18500	-7.283253797278392E9
18600	-7.282805914630564E9
18700	-7.282521838093877E9
18800	-7.282260805646999E9
18900	-7.282028652690193E9
19000	-7.281792017684412E9
19100	-7.281574259275043E9
19200	-7.281399614641337E9
19300	-7.281197233475969E9
19400	-7.280993275948339E9
19500	-7.28072975992308E9
19600	-7.280429475994452E9
19700	-7.280242432420109E9
19800	-7.279977373925435E9
19900	-7.279840091637245E9
20000	-7.279715089782623E9
20100	-7.279613871248195E9
20200	-7.279524560989747E9
20300	-7.2794358986771555E9
20400	-7.279427480449193E9
20500	-7.279389841898648E9
20600	-7.279298754375006E9
20700	-7.279269381496529E9
20800	-7.279247287777642E9
20900	-7.27919587212378E9
21000	-7.279194947298289E9
21100	-7.279171041630617E9
21200	-7.2791773119864645E9
21300	-7.279169480462071E9
21400	-7.279157063971197E9
21500	-7.279193458380015E9
21600	-7.279175531994075E9
21700	-7.279190668642509E9
21800	-7.279194076234409E9
21900	-7.279206907039547E9
22000	-7.279197733918319E9
22100	-7.279120751387289E9
22200	-7.279050376878283E9
22300	-7.278926560148195E9
22400	-7.278867788252732E9
22500	-7.278696448832515E9
22600	-7.278668283968621E9
22700	-7.278533415180449E9
22800	-7.27842175034563E9
22900	-7.278348610487742E9
23000	-7.278200792286961E9
23100	-7.27813737873805E9
23200	-7.278072726939213E9
23300	-7.277947823156975E9
23400	-7.2778715955618725E9
23500	-7.277760011112851E9
23600	-7.277657744772916E9
23700	-7.277611676545753E9
23800	-7.27740929949786E9
23900	-7.27724351790747E9
24000	-7.277118168160482E9
24100	-7.2768866379581995E9
24200	-7.27666440485477E9
24300	-7.276424085497354E9
24400	-7.276237637621835E9
24500	-7.276078122612134E9
24600	-7.275772840813374E9
24700	-7.275529225371697E9
24800	-7.275281441439493E9
24900	-7.274898426337105E9
25000	-7.274376781573993E9
