iteration	timestamp	zTotalTime	phiTotalTime	typeTokenDensity	documentDensity	z-0	countUpdate-0	phiDensity
0	1558363151865	0	0	0.001	0.0	0	0	0.9890626534943936
100	1558364294319	8084	51	0.0017378732483580963	0.0012262245397834807	7926	158	0.9883465500572305
200	1558365417410	8997	85	0.0022258881838487783	0.0018694747401798465	8422	561	0.9878670585751275
300	1558366580477	8869	55	0.002475035282874193	0.00244883054254031	8671	196	0.9876226788313868
400	1558367754698	13959	64	0.0027611655016835765	0.0026627478857009614	13783	176	0.9873202907086579
500	1558368920569	8850	114	0.003028437440963695	0.0026001589756291434	8436	413	0.9870719103870559
600	1558370086152	9364	60	0.003234433862669052	0.002510443842737054	8680	684	0.9868491671019147
700	1558371250990	9354	69	0.0033864335959638615	0.0024493110304037845	8786	566	0.9867141142609488
800	1558372411397	8944	60	0.0035138186626957227	0.0024097399280170644	8397	546	0.9865836287463745
900	1558373578065	9168	67	0.0036348472557147142	0.002382354071018789	8608	559	0.9864568548790381
1000	1558374742520	8775	60	0.0037425961527776234	0.0023622407758830213	8572	203	0.9863698645359885
1100	1558375912545	9414	67	0.0038268305421894273	0.0023499785792656805	8885	528	0.9862729727627324
1200	1558377084600	9145	70	0.0039030304377298945	0.0023449676030448297	8584	561	0.9861925944858702
1300	1558378258332	9367	62	0.00397169591163168	0.0023500156524409333	8791	576	0.9861276517719226
1400	1558379436046	9533	60	0.004036738640025781	0.0023585471168959898	8874	659	0.9860760554302288
1500	1558380616283	13598	61	0.004096625068065387	0.0023708744354724925	13398	199	0.9860213586406925
1600	1558381805500	9078	63	0.0041610343716314575	0.0023860518763477896	8570	508	0.9859454254503428
1700	1558382990313	9374	65	0.0042249324902485915	0.002400724926917674	8966	407	0.985894462533477
1800	1558384184517	9328	63	0.004283829886539167	0.002413453343104066	8861	466	0.9858293975796504
1900	1558385376603	9574	66	0.004335059508595686	0.002425814198270024	8928	645	0.9857743562959094
2000	1558386564606	9471	68	0.004387400402280329	0.0024371478581887633	8913	557	0.985722104303955
2100	1558387752424	9286	64	0.004436952004178382	0.0024474529813967054	8702	583	0.9856812761843378
2200	1558388950350	9295	64	0.004480869458921844	0.0024557778604607145	8868	426	0.9856386478046829
2300	1558390151144	9626	63	0.004513129674286286	0.0024638161541239213	9097	526	0.9856179003633858
2400	1558391350978	9482	72	0.004552346450042784	0.0024723679844351203	8936	546	0.9855712714058698
2500	1558392539570	9506	5060	0.004583851000700101	0.002479282375522241	8892	613	0.9855203529398691
2600	1558393717502	14122	68	0.004610421505328547	0.0024857218885026696	13924	197	0.9854983275361997
2700	1558394894437	9117	65	0.004632269105537466	0.002492405182000632	8687	426	0.9854985831286741
2800	1558396078709	9337	67	0.004654372298220854	0.002496591889828279	8680	657	0.9854657783902119
2900	1558397255932	9314	67	0.004666585173413938	0.0025002223780759	8740	574	0.9854613777545645
3000	1558398434979	8888	68	0.004677431184504428	0.0025025670125081723	8673	215	0.9854326180448287
3100	1558399620447	9262	67	0.004685032282440797	0.0025044209151732825	8626	632	0.9854294953715537
3200	1558400799487	9376	68	0.0046960338715592255	0.0025062844519859085	8708	668	0.9854145376554391
3300	1558401984568	8936	66	0.0046991343194016915	0.0025075529887259745	8737	198	0.9854197828575239
3400	1558403166061	8976	68	0.004708902397012902	0.0025083703058988178	8778	197	0.9854047140142465
3500	1558404352764	8973	72	0.004709713625301432	0.002509729574357265	8650	319	0.9854267060797671
3600	1558405534393	9946	69	0.004716225677042239	0.0025102981110119646	9197	749	0.9853967684221054
3700	1558406715194	13540	77	0.004721748697034016	0.0025108362818093027	13312	228	0.9854031471212509
3800	1558407896555	9386	74	0.0047294831475657596	0.0025115438428712	8693	693	0.9853911009368019
3900	1558409078522	9421	71	0.004739228999744408	0.0025118834770589604	8872	548	0.9853883783213131
4000	1558410260209	9335	76	0.00475098625356996	0.002512819818636563	8778	557	0.9853706868769934
4100	1558411443513	8895	73	0.004761265516130108	0.0025139067699886304	8688	206	0.985350917354729
4200	1558412626281	9315	72	0.004770033449276007	0.0025136726236186127	8707	607	0.9853439830197696
4300	1558413814020	9372	75	0.0047805460788780604	0.002513694574840802	8806	565	0.9853483836554169
4400	1558414991878	9457	74	0.004794536988676142	0.0025144576237143444	8986	470	0.9853105226310467
4500	1558416172597	8864	75	0.004815795614922155	0.0025150815262294547	8664	200	0.9853036771978174
4600	1558417354780	9024	77	0.004832542478357985	0.002516233599540683	8827	197	0.9852783846555614
4700	1558418541771	9511	75	0.004853478835831843	0.0025180412826879615	8978	532	0.9852654939046751
4800	1558419736030	13667	74	0.0048712147310167025	0.0025202188439291274	13470	197	0.9852425350328381
4900	1558420924208	9005	75	0.004890195250425062	0.002524262868812545	8802	203	0.9852460799893318
5000	1558422113778	9443	146	0.004906775423116672	0.002528364088824889	8944	498	0.9852322779957104
5100	1558423300681	9499	75	0.0049316345694378075	0.0025332525040551836	8843	655	0.9851877493415716
5200	1558424495381	9538	77	0.004958427328391878	0.0025377786021681223	8927	610	0.9851756698189739
5300	1558425682528	9062	78	0.004983464278173514	0.002543296041865371	8832	230	0.9851337637658772
5400	1558426869820	9194	76	0.005006800982364119	0.0025490034815857905	8956	237	0.9851366641848267
5500	1558428058987	9560	79	0.005017624768022048	0.0025554975067679886	8927	633	0.9851042595041506
5600	1558429252401	9303	104	0.005026570504628446	0.0025605142146968556	8722	580	0.9851023036660851
5700	1558430449605	8978	77	0.0050372498249747185	0.0025631139711114596	8773	205	0.9850884016580173
5800	1558431645423	9391	78	0.005048429217553646	0.0025649858006080244	8972	418	0.9850742218320424
5900	1558432844891	13934	78	0.0050615644481980734	0.002565967751947287	13665	267	0.9850615199973329
6000	1558434035676	9271	84	0.00506951004033916	0.0025668987276705763	8743	528	0.9850483958794048
6100	1558435232774	9040	148	0.005087768233189238	0.002567802386317364	8796	244	0.985059230777779
6200	1558436430743	9788	81	0.005105048507006568	0.002568938118163185	9184	604	0.9850218476002089
6300	1558437625369	9287	82	0.005120984142153867	0.0025708894598645685	8760	526	0.9850009334681676
6400	1558438822207	9527	110	0.005138720037338727	0.002573894826084735	8924	603	0.9849873981797371
6500	1558440019504	9867	80	0.005156378143509618	0.0025766958020360733	9261	605	0.9849734183826553
6600	1558441212376	9492	81	0.0051794259170769115	0.0025810023879271208	8883	609	0.9849508706813206
6700	1558442413902	9383	121	0.00519858423994577	0.002585727022649637	8778	602	0.9849300676764422
6800	1558443620966	9409	80	0.005220687432629157	0.002590759340336505	8965	444	0.9848827719559492
6900	1558444834390	9546	77	0.005241612677386734	0.002595695804353147	9013	533	0.9849067198595353
7000	1558446045883	14327	77	0.005267494193605743	0.00260094409767611	13805	522	0.9848744929823197
7100	1558447247189	9810	83	0.005292075522019848	0.002606257391006999	9290	519	0.9848361763365819
7200	1558448453849	9879	82	0.005323257803905008	0.002610803611073611	9235	644	0.9847992265549468
7300	1558449659835	9813	88	0.005347783568737706	0.002615608733610821	9110	702	0.9847828686365808
7400	1558450862321	9337	82	0.005373365041617123	0.0026208356854677665	8903	434	0.984763276917777
7500	1558452071493	9640	83	0.00539619056085879	0.0026259376373094683	9207	432	0.9847255714714348
7600	1558453295456	9710	82	0.005415860068676587	0.0026323975161460385	9089	620	0.9847051796370587
7700	1558454508480	9510	81	0.00544311956171447	0.0026381362973336947	9292	218	0.9846935890739773
7800	1558455719049	9461	80	0.005464033693755765	0.0026442610541781773	8972	489	0.9846648960405392
7900	1558456931936	9470	81	0.005484281062820185	0.002650040445126884	8926	540	0.9846582061853378
8000	1558458144061	9895	80	0.005505184082145198	0.00265420654319592	9306	589	0.9846309578050163
8100	1558459365582	13788	81	0.005534043806327581	0.0026568054459518834	13572	215	0.9845935524020136
8200	1558460581513	9376	91	0.005557791681020592	0.0026586681291058695	8975	401	0.9845778723593408
8300	1558461797549	9893	90	0.005583350928467445	0.0026595910560476897	9167	722	0.9845629590940914
8400	1558463013774	9306	87	0.005609921433095892	0.0026591994706340817	9098	208	0.9845489348461445
8500	1558464231679	9574	85	0.005635313989798526	0.002658602885195474	8960	614	0.9845195417115805
8600	1558465455022	9545	86	0.005656172558258415	0.002659365568215313	8895	649	0.9844956382588597
8700	1558466679566	9544	94	0.0056749752742062745	0.0026602395927121454	8951	590	0.9844564103703868
8800	1558467902099	9912	91	0.0056886439152322	0.0026615747148261847	9288	623	0.9844651783035328
8900	1558469123572	9864	83	0.00570485736828653	0.0026643967883410715	9178	686	0.9844466534054919
9000	1558470341605	9914	86	0.00571972618267083	0.0026672864228398075	9238	675	0.9844197828575239
9100	1558471563806	9838	83	0.005728727482858635	0.002671128496479085	9242	592	0.9844194605887517
9200	1558472799468	13808	83	0.005736250791781035	0.00267534435065175	13601	206	0.9843836331914609
9300	1558474028137	9485	87	0.005742518363763655	0.002681997888048523	9075	410	0.9844035916299021
9400	1558475268220	9828	87	0.005754586773645082	0.0026900422792734487	9133	695	0.9843820440730328
9500	1558476498232	9403	88	0.005758576238790047	0.002698658012031465	9111	289	0.9843806883216465
9600	1558477719159	9434	89	0.005761976729972107	0.0027065783788510216	8921	513	0.9843588073832887
9700	1558478947124	10053	85	0.00577060019780635	0.0027121989892925596	9440	613	0.9843799104315067
9800	1558480176741	9127	87	0.005778412437352062	0.0027173850874859865	8909	217	0.9843589740740329
9900	1558481403072	9910	88	0.0057864913820885235	0.0027204556976165484	9315	590	0.9843384711124941
10000	1558482636532	9431	86	0.005798504228388545	0.0027226330149552457	9219	211	0.9843380599419916
10100	1558483861797	9862	85	0.005809194661451099	0.0027242931371089193	9296	565	0.9843326813873114
10200	1558485093954	9788	79	0.005825674819696178	0.002725484356766385	9194	593	0.984320212919644
10300	1558486333967	15515	89	0.005841666018424884	0.002726466186154413	14947	565	0.9842964317068021
10400	1558487572006	9679	126	0.005852689832975874	0.0027273738691919354	9303	376	0.984281729583162
10500	1558488810829	9946	92	0.005873426161556669	0.002728086796108146	9302	644	0.9842610043672975
10600	1558490050457	9751	91	0.005892928978630247	0.002728592649828372	9153	598	0.9842541589340682
10700	1558491284634	9969	89	0.005913798659806417	0.0027300614304952963	9287	679	0.984230677764566
10800	1558492523719	9512	97	0.005933879338126618	0.0027323911868769738	9259	253	0.9841955726938335
10900	1558493765541	9240	84	0.005956449264893818	0.0027350500896402546	9027	212	0.9841824374631891
11000	1558495000562	9948	91	0.005977907920032894	0.002738562529092991	9244	704	0.9841767699778857
11100	1558496244577	9993	89	0.005999955549134875	0.0027408870415715904	9580	409	0.9841422538811162
11200	1558497486952	10149	88	0.006023792325558136	0.0027436574077630985	9547	601	0.9841257514974385
11300	1558498730011	9932	95	0.00604487314834365	0.0027464985056705493	9274	658	0.9841059152988765
11400	1558499979368	14163	87	0.006067020791892162	0.002749342286505157	13588	575	0.9840692099969995
11500	1558501219156	9391	92	0.006089624056808206	0.0027527814332660287	8976	412	0.9840447509084645
11600	1558502461818	9957	88	0.006104692900085568	0.0027567532630186904	9288	669	0.9840442841743807
11700	1558503709513	10202	87	0.006126018202629269	0.002760798507414452	9641	560	0.984015013279696
11800	1558504954818	9808	90	0.006142687277051129	0.002765053020128417	9187	621	0.9839890206363141
11900	1558506202038	9539	88	0.006156355918077056	0.0027689621669466057	9123	412	0.9840018669363353
12000	1558507443981	9726	97	0.00617296942891751	0.002771897289255767	9006	720	0.9839817751452987
12100	1558508686626	9811	87	0.006188660584306622	0.0027739683870693158	9284	526	0.9839594496982897
12200	1558509935238	9994	85	0.006198839832420239	0.002775668021422929	9446	547	0.9839532043517397
12300	1558511187708	10022	87	0.006211552779845978	0.0027777205826488515	9441	578	0.9839356684854479
12400	1558512440642	10286	90	0.0062216209007967815	0.0027797153389896756	9649	636	0.9839435918521564
12500	1558513695664	14480	87	0.006226766088434996	0.0027817196075267817	13813	667	0.9839244001911387
12600	1558514936538	10032	88	0.006238612243990799	0.002783708876062058	9501	530	0.9839189882983097
12700	1558516181395	9726	91	0.006242223876782202	0.002785430583589095	9470	252	0.9839072088190517
12800	1558517434264	10148	103	0.006252747619100537	0.002786826681320327	9581	567	0.983894895929412
12900	1558518687956	10116	96	0.006261182170757999	0.002787457291153328	9508	608	0.9838956293686866
13000	1558519927781	9958	88	0.006267383066442931	0.002787541925309991	9342	615	0.9838739595719381
13100	1558521173500	9752	88	0.006270928022936647	0.0027882196083194644	9113	636	0.9838619245002056
13200	1558522423181	10148	88	0.006280129352017514	0.002788551437628224	9477	670	0.9838686699189882
13300	1558523678113	9841	86	0.0062881527331725695	0.002788752901067427	9522	319	0.9838545567693111
13400	1558524932913	9843	88	0.006293964683787658	0.0027895504621403004	9604	239	0.9838664584884483
13500	1558526184929	10501	91	0.006306955449120429	0.0027900921695234353	9865	633	0.9838414437640992
13600	1558527447102	14766	90	0.006314834364963828	0.0027904377793216803	14085	681	0.9838214408747931
13700	1558528701367	10039	91	0.006325246980119351	0.0027906029012930364	9599	440	0.9838298198628691
13800	1558529953577	10068	92	0.006335115072177092	0.002791398267243691	9485	583	0.9838052051963061
13900	1558531205553	9976	97	0.006348950403947237	0.0027918381453461154	9401	573	0.9838071499216553
14000	1558532467156	9808	89	0.006358351761921167	0.002792217657587519	9073	734	0.9837972151532999
14100	1558533720928	9893	88	0.006372253769988998	0.0027926533893479744	9260	632	0.9837664884927823
14200	1558534968044	9996	93	0.006379210330381055	0.0027930253406128463	9418	578	0.9837768455443564
14300	1558536228656	10458	86	0.006391778812495138	0.0027927683893619985	9767	687	0.9837429517596986
14400	1558537485172	9965	87	0.00640111349417138	0.0027931646089225134	9410	555	0.9837464856034761
14500	1558538753114	9821	86	0.006407736673075	0.0027931936333162968	9242	578	0.983752530921133
14600	1558540001823	10060	89	0.006420171802593708	0.0027931580235558565	9366	693	0.9837297609654728
14700	1558541261291	13960	88	0.006423105559691955	0.0027927521698478254	13720	236	0.983738617800349
14800	1558542510810	9868	178	0.006431373420605199	0.002791604120927332	9243	578	0.9837212375120851
14900	1558543769557	10284	92	0.0064301732472468245	0.0027905371695777035	9769	515	0.9837097469634503
15000	1558545024036	9829	89	0.00644303065998422	0.0027901180231851247	9164	664	0.9837108471223621
15100	1558546281039	10102	92	0.006452365341660462	0.0027897149743554847	9481	618	0.983703923900119
15200	1558547533857	9989	95	0.006456532610265927	0.0027900189987828047	9295	694	0.9837087357062687
15300	1558548792143	10030	94	0.006459233000322269	0.002790952047677079	9294	735	0.9836846989009523
15400	1558550046556	9467	88	0.0064663340260259815	0.0027921683892888276	9242	224	0.9836813428606355
15500	1558551300286	9794	90	0.006471757031571227	0.00279401399927	9277	514	0.9836614733239246
15600	1558552557014	10179	89	0.006473768433218132	0.0027956859506934086	9523	655	0.9836702079189216
15700	1558553818047	10505	94	0.0064782135197306275	0.002798369121752332	9948	557	0.9836648515896741
15800	1558555083818	9610	95	0.006477046684521097	0.0028008247318078937	9392	217	0.9836692855634703
15900	1558556346317	9882	95	0.006481680687210375	0.002803202415024685	9660	218	0.9836710969362241
16000	1558557603814	10187	95	0.006485325658150622	0.0028049908298769305	9638	549	0.9836689077311167
16100	1558558872434	10126	94	0.0064906708746818986	0.0028059894885353034	9462	663	0.9836560169802305
16200	1558560129416	10232	88	0.006494260282040739	0.0028067393666755323	9639	592	0.9836605954193384
16300	1558561390145	9933	89	0.0065086067987598206	0.0028066165617825077	9305	625	0.9836495493793548
16400	1558562647420	10486	97	0.006516585729049751	0.0028069696106060504	9780	705	0.9836255236867547
16500	1558563918483	10091	91	0.006524375743162902	0.0028067687569230193	9479	611	0.9836181115049951
16600	1558565172917	9712	88	0.006533732650271706	0.0028070220496368356	9496	216	0.983612377343394
16700	1558566434546	10250	91	0.006545212086190228	0.002807338635041297	9746	500	0.9836015091068709
16800	1558567695797	10050	90	0.006550157244935379	0.002808033391223584	9323	727	0.9836009868092058
16900	1558568965202	14573	88	0.006558013935346217	0.0028085885132425013	13905	667	0.983601075710936
17000	1558570228237	9580	87	0.006567604209496927	0.00280929887918279	9363	217	0.9836051540778112
17100	1558571490676	10036	90	0.006576216564614889	0.0028103946110237333	9484	549	0.9835773056108105
17200	1558572748981	10116	92	0.0065900296709524705	0.0028109910745111066	9776	339	0.9835760387611544
17300	1558574006410	9749	90	0.006607876693300143	0.0028114990014023174	9529	219	0.9835566581839599
17400	1558575266375	9921	89	0.006617889250669541	0.0028124786356681264	9285	635	0.9835319990665319
17500	1558576531319	10227	91	0.006630735550690655	0.0028133710748013507	9671	553	0.9835156411481658
17600	1558577794950	10105	99	0.0066415037727671775	0.0028140565626898245	9506	599	0.9835218309311345
17700	1558579061658	10234	89	0.00665308322313223	0.0028161259531860917	9598	635	0.98349351573005
17800	1558580319088	10165	90	0.0066626512718503785	0.002817341685041669	9567	598	0.9835183859890874
17900	1558581592846	10173	90	0.006667729783190905	0.002819585221900637	9551	619	0.9834859035193972
18000	1558582858383	14679	96	0.006676175447564648	0.002823019856465836	14082	596	0.9834656783757654
18100	1558584118254	9758	92	0.00667852023069999	0.0028274788813998637	9229	529	0.9834601998066388
18200	1558585382878	9949	94	0.006687399291008702	0.0028321596136780015	9390	559	0.9834914709902541
18300	1558586652219	10034	93	0.006684276617733673	0.0028370929069625496	9460	571	0.983472023736762
18400	1558587919539	10194	97	0.006686743640748108	0.0028412754684482276	9551	642	0.9834817362507918
18500	1558589187917	9961	89	0.006689121762032293	0.002844872420106393	9603	357	0.9834826030426617
18600	1558590461686	9840	90	0.006689444030804449	0.0028475954692189593	9596	244	0.9834785135630703
18700	1558591729704	10249	91	0.006694444753131008	0.002850112054891714	9718	531	0.9834629224221276
18800	1558592996635	10142	92	0.00669482258548457	0.0028516816892294743	9710	432	0.9834774467423072
18900	1558594267249	9679	97	0.006691533221465323	0.0028530251040274515	9458	221	0.9834676119883983
19000	1558595536816	10257	91	0.006688177181148388	0.0028539538846285226	9588	669	0.9834616555724716
19100	1558596809592	9793	85	0.006687910475957638	0.002855276201862951	9206	584	0.9834771911498328
19200	1558598078886	10407	97	0.00668434329403136	0.002855893519011405	9681	725	0.9834904152822074
19300	1558599342537	10154	89	0.006683998799826642	0.002856742665456423	9493	660	0.9834760020891906
19400	1558600617020	10142	131	0.006685176747752453	0.00285699376304802	9565	577	0.9834792581150611
19500	1558601894275	10007	93	0.006686610288152733	0.0028575991289755036	9457	546	0.9834765021614233
19600	1558603158493	9695	97	0.00668577683443164	0.002858364129068796	9075	620	0.9834743907453298
19700	1558604430888	9901	93	0.006683220909686954	0.0028587691291181863	9453	447	0.9834797804127263
19800	1558605704552	10220	95	0.006683365374998611	0.002859426568222752	9616	604	0.9834794692566704
19900	1558606984835	10150	92	0.006677020014002022	0.002860316202477586	9545	602	0.983478858057275
20000	1558608257199	10573	89	0.006673819551713025	0.0028610108367086388	9948	624	0.9834877148921511
20100	1558609532042	10432	97	0.006672030404391746	0.002861692666060081	9781	614	0.983500038894507
20200	1558610812536	14602	91	0.006672374898596464	0.002862230471003716	13914	688	0.9834805249647172
20300	1558612086688	10138	90	0.006672797181815151	0.0028627175442338467	9681	453	0.9834956049207108
20400	1558613359896	10445	95	0.006670485736828653	0.002863761934605114	9904	541	0.9834777690110794
20500	1558614635214	10123	90	0.006663773656194784	0.0028645146176237337	9638	485	0.9834870259037416
20600	1558615907768	9926	98	0.006664384855590252	0.002864416934684992	9530	396	0.9834930045451009
20700	1558617180725	10152	95	0.0066656072543811885	0.002864877300594793	9563	586	0.9834877704557325
20800	1558618460488	10377	93	0.006666985231200062	0.002865319007965733	9755	622	0.9834950715103292
20900	1558619726488	10371	93	0.0066626623845666595	0.002865325105527452	9795	576	0.9834878482447464
21000	1558620995874	10027	94	0.006661895607143254	0.0028657958372921752	9413	613	0.9834889150655095
21100	1558622264134	9628	98	0.006660662095636036	0.0028661063251349175	9364	260	0.9834945269872315
21200	1558623538120	10670	95	0.006660373165012724	0.002866059739763383	9990	680	0.9834874592996766
21300	1558624818095	14534	92	0.006660284263282474	0.0028663904715110333	13978	556	0.9834933490393056
21400	1558626092584	10389	94	0.006659906430928912	0.002866634495931036	9792	571	0.9834980386055764
21500	1558627368870	10041	96	0.0066627068354317845	0.002866672910569867	9595	442	0.9834799582161868
21600	1558628638898	10151	93	0.006663184682231878	0.0028668354715653014	9564	587	0.9834831586784758
21700	1558629909883	10298	99	0.006660817673663974	0.002866631081296473	9862	436	0.9835090513074111
21800	1558631179299	10108	96	0.006665596141664907	0.002866781447168469	9514	594	0.9834766799648839
21900	1558632452413	10339	97	0.0066685854623445605	0.002866337666626545	9807	528	0.9834877593430162
22000	1558633721099	10040	96	0.006666729638725594	0.002866112422696637	9397	642	0.9834916376809983
22100	1558634997505	9916	94	0.0066718414882149645	0.0028660440080541475	9412	504	0.9834814473201685
22200	1558636272782	9885	98	0.006674208496782868	0.002866049617810929	9540	344	0.9834740462511251
22300	1558637549194	9798	95	0.006676108771266961	0.002866110593428121	9305	489	0.9834968050940691
22400	1558638826356	14462	91	0.006682798626468267	0.0028662008373415656	13866	596	0.9834645226532721
22500	1558640100777	9941	154	0.006684954493426828	0.0028662398617365684	9712	229	0.9834767355284653
22600	1558641374487	9928	96	0.006689266227343949	0.0028662720568624457	9706	222	0.98345795503795
22700	1558642650518	10633	98	0.006690888683921011	0.002866472300789305	10044	588	0.983478702479247
22800	1558643916795	10373	95	0.006692755620256259	0.0028670801057414765	9723	650	0.983472890528632
22900	1558645189081	10310	101	0.006697256270350162	0.002866590593486658	9711	598	0.983461477769011
23000	1558646458183	10366	97	0.0067021014146487826	0.002866624983734754	9713	653	0.9834603331592341
23100	1558647726869	10271	102	0.006699534377187816	0.002867089861840227	9605	662	0.9834491093157901
23200	1558648995930	10062	96	0.006700990143020658	0.0028672626667393497	9477	584	0.983467400846789
23300	1558650265619	10220	97	0.006704301732472468	0.0028671404716024964	9746	474	0.9834368853278806
23400	1558651530149	10003	94	0.006706502050296154	0.002867067666715569	9751	251	0.9834645115405558
23500	1558652803237	14429	99	0.00670825785946859	0.0028669954715848135	13888	538	0.9834561436651961
23600	1558654075644	9926	94	0.006712125084734462	0.002867201569170923	9690	235	0.9834402080300488
23700	1558655352753	10372	97	0.0067173702868192076	0.002867562422873466	9975	397	0.9834364741573783
23800	1558656629343	9644	98	0.0067261048818162625	0.0028674246179786122	9417	226	0.9834322179870426
23900	1558657897893	10073	93	0.006729560936579729	0.0028678548619335198	9574	495	0.9834426417149144
24000	1558659173424	10381	97	0.0067400624534655	0.0028687992522925918	9697	684	0.9834226499383244
24100	1558660441998	9840	94	0.006742929534266061	0.0028693632767516192	9622	218	0.9834275061953394
24200	1558661714905	10141	96	0.006749574938602242	0.0028700849841567055	9588	553	0.9834237834353851
24300	1558662993342	10274	100	0.006756887105915299	0.002870476081765376	9667	604	0.9833918677142254
24400	1558664274203	10054	99	0.006764954937935479	0.002871024374515168	9478	576	0.9833917788124952
24500	1558665552286	10448	94	0.006775323102225877	0.0028721482770912533	9887	560	0.9833764654894596
24600	1558666826088	14293	95	0.006781590674208497	0.0028731514479452985	14070	222	0.9833721648682587
24700	1558668100444	10100	98	0.006793592407792237	0.002874144252944421	9548	549	0.9833624412415126
24800	1558669372052	10033	98	0.0067954482314112035	0.0028748512042501466	9550	482	0.9833714092035516
24900	1558670651570	10195	99	0.006805827508417883	0.0028761246190395877	9574	621	0.9833611521664241
25000	1558671925264	10362	99	0.006814795470456844	0.0028769382776753995	9714	647	0.9833425272539367
