iteration	timestamp	zTotalTime	phiTotalTime	typeTokenDensity	documentDensity	z-0	countUpdate-0	phiDensity
0	1558659764302	0	0	0.001	0.0	0	0	0.9891118179247951
100	1558659776712	21	4	0.001066299123551032	0.0010775158658204895	5	16	0.9890329375176703
200	1558659788854	25	5	0.0013040712468193384	0.0014796010879419763	5	19	0.988808170766186
300	1558659801115	26	5	0.0016675148430873622	0.0025793291024478696	6	20	0.9884358213175007
400	1558659813612	24	6	0.0019824710206389597	0.003750679963735267	8	16	0.9881970596550749
500	1558659826299	25	6	0.002200169635284139	0.004684496826835902	8	17	0.9879828951088493
600	1558659838981	29	6	0.0023158043539722927	0.005344968268359021	9	20	0.9878109980209216
700	1558659851792	29	6	0.002377721232683065	0.005808250226654579	9	20	0.9878302233531241
800	1558659864672	30	6	0.0024304495335029687	0.006124660018132366	10	20	0.9877244840260108
900	1558659877573	30	6	0.002465648854961832	0.006307343608340888	10	20	0.9877005937234945
1000	1558659890503	27	6	0.002488408255583828	0.006539891205802357	11	16	0.9877056827820186
1100	1558659903496	28	6	0.0025436810856658185	0.006689483227561197	11	17	0.9876860333616059
1200	1558659916568	27	6	0.0025865139949109413	0.006815503173164098	12	14	0.9875754877014419
1300	1558659929669	32	6	0.0026044670624823297	0.006970534904805078	11	21	0.9875547073791349
1400	1558659942701	29	6	0.0026354255018377157	0.0070004533091568445	12	16	0.987604042974272
1500	1558659955776	28	6	0.0026088493073225896	0.007158658204895738	11	17	0.9875621996041843
1600	1558659968880	32	6	0.002668221656771275	0.007232547597461469	12	20	0.9874984450098954
1700	1558659981942	29	7	0.0026522476675148433	0.007258839528558478	12	17	0.9875722363584959
1800	1558659995172	26	7	0.0026963528413910093	0.007390752493200362	11	15	0.9875238903025163
1900	1558660008325	28	7	0.002707661860333616	0.007448322756119674	11	17	0.9874936386768448
2000	1558660021583	29	6	0.0027111959287531807	0.007530371713508612	12	17	0.9875175289793611
2100	1558660034770	29	6	0.0027424370935821315	0.0075349048050770626	12	17	0.9874780887757987
2200	1558660048031	29	6	0.002757986994628216	0.007543064369900272	12	17	0.9874471303364433
2300	1558660061280	30	6	0.002755583828102912	0.007545784224841342	12	18	0.9874510884930733
2400	1558660074531	32	7	0.0027609556121006504	0.007617407071622846	12	20	0.9874992931863161
2500	1558660087782	30	6	0.002744981622844218	0.007611514052583862	13	17	0.9875785976816511
2600	1558660101014	30	6	0.0027531806615776083	0.007622393472348142	13	17	0.9874919423240034
2700	1558660114299	30	6	0.002757280180944303	0.007663644605621033	12	17	0.9875646027707097
2800	1558660127625	34	6	0.00278173593440769	0.0075938349954669075	13	21	0.9873997738196212
2900	1558660140869	27	6	0.0027605315238903023	0.0076337262012692655	12	15	0.9874041560644614
3000	1558660154213	27	7	0.002783573649985864	0.007615140525838622	12	15	0.9874899632456884
3100	1558660167457	30	6	0.0027955894826123835	0.007654578422484134	13	16	0.9874636697766469
3200	1558660180697	28	6	0.0027789086796720383	0.007724841341795104	13	15	0.9874745547073791
3300	1558660194048	29	7	0.002801102629346904	0.0077148685403445145	13	16	0.9874214023183489
3400	1558660207372	30	7	0.002780463669776647	0.007672710788757932	13	17	0.9874598529827537
3500	1558660220600	29	6	0.002793327678823862	0.007705802357207615	13	16	0.9875074922250495
3600	1558660233865	30	6	0.0028047780605032512	0.007675430643699002	13	17	0.9874312977099237
3700	1558660247108	29	7	0.002808594854396381	0.007682683590208523	12	17	0.9874338422391857
3800	1558660260365	30	6	0.0028204693242861183	0.007799184043517678	13	17	0.9873823862029969
3900	1558660273672	35	7	0.0028282442748091604	0.007748866727107888	14	21	0.9873990670059373
4000	1558660286912	30	6	0.002843652813118462	0.007741613780598368	13	17	0.9873843652813118
4100	1558660300283	29	7	0.002843652813118462	0.007755213055303718	14	15	0.9874445858071812
4200	1558660313615	30	6	0.0028600508905852417	0.007747506799637353	12	18	0.9874423240033927
4300	1558660326904	31	6	0.002874611252473848	0.007695829555757027	13	18	0.9873672603901612
4400	1558660340230	29	7	0.0028552445575346337	0.007716228467815049	13	16	0.9873811139383658
4500	1558660353489	29	6	0.00286923946847611	0.00772529465095195	13	16	0.9873706530958439
4600	1558660366832	29	6	0.0028678258411082838	0.007793291024478694	13	16	0.9873953915747808
4700	1558660380167	31	7	0.0028641504099519367	0.007793291024478694	14	17	0.9873702290076336
4800	1558660393519	31	6	0.002884082555838281	0.007840435176790572	13	17	0.9873696635566864
4900	1558660406914	35	14	0.0028883234379417587	0.007853581142339075	15	20	0.9873367260390161
5000	1558660420290	34	6	0.0028941193101498443	0.007813689936536717	13	20	0.9873542550183771
5100	1558660433591	32	15	0.0029004806333050607	0.007880779691749775	14	18	0.9873555272830082
5200	1558660446976	32	6	0.002898925643200452	0.007836355394378967	14	18	0.9873452078032231
5300	1558660460304	34	6	0.0029260672886627084	0.007855394378966455	14	20	0.9873331919705965
5400	1558660473684	30	6	0.0029264913768730564	0.007903445149592021	14	15	0.9873303647158609
5500	1558660487111	32	6	0.0029284704551880126	0.00790616500453309	14	18	0.98722759400622
5600	1558660500454	35	6	0.0029283290924512297	0.007899365367180416	15	20	0.9873258411082838
5700	1558660513843	35	6	0.002922109132032796	0.007908431550317317	14	21	0.9873532654792196
5800	1558660527209	33	7	0.002923805484874187	0.00791251133272892	12	21	0.9874038733389878
5900	1558660540638	31	7	0.0029342663273960986	0.007925203989120581	14	17	0.987265903307888
6000	1558660554076	36	6	0.002934690415606446	0.007894832275611968	21	15	0.9873314956177551
6100	1558660567494	31	6	0.00293271133729149	0.008	14	17	0.9873450664404863
6200	1558660580872	31	6	0.002948968052021487	0.00801087941976428	16	15	0.9872862595419847
6300	1558660594314	36	14	0.002939214023183489	0.008070716228467814	14	22	0.9873122702855527
6400	1558660607683	31	6	0.0029263500141362736	0.007990480507706255	15	16	0.9873307888040712
6500	1558660621057	35	6	0.002931580435397229	0.00797914777878513	15	20	0.9873678258411083
6600	1558660634477	31	6	0.002933700876448968	0.007940163191296463	14	17	0.9873789934973141
6700	1558660647923	33	6	0.0029409103760248798	0.007958748866727107	15	17	0.9873515691263783
6800	1558660661459	35	6	0.0029348317783432286	0.008	14	20	0.987331636980492
6900	1558660674823	31	7	0.002948968052021487	0.008027651858567544	14	17	0.9873117048346056
7000	1558660688253	32	6	0.0029522193949674865	0.007966455122393473	15	17	0.9873707944585807
7100	1558660701698	35	6	0.0029437376307605316	0.007979601087941978	14	21	0.9873143907266044
7200	1558660715136	31	6	0.0029614079728583547	0.007994106980961016	13	18	0.9874218264065592
7300	1558660728652	32	7	0.0029737065309584395	0.00795330915684497	14	18	0.9872855527283009
7400	1558660742087	34	7	0.002984026010743568	0.008046237533998187	14	20	0.9873013853548205
7500	1558660755541	34	7	0.002983319197059655	0.008056663644605621	13	21	0.9872732541702007
7600	1558660769022	32	7	0.0030001413627367825	0.00813417951042611	14	18	0.987334888323438
7700	1558660782440	35	6	0.0029933559513712184	0.008081595648232093	14	21	0.9872007350862313
7800	1558660795847	29	6	0.002991094147582697	0.008130099728014505	13	16	0.9873091603053435
7900	1558660809250	31	6	0.0029903873338987842	0.0080766092475068	13	18	0.9872579869946282
8000	1558660822786	34	6	0.0030042408821034775	0.008038984587488668	15	19	0.9872575629064179
8100	1558660836253	39	6	0.002997031382527566	0.008113327289211242	23	16	0.9873220243143908
8200	1558660849772	35	7	0.0030186598812553013	0.008143699002719855	15	20	0.9872363584959005
8300	1558660863223	35	6	0.0030156912637828667	0.008101087941976427	14	21	0.9872964376590331
8400	1558660876705	29	6	0.00299123551031948	0.00805485040797824	14	15	0.9873037885213458
8500	1558660890139	31	14	0.0030158326265196495	0.00808023572076156	13	18	0.9873278201865988
8600	1558660903662	34	7	0.003008623126943738	0.008106527651858568	16	18	0.987259400621996
8700	1558660917101	32	7	0.0030089058524173026	0.008147325475974614	14	18	0.9873057675996607
8800	1558660930594	31	6	0.002999717274526435	0.008074342701722576	14	17	0.9873001130901894
8900	1558660944066	32	6	0.003011309018942607	0.008120126926563916	15	17	0.9872683064744133
9000	1558660957539	32	6	0.003023748939779474	0.00815865820489574	15	17	0.9872691546508341
9100	1558660971007	35	6	0.003018942606728866	0.008108794197642794	15	20	0.9872246253887476
9200	1558660984506	41	6	0.0029971727452643483	0.00813327289211242	22	19	0.987282866836302
9300	1558660998045	35	7	0.0030072094995759117	0.008131006346328197	14	21	0.9872567147299972
9400	1558661011534	32	6	0.003023890302516257	0.008053943789664552	14	18	0.9872923381396664
9500	1558661025097	31	6	0.003022052586938083	0.008121486854034451	15	16	0.9873319197059655
9600	1558661038579	32	6	0.0030083404014701726	0.008135086128739802	15	17	0.987215860899067
9700	1558661052032	32	6	0.0030093299406276507	0.008129193109700816	15	17	0.9872490811422109
9800	1558661065544	32	7	0.0030381679389312978	0.00813599274705349	15	17	0.9872493638676845
9900	1558661078995	32	6	0.0030202148713599094	0.008192656391659111	15	17	0.9871752897936104
10000	1558661092474	30	6	0.003036330223353124	0.008173617407071622	14	16	0.9872965790217698
10100	1558661106042	35	6	0.003066157760814249	0.008225747960108795	14	21	0.9872160022618038
10200	1558661119555	32	6	0.003037037037037037	0.008290571169537625	14	18	0.9871745829799264
10300	1558661132998	29	6	0.003034351145038168	0.008226201269265638	14	15	0.9872502120441051
10400	1558661146559	33	6	0.003023748939779474	0.008274705349048051	15	18	0.9872917726887193
10500	1558661160142	36	15	0.0030482046932428612	0.008197642792384406	15	21	0.98719508057676
10600	1558661173692	30	7	0.003048628781453209	0.008256572982774251	15	15	0.9873176420695504
10700	1558661187174	32	7	0.0030562623692394686	0.008267452402538532	15	17	0.9872062482329658
10800	1558661200705	35	7	0.0030773254170200735	0.008283318223028104	15	20	0.9872119027424371
10900	1558661214323	31	6	0.003049901046084252	0.008267905711695377	13	18	0.9872013005371784
11000	1558661227804	30	7	0.003064178682499293	0.008254759746146872	15	15	0.9872502120441051
11100	1558661241385	34	6	0.0030609273395532936	0.008269718948322756	15	19	0.9872930449533504
11200	1558661254955	31	7	0.0030609273395532936	0.00837035358114234	15	16	0.9871939496748657
11300	1558661268545	33	7	0.0030723777212326832	0.00835403445149592	15	18	0.9872087927622278
11400	1558661282080	33	6	0.0030945716709075487	0.008388485947416138	16	17	0.9871366977664687
11500	1558661295639	39	7	0.003086655357647724	0.008385312783318223	23	16	0.9872468193384224
11600	1558661309217	33	7	0.0030582414475544247	0.008325929283771533	16	17	0.9872079445858072
11700	1558661322713	29	6	0.0030742154368108565	0.008383499546690843	14	15	0.9871915465083404
11800	1558661336371	37	6	0.0030735086231269437	0.008317769718948324	15	22	0.9871981905569692
11900	1558661349912	36	6	0.003063330506078598	0.00829374433363554	15	21	0.9872718405428329
12000	1558661363429	33	6	0.0030807181227028553	0.008259292837715322	16	17	0.9871806615776081
12100	1558661376949	44	7	0.0030687022900763358	0.008319582955575703	24	20	0.9872104891150693
12200	1558661390540	36	6	0.003084676279332768	0.008281504986400725	14	22	0.9871709075487701
12300	1558661404040	34	6	0.003071388182075205	0.008325022665457841	15	19	0.9872656205824145
12400	1558661417608	33	6	0.0030851003675431156	0.00841613780598368	16	17	0.9871782584110829
12500	1558661431188	33	6	0.0031013570822731127	0.008418404351767906	15	18	0.9872373480350579
12600	1558661444823	34	6	0.0031119592875318066	0.008380326382592928	15	19	0.9872027141645462
12700	1558661458347	36	7	0.003082697201017812	0.008333635539437896	15	21	0.9872209499575911
12800	1558661471950	35	6	0.0030995193666949394	0.008343155031731641	15	20	0.9872496465931581
12900	1558661485566	36	7	0.003078880407124682	0.008395285584768812	15	21	0.9871741588917161
13000	1558661499124	33	6	0.00309626802374894	0.008318676337262012	16	17	0.9871068702290077
13100	1558661512702	33	7	0.00309683347469607	0.008286038077969175	15	18	0.9872650551314673
13200	1558661526290	31	7	0.003095137121854679	0.008272438803263825	15	16	0.9871902742437093
13300	1558661539870	31	6	0.003082273112807464	0.008367633726201269	15	16	0.9871892847045519
13400	1558661553428	34	6	0.0030942889454339834	0.008362647325475975	15	19	0.9871847610969748
13500	1558661567126	32	7	0.0030916030534351145	0.008387579329102448	15	17	0.9872240599378004
13600	1558661580765	42	6	0.00308806898501555	0.008324116047144153	25	17	0.9872206672321177
13700	1558661594287	34	6	0.0031106870229007633	0.008351767905711694	16	18	0.9871443313542551
13800	1558661607938	35	6	0.0031005089058524175	0.008393925657298277	15	20	0.9871810856658185
13900	1558661621537	32	6	0.0031160588068985017	0.008340435176790572	15	17	0.9871984732824427
14000	1558661635114	36	6	0.0030834040147017247	0.008379419764279238	15	20	0.9871994628216002
14100	1558661648690	31	6	0.0030955612100650267	0.008381686310063462	15	16	0.9871786824992932
14200	1558661662200	29	6	0.0030875035340684194	0.008393925657298277	13	16	0.9871714729997173
14300	1558661675723	33	6	0.003095843935538592	0.008409338168631006	16	17	0.9872141645462256
14400	1558661689308	34	6	0.0031109697483743285	0.008396645512239348	16	18	0.9871656771275091
14500	1558661702865	31	7	0.0031068702290076335	0.008412964641885767	13	18	0.9871359909527848
14600	1558661716435	37	7	0.0031338705117331072	0.008402991840435177	17	20	0.9871612948826689
14700	1558661729991	40	6	0.003112524738478937	0.008346328195829556	23	17	0.987214588634436
14800	1558661743570	36	7	0.003111393836584676	0.008393925657298277	15	21	0.9871860333616059
14900	1558661757149	36	6	0.0031249646593158042	0.008413871260199456	16	20	0.9871622844218264
15000	1558661770752	30	7	0.0031098388464800676	0.008423844061650044	14	16	0.987210630477806
15100	1558661784320	33	6	0.003123126943737631	0.00842611060743427	15	18	0.987169069833192
15200	1558661797911	36	6	0.0031129488266892847	0.008436990027198549	15	21	0.9871837715578173
15300	1558661811542	36	7	0.003118886061634153	0.008366273798730735	16	20	0.9871939496748657
15400	1558661825128	34	6	0.003104608425219112	0.008380779691749773	16	18	0.987204127791914
15500	1558661838782	33	8	0.0031146451795306756	0.008387579329102448	15	17	0.9871320327961549
15600	1558661852360	32	6	0.0031106870229007633	0.008373526745240254	15	17	0.987180096126661
15700	1558661865952	36	6	0.003124681933842239	0.008344514959202177	15	21	0.9871146451795306
15800	1558661879543	31	6	0.0031126661012157194	0.008415684496826836	15	15	0.9871060220525869
15900	1558661893128	31	6	0.0031156347186881536	0.008344061650045332	15	16	0.9871925360474979
16000	1558661906734	34	6	0.0031402318348883232	0.008327742520398912	16	18	0.9871542267458298
16100	1558661920268	29	7	0.0031368391292055414	0.008321849501359928	13	16	0.9871809443030817
16200	1558661933875	37	6	0.003109556121006503	0.008338621940163191	16	21	0.9871839129205542
16300	1558661947510	33	6	0.0031235510319479786	0.008354487760652765	15	18	0.9872256149279051
16400	1558661961153	33	7	0.003108566581849025	0.008324569356300998	16	17	0.9872110545660164
16500	1558661974724	36	6	0.0030966921119592876	0.008376246600181325	15	21	0.9871745829799264
16600	1558661988316	36	6	0.00312199604184337	0.008399818676337262	15	20	0.9872107718405428
16700	1558662001927	32	6	0.0031242578456318914	0.008320942883046238	16	16	0.9871412213740458
16800	1558662015537	34	6	0.0031320327961549335	0.008333182230281051	16	18	0.9872001696352841
16900	1558662029141	32	6	0.0031072943172179815	0.008360834088848594	16	16	0.9872169918009612
17000	1558662042844	32	7	0.003096126661012157	0.008348141432456936	14	18	0.9872384789369523
17100	1558662056464	34	6	0.0031112524738478938	0.008411604714415231	16	18	0.9871680802940345
17200	1558662069989	32	7	0.003101922533220243	0.008319582955575703	15	17	0.9871485722363585
17300	1558662083583	36	6	0.0031523890302516257	0.008371260199456028	15	21	0.9871554990104608
17400	1558662097239	34	6	0.00311817924795024	0.008372620126926564	16	18	0.987169069833192
17500	1558662110839	31	6	0.0031448968052021488	0.008372620126926564	16	15	0.9871515408538309
17600	1558662124491	33	7	0.0031310432569974555	0.008355394378966454	16	17	0.9871372632174159
17700	1558662138033	29	6	0.003110545660163981	0.008404351767905712	14	15	0.987169069833192
17800	1558662151600	33	6	0.0031371218546791067	0.00835040797824116	16	17	0.9871567712750919
17900	1558662165170	34	7	0.003145886344359627	0.008385312783318223	17	17	0.9871822165677128
18000	1558662178754	29	9	0.0031368391292055414	0.008349954669084315	14	15	0.9871823579304495
18100	1558662192317	31	6	0.0031106870229007633	0.008331368993653672	15	16	0.9872072377721233
18200	1558662205910	34	8	0.0031061634153237206	0.008308250226654578	16	18	0.9872657619451513
18300	1558662219461	36	6	0.003119310149844501	0.008338621940163191	15	21	0.9872065309584394
18400	1558662233120	36	7	0.003114221091320328	0.008340888485947415	15	21	0.9871967769296014
18500	1558662246773	32	7	0.003150834040147017	0.008379419764279238	15	17	0.9871243992083687
18600	1558662260311	37	6	0.0031460277070964092	0.008383499546690843	15	22	0.9871145038167939
18700	1558662273904	34	7	0.0031344359626802377	0.008402991840435177	17	17	0.9871071529544811
18800	1558662287599	34	6	0.0031262369239468475	0.008427470534904806	16	18	0.9871788238620299
18900	1558662301291	32	6	0.003150834040147017	0.00842248413417951	16	16	0.9871584676279332
19000	1558662314927	38	6	0.003133305060785977	0.008471894832275612	16	22	0.987203562340967
19100	1558662328584	37	6	0.0031242578456318914	0.008482320942883046	16	21	0.9871225614927905
19200	1558662342224	32	6	0.003137404580152672	0.008486854034451496	16	16	0.9871057393271133
19300	1558662355842	33	6	0.0031166242578456317	0.008429283771532185	15	17	0.9871909810573932
19400	1558662369404	33	6	0.0031289228159457165	0.008447416137805985	16	17	0.9871676562058241
19500	1558662383091	38	6	0.0031262369239468475	0.008470081595648231	16	21	0.9872551597398925
19600	1558662396741	32	6	0.0031283573649985865	0.008459655485040797	16	16	0.9871669493921402
19700	1558662410344	34	6	0.0031470172462538873	0.008408884859474162	16	18	0.9870925925925926
19800	1558662424006	35	8	0.0031610121571953634	0.00843064369900272	15	20	0.9872107718405428
19900	1558662437561	33	6	0.0031482895108849306	0.00837488667271079	16	17	0.9871492790500425
20000	1558662451211	36	7	0.003116341532372067	0.008417497733454215	16	20	0.9871669493921402
20100	1558662464895	36	6	0.0031292055414192817	0.0084143245693563	15	21	0.9871945151258128
20200	1558662478534	34	6	0.0031467345207803225	0.00834587488667271	16	18	0.9871673734803506
20300	1558662492124	33	6	0.0031477240599378006	0.008383046237533998	15	18	0.9871932428611818
20400	1558662505724	34	15	0.0031586089906700593	0.008360380779691751	16	18	0.9870834040147017
20500	1558662519341	31	15	0.0031289228159457165	0.008412964641885767	13	18	0.9871964942041278
20600	1558662532979	33	15	0.0031477240599378006	0.008432456935630099	15	18	0.9871887192536047
20700	1558662546595	47	6	0.0031296296296296298	0.008459202175883954	26	21	0.9871208651399491
20800	1558662560239	34	6	0.003144048628781453	0.008415684496826836	16	18	0.9871673734803506
20900	1558662573835	33	6	0.0031375459428894543	0.008413871260199456	16	17	0.9871306191687871
21000	1558662587403	35	6	0.00313839411931015	0.008399818676337262	17	18	0.9871006502685892
21100	1558662601075	33	7	0.0031540853830930166	0.008433816863100635	16	17	0.9871905569691829
21200	1558662614634	31	7	0.0031542267458297994	0.008484134179510426	15	16	0.9872184054283291
21300	1558662628308	36	7	0.0031511167656205824	0.00841613780598368	15	21	0.9871634153237206
21400	1558662641968	31	7	0.003130619168787108	0.008422937443336356	15	16	0.9872281594571671
21500	1558662655614	37	8	0.0031289228159457165	0.008375339981867633	16	21	0.9871878710771841
21600	1558662669309	32	7	0.0031338705117331072	0.0083961922030825	14	18	0.9872271699180096
21700	1558662682890	31	7	0.0031407972858354537	0.008457842248413418	15	16	0.9871426350014136
21800	1558662696521	35	6	0.003136980491942324	0.008408431550317317	14	21	0.9872124681933843
21900	1558662710174	34	6	0.003157478088775799	0.00831006346328196	15	19	0.9871219960418434
22000	1558662723816	33	7	0.0031482895108849306	0.008438349954669083	16	17	0.987178117048346
22100	1558662737451	36	7	0.003144048628781453	0.008445149592021759	15	21	0.9871635566864575
22200	1558662751067	38	6	0.0031603053435114506	0.008434723481414325	17	21	0.9871622844218264
22300	1558662764712	32	16	0.003161153519932146	0.00843517679057117	15	17	0.9871721798134012
22400	1558662778390	35	7	0.003169918009612666	0.008422937443336356	16	19	0.987147582697201
22500	1558662792045	33	6	0.0031552162849872775	0.008415231187669991	17	16	0.9871444727169918
22600	1558662805609	36	6	0.003152954481198756	0.008415684496826836	15	21	0.9871808029403449
22700	1558662819190	32	7	0.003164828951088493	0.00840979147778785	14	17	0.9871350014136274
22800	1558662832834	33	7	0.003146169069833192	0.008500453309156844	15	18	0.9871967769296014
22900	1558662846464	35	6	0.0031497031382527567	0.008459655485040797	16	19	0.9871704834605598
23000	1558662860122	33	7	0.003160446706248233	0.008557116953762465	16	17	0.9871232683064745
23100	1558662873743	34	6	0.0031569126378286684	0.008465548504079783	16	18	0.987119592875318
23200	1558662887330	33	6	0.0031532372066723213	0.00848458748866727	15	18	0.9871554990104608
23300	1558662900946	37	15	0.003176420695504665	0.008475974614687217	15	21	0.9870746395250212
23400	1558662914516	34	6	0.0031521063047780604	0.008463735267452402	16	18	0.9871533785694091
23500	1558662928110	37	6	0.003166525303929884	0.008480054397098822	16	21	0.9871297709923664
23600	1558662941707	34	6	0.003178117048346056	0.008419764279238441	17	16	0.9870873621713316
23700	1558662955395	35	7	0.003158750353406842	0.008428830462375341	15	20	0.987145038167939
23800	1558662969021	30	6	0.003147865422674583	0.008470534904805076	14	16	0.9871178965224767
23900	1558662982657	38	6	0.0031586089906700593	0.008461468721668178	17	21	0.9871472999717275
24000	1558662996290	36	6	0.003169211195928753	0.008407524932003627	15	21	0.9871159174441617
24100	1558663010028	30	6	0.003180802940344925	0.008457842248413418	14	16	0.9871513994910941
24200	1558663023668	33	14	0.0031714729997172745	0.008446056210335449	16	17	0.9871198756007916
24300	1558663037300	38	7	0.0031837715578173593	0.008475974614687217	17	21	0.9871624257845631
24400	1558663050930	36	7	0.0031588917161436245	0.008504079782411605	17	19	0.9871129488266893
24500	1558663064569	33	6	0.003165253039298841	0.00842611060743427	15	18	0.9871355668645745
24600	1558663078264	34	6	0.0031668080294034494	0.008461922030825023	17	17	0.987137828668363
24700	1558663091919	33	7	0.003183488832343794	0.008418404351767906	15	18	0.9870999434549053
24800	1558663105601	37	7	0.0031983319197059655	0.008435630099728015	16	21	0.9871092733955329
24900	1558663119255	31	14	0.003178823862029969	0.008470081595648231	15	16	0.9871310432569974
25000	1558663132959	33	6	0.0031675148430873623	0.008460108794197643	16	17	0.9870918857789087
25100	1558663146636	33	7	0.003175007068136839	0.008447416137805985	15	18	0.9871112524738479
25200	1558663160346	34	6	0.0031680802940344927	0.008410244786944696	16	18	0.9871604467062483
25300	1558663174042	31	7	0.0031538026576194513	0.008448322756119673	14	17	0.9871067288662708
25400	1558663187672	32	7	0.00316355668645745	0.008476881233000907	16	16	0.9871528131184619
25500	1558663201285	35	7	0.003176420695504665	0.008470081595648231	14	21	0.9871012157195364
25600	1558663214972	32	15	0.0031653944020356233	0.008468268359020852	16	16	0.9871740175289794
25700	1558663228686	36	6	0.0031820752049759684	0.008432910244786946	15	21	0.9871054566016398
25800	1558663242364	32	6	0.003162425784563189	0.008409338168631006	15	17	0.9871243992083687
25900	1558663256047	32	6	0.003172745264348318	0.008476427923844062	16	16	0.9871139383658467
26000	1558663269663	34	7	0.00318928470455188	0.0084818676337262	16	18	0.9871610121571953
26100	1558663283237	32	6	0.0031887192536047496	0.008407071622846781	15	17	0.9871272264631044
26200	1558663296905	38	6	0.0031918292338139666	0.008459655485040797	16	22	0.9870971162001696
26300	1558663310550	31	6	0.00317670342097823	0.00842973708068903	15	16	0.9870938648572236
26400	1558663324235	34	7	0.0031829233813966636	0.008487760652765186	16	18	0.9871176137970031
26500	1558663337860	34	6	0.0031755725190839696	0.008386219401631914	16	17	0.9871501272264631
26600	1558663351573	34	6	0.0031608707944585806	0.008449682683590209	16	18	0.987165818490246
26700	1558663365227	36	7	0.0032210913203279613	0.00834768812330009	16	20	0.9871252473847894
26800	1558663378900	34	6	0.0031680802940344927	0.008473254759746147	17	17	0.987154085383093
26900	1558663392567	31	6	0.0031959287531806617	0.00848458748866727	15	16	0.9871519649420413
27000	1558663406202	36	6	0.003183488832343794	0.008433816863100635	16	20	0.9871269437376308
27100	1558663419868	33	6	0.003196211478654227	0.008419764279238441	16	17	0.9871317500706813
27200	1558663433452	35	7	0.003196070115917444	0.00843155031731641	17	18	0.9871393836584677
27300	1558663447072	33	8	0.0031916878710771843	0.008419310970081596	16	17	0.9871645462256149
27400	1558663460727	36	6	0.0031857506361323154	0.008385312783318223	15	21	0.9871586089906701
27500	1558663474326	37	6	0.003175855244557535	0.008370806890299185	15	22	0.9871116765620582
27600	1558663487994	37	6	0.003194091037602488	0.008441523118766999	16	21	0.9870851003675432
27700	1558663501587	33	7	0.0031762793327678824	0.0084233907524932	16	17	0.9871649703138253
27800	1558663515170	34	6	0.003166949392140232	0.008450135992747052	16	17	0.987176844783715
27900	1558663528805	43	6	0.0031772688719253605	0.008507706255666365	25	18	0.9871499858637264
28000	1558663542485	32	7	0.0031881538026576196	0.008447416137805985	15	17	0.9871342945999435
28100	1558663556148	37	7	0.00320568278201866	0.00843789664551224	16	21	0.9870858071812271
28200	1558663569874	33	8	0.0031680802940344927	0.00843427017225748	15	18	0.9871316087079446
28300	1558663583498	33	6	0.0031809443030817075	0.00848458748866727	16	17	0.987185326547922
28400	1558663597179	37	6	0.003187305626236924	0.008428377153218494	16	21	0.9870859485439638
28500	1558663610813	34	6	0.0031884365281311844	0.008439256572982775	17	17	0.9871200169635285
28600	1558663624494	32	7	0.0031922533220243143	0.008483227561196736	15	17	0.9870949957591179
28700	1558663638188	33	6	0.003191970596550749	0.008439709882139618	15	18	0.9871123833757421
28800	1558663651876	37	6	0.003198897370653096	0.008512692656391659	16	20	0.9870614927905004
28900	1558663665500	33	7	0.003212326830647441	0.008385766092475067	15	18	0.9870326547921968
29000	1558663679193	34	6	0.0031827820186598813	0.008454669084315502	16	17	0.9871071529544811
29100	1558663692859	34	6	0.0031762793327678824	0.008462828649138714	16	17	0.987210630477806
29200	1558663706536	33	6	0.0031733107152954482	0.00850997280145059	15	18	0.9871156347186881
29300	1558663720258	36	7	0.0032020073508623125	0.00843064369900272	15	21	0.987174300254453
29400	1558663733960	37	6	0.0031915465083404014	0.008452855847688123	16	21	0.98714235227594
29500	1558663747645	30	6	0.0031898501554990105	0.008476427923844062	15	15	0.9871692111959287
29600	1558663761315	34	6	0.0031956460277070965	0.00851541251133273	16	18	0.9870913203279615
29700	1558663774951	36	7	0.0031943737630760532	0.00842973708068903	15	21	0.9870496183206107
29800	1558663788658	35	7	0.0031891433418150977	0.008432910244786946	16	19	0.9871358495900481
29900	1558663802313	34	6	0.003179530675713882	0.008420217588395285	16	18	0.9871341532372067
30000	1558663816109	37	6	0.0031745829799264915	0.00849365367180417	16	20	0.9871427763641504
30100	1558663829802	33	7	0.0032079445858071813	0.008495013599274705	15	18	0.9871636980491942
30200	1558663843473	38	6	0.0032148713599095277	0.008451949229374433	17	21	0.9870904721515409
30300	1558663857144	30	7	0.0032191122420130052	0.00842520398912058	15	15	0.9871374045801526
30400	1558663870864	35	6	0.003205965507492225	0.008511332728921125	16	18	0.9871036188860617
30500	1558663884517	30	6	0.003231128074639525	0.008453762466001814	14	16	0.9871017811704834
30600	1558663898128	32	6	0.0031809443030817075	0.008494106980961015	15	17	0.9870893412496466
30700	1558663911914	37	6	0.0032034209782301386	0.008495013599274705	17	20	0.9871443313542551
30800	1558663925542	33	7	0.003200169635284139	0.008496826835902084	16	17	0.9871178965224767
30900	1558663939213	34	7	0.0031697766468758836	0.00855303717135086	17	17	0.9872242013005372
31000	1558663952912	33	7	0.003215295448119876	0.00849818676337262	16	17	0.9871087079445858
31100	1558663966645	34	6	0.0031966355668645746	0.008547597461468723	16	18	0.9870814249363867
31200	1558663980342	35	6	0.0032195363302233533	0.00850634632819583	16	19	0.987124823296579
31300	1558663994045	38	14	0.003203279615493356	0.008471441523118767	16	21	0.9871098388464801
31400	1558664007733	33	6	0.0031959287531806617	0.008467815049864007	15	18	0.9871499858637264
31500	1558664021429	35	6	0.003202855527283008	0.008527651858567544	14	21	0.9871176137970031
31600	1558664035195	32	6	0.003211337291489963	0.008480507706255665	15	17	0.9871427763641504
31700	1558664048890	34	7	0.0031867401752897935	0.00851994560290118	14	20	0.9871489963245689
31800	1558664062622	38	6	0.003169918009612666	0.008543064369900271	17	20	0.9871194515125813
31900	1558664076248	34	6	0.00322264631043257	0.008480507706255665	16	18	0.9870289793610404
32000	1558664089918	35	7	0.003228724908114221	0.00843517679057117	15	20	0.9871143624540571
32100	1558664103646	36	7	0.003211761379700311	0.008401631912964641	16	20	0.9870682782018659
32200	1558664117326	32	7	0.003215154085383093	0.008415684496826836	15	17	0.9871646875883517
32300	1558664130979	36	6	0.0031829233813966636	0.008439709882139618	15	21	0.9871897087927622
32400	1558664144676	35	8	0.0032106304778060503	0.008420217588395285	15	20	0.9871071529544811
32500	1558664158322	34	6	0.003247102063895957	0.008417044424297372	16	17	0.9871246819338423
32600	1558664172024	33	7	0.0032082273112807465	0.008454669084315502	16	17	0.9870911789652248
32700	1558664185612	34	7	0.0031976251060220526	0.008453762466001814	16	18	0.9871063047780605
32800	1558664199333	36	7	0.0031964942041277917	0.008445149592021759	16	20	0.987107294317218
32900	1558664213020	32	7	0.003209358213175007	0.008462828649138714	16	16	0.9871000848176421
33000	1558664226717	36	6	0.0032160022618037886	0.008481414324569357	16	20	0.9871374045801526
33100	1558664240342	31	6	0.0031983319197059655	0.008413871260199456	15	16	0.9871270851003675
33200	1558664254023	34	6	0.003211478654226746	0.008404351767905712	16	18	0.9871410800113091
33300	1558664267685	33	6	0.0031922533220243143	0.008420217588395285	15	18	0.9870856658184902
33400	1558664281344	34	6	0.0032003109980209216	0.008384859474161378	16	18	0.9870750636132316
33500	1558664294999	31	7	0.0032004523607577044	0.008428377153218494	14	17	0.987052021487136
33600	1558664308688	34	7	0.0032266044670624825	0.008499546690843155	16	18	0.9870925925925926
33700	1558664322316	37	7	0.0032160022618037886	0.008407524932003627	16	21	0.9871416454622561
33800	1558664335967	36	7	0.003217133163698049	0.008508612873980054	15	21	0.9870764772405993
33900	1558664349700	33	6	0.0032349448685326547	0.008548957388939257	15	17	0.9871064461407972
34000	1558664363370	33	6	0.0032349448685326547	0.00849637352674524	15	18	0.9871372632174159
34100	1558664377033	31	6	0.0032068136839129204	0.008459655485040797	15	16	0.9870985298275374
34200	1558664390806	31	7	0.003212044105173876	0.008488667271078875	15	16	0.9871024879841673
34300	1558664404507	34	6	0.0032024314390726605	0.008460562103354488	16	18	0.9871048911506927
34400	1558664418226	36	7	0.0031942324003392704	0.008495920217588396	15	21	0.987043539722929
34500	1558664431934	37	6	0.0032198190556969185	0.00850271985494107	16	21	0.9871648289510885
34600	1558664445604	34	6	0.003187305626236924	0.008515865820489575	16	18	0.987200310998021
34700	1558664459371	34	7	0.0031976251060220526	0.008547144152311876	16	18	0.9871026293469042
34800	1558664473067	38	7	0.0032370653095843936	0.008556663644605621	16	22	0.9870989539157478
34900	1558664486808	34	6	0.0032145886344359625	0.00849546690843155	16	18	0.9871061634153238
35000	1558664500544	34	7	0.003224059937800396	0.008531731640979149	15	19	0.9870849590048063
35100	1558664514216	33	6	0.003228724908114221	0.008504079782411605	16	17	0.9870716709075488
35200	1558664527908	33	7	0.0032140231834888325	0.008537171350861286	15	18	0.9871306191687871
35300	1558664541622	37	6	0.0032054000565450947	0.008500453309156844	16	20	0.9871614362454058
35400	1558664555284	34	7	0.003226039016115352	0.008530371713508613	16	18	0.9870757704269154
35500	1558664569002	34	6	0.0032266044670624825	0.00855031731640979	16	18	0.9870554141928187
35600	1558664582723	33	7	0.0032258976533785693	0.008516319129646418	15	18	0.9871318914334182
35700	1558664596429	36	7	0.0032363584959004808	0.00849637352674524	16	20	0.9870899067005937
35800	1558664610228	32	7	0.003203562340966921	0.008470988213961923	16	16	0.9871088493073226
35900	1558664623991	35	6	0.0032415889171614363	0.00852357207615594	17	17	0.9870631891433418
36000	1558664637714	37	7	0.0032405993780039583	0.008495920217588396	16	21	0.9870600791631327
36100	1558664651423	33	7	0.003239327113372915	0.00849546690843155	16	17	0.9870665818490246
36200	1558664665202	33	7	0.003227735368956743	0.008486854034451496	16	17	0.9870087644896806
36300	1558664678986	36	6	0.0032024314390726605	0.00844333635539438	18	18	0.9871197342380549
36400	1558664692722	35	6	0.0032463952502120442	0.008459202175883954	16	18	0.9870426915465084
36500	1558664706455	33	6	0.00323522759400622	0.008450589301903897	17	16	0.9870093299406276
36600	1558664720100	34	7	0.0032217981340118746	0.008478241160471441	16	18	0.9870875035340684
36700	1558664733824	32	7	0.003215154085383093	0.008531278331822304	16	16	0.987096268023749
36800	1558664747604	32	6	0.003204975968334747	0.008583408884859473	15	17	0.9871266610121572
36900	1558664761292	34	7	0.003237206672321176	0.008479601087941976	16	18	0.9871368391292056
37000	1558664774945	33	7	0.0032543115634718687	0.008515865820489575	15	18	0.9870730845349166
37100	1558664788655	29	7	0.0032253322024314393	0.0084818676337262	14	15	0.9870901894260673
37200	1558664802356	37	6	0.003224342663273961	0.008463735267452402	16	20	0.9870990952784846
37300	1558664816032	35	6	0.00321444727169918	0.00843427017225748	17	18	0.9870523042126096
37400	1558664829796	34	7	0.003233813966638394	0.008444696282864915	17	17	0.987086513994911
37500	1558664843483	34	7	0.0032078032230703985	0.00843064369900272	16	18	0.9871219960418434
37600	1558664857192	31	6	0.0032530392988408255	0.008512692656391659	15	16	0.9870600791631327
37700	1558664870919	33	7	0.0032380548487418717	0.008489120580235722	16	17	0.9871227028555273
37800	1558664884618	31	7	0.003226745829799265	0.008444696282864915	16	15	0.9871598812553011
37900	1558664898330	36	7	0.003224342663273961	0.0084909338168631	15	21	0.9871068702290077
38000	1558664912071	34	6	0.0032312694373763076	0.008512692656391659	15	19	0.9870607859768165
38100	1558664925859	32	6	0.0032319762510602205	0.008516319129646418	16	16	0.9870879276222788
38200	1558664939603	37	7	0.0032174158891716143	0.008510879419764278	19	18	0.9870212044105174
38300	1558664953293	34	6	0.0032415889171614363	0.008471441523118767	16	18	0.9870966921119593
38400	1558664967109	38	7	0.0032428611817924796	0.00856935630099728	17	21	0.9871143624540571
38500	1558664980855	33	6	0.003228724908114221	0.008508612873980054	15	18	0.9871805202148713
38600	1558664994570	32	7	0.003211478654226746	0.008504986400725294	16	16	0.9870971162001696
38700	1558665008281	34	6	0.003241306191687871	0.008475067996373528	16	18	0.9870603618886061
38800	1558665022047	34	6	0.003216850438224484	0.008567996373526746	16	18	0.9870831212892281
38900	1558665035822	34	7	0.0032425784563189144	0.008526745240253852	16	18	0.9870388747526152
39000	1558665049545	38	6	0.0032263217415889173	0.00858295557570263	16	22	0.987128074639525
39100	1558665063248	32	15	0.003234238054848742	0.008552130553037171	17	15	0.9871282160022617
39200	1558665076987	32	7	0.0032119027424370936	0.008565276518585675	17	15	0.987057251908397
39300	1558665090807	34	6	0.003228724908114221	0.008552583862194017	17	17	0.987084534916596
39400	1558665104530	33	8	0.003226745829799265	0.00857842248413418	16	17	0.987105315238903
39500	1558665118246	36	7	0.003251908396946565	0.008531278331822304	15	21	0.9870917444161719
39600	1558665131865	35	6	0.0032404580152671754	0.008554397098821396	16	19	0.9871259541984733
39700	1558665145567	33	7	0.003224625388747526	0.008573436083408884	16	17	0.987147582697201
39800	1558665159349	31	7	0.003211054566016398	0.008557570262919312	15	16	0.9871214305908962
39900	1558665173055	32	6	0.00324342663273961	0.00857207615593835	15	17	0.9870466497031383
40000	1558665186731	37	7	0.0032435679954763924	0.008597914777878513	17	20	0.9870458015267175
40100	1558665200442	37	7	0.0032268871925360473	0.008613780598368086	16	21	0.9871406559230986
40200	1558665214168	33	6	0.0032357930449533503	0.008546690843155031	17	16	0.987046791065875
40300	1558665227769	37	7	0.00323960983884648	0.008578875793291025	17	20	0.9871279332767883
40400	1558665241525	35	6	0.0032463952502120442	0.008525838621940163	16	19	0.98709754028838
40500	1558665255225	43	7	0.0032302798982188296	0.008472801450589302	25	18	0.987066299123551
40600	1558665268902	34	7	0.0032363584959004808	0.008535811423390752	17	17	0.987108566581849
40700	1558665282705	36	7	0.0032550183771557816	0.008485947416137805	16	20	0.987100791631326
40800	1558665296456	38	6	0.0032316935255866553	0.008586128739800544	17	21	0.987079304495335
40900	1558665310178	37	7	0.0032425784563189144	0.00856844968268359	17	20	0.9870938648572236
41000	1558665323869	37	6	0.003229855810008482	0.008538077969174978	16	21	0.9870045236075771
41100	1558665337660	38	7	0.00324399208368674	0.00855031731640979	18	20	0.9870992366412213
41200	1558665351339	35	7	0.0032462538874752614	0.00849909338168631	18	17	0.9870856658184902
41300	1558665365124	37	7	0.0032359344076901327	0.008529011786038078	17	20	0.9871122420130054
41400	1558665378823	34	7	0.003232824427480916	0.008450135992747052	16	18	0.9870219112242014
41500	1558665392504	35	6	0.003247102063895957	0.008485494106980962	17	18	0.9870867967203845
41600	1558665406229	32	6	0.003264489680520215	0.008506799637352673	16	16	0.9870111676562058
41700	1558665419938	32	7	0.0032537461125247383	0.008623753399818676	16	16	0.9869762510602206
41800	1558665433603	35	15	0.0032387616624257845	0.008604714415231187	16	19	0.987122844218264
41900	1558665447327	32	7	0.003265055131467345	0.00851178603807797	17	15	0.987011026293469
42000	1558665461003	34	6	0.0032493638676844784	0.008495920217588396	16	17	0.9870797285835454
42100	1558665474685	33	6	0.0032322589765337857	0.008504533091568449	14	19	0.9870949957591179
42200	1558665488409	34	6	0.0032483743285270004	0.00843880326382593	16	18	0.9870986711902743
42300	1558665502139	35	7	0.003259683347469607	0.008471894832275612	16	18	0.9871039016115352
42400	1558665515835	34	7	0.0032502120441051737	0.008454669084315502	15	19	0.9871460277070964
42500	1558665529583	31	7	0.003270992366412214	0.008534904805077062	15	16	0.9870288379983037
42600	1558665543399	34	16	0.0032360757704269156	0.008534904805077062	16	18	0.9871022052586939
42700	1558665557190	33	7	0.0032438507209499577	0.008514959202175883	15	18	0.9870730845349166
42800	1558665570868	36	6	0.003234520780322307	0.008432456935630099	15	21	0.9871528131184619
42900	1558665584613	35	6	0.0032733955329375176	0.00842429737080689	17	18	0.9870565450947131
43000	1558665598311	31	6	0.003258552445575346	0.008469174977334543	15	16	0.9870906135142776
43100	1558665612082	34	16	0.0032349448685326547	0.00856482320942883	16	18	0.9871075770426916
43200	1558665625746	34	6	0.003261379700310998	0.008518585675430644	16	18	0.9871136556403732
43300	1558665639502	35	6	0.0032534633870511735	0.008538531278331821	17	18	0.9871316087079446
43400	1558665653307	38	6	0.003244981622844218	0.008587035358114234	17	20	0.987102063895957
43500	1558665667055	32	7	0.003228442182640656	0.008484134179510426	15	17	0.9871050325134295
43600	1558665680888	31	15	0.003255301102629347	0.008537624660018133	16	15	0.9870646027707096
43700	1558665694592	32	6	0.0032520497596833474	0.008457388939256573	16	16	0.9871029120723778
43800	1558665708338	32	6	0.0032268871925360473	0.008405711695376246	16	16	0.987102063895957
43900	1558665721988	37	8	0.0032530392988408255	0.0083961922030825	16	21	0.9870794458580718
44000	1558665735635	35	6	0.0032445575346338705	0.008418404351767906	17	17	0.9870433983601923
44100	1558665749425	38	14	0.0032516256714729998	0.008460562103354488	17	21	0.987166383941193
44200	1558665763172	37	6	0.003255583828102912	0.00851722574796011	16	21	0.9870725190839694
44300	1558665776773	36	7	0.003252615210630478	0.008477787851314597	15	21	0.9870327961549336
44400	1558665790505	35	7	0.0032589765337856943	0.008456482320942883	17	18	0.9870507492225049
44500	1558665804190	35	7	0.00323960983884648	0.008468721668177696	16	18	0.9870053717839977
44600	1558665817915	34	15	0.003226039016115352	0.008476881233000907	16	18	0.9871252473847894
44700	1558665831627	34	7	0.003233389878428046	0.00849637352674524	16	18	0.9870716709075488
44800	1558665845269	34	7	0.003240316652530393	0.008510426110607434	16	18	0.9870942889454339
44900	1558665858992	36	7	0.003245829799264914	0.008484134179510426	16	20	0.9871327396098388
45000	1558665872712	33	7	0.0032530392988408255	0.008561650045330917	15	18	0.9871221374045801
45100	1558665886462	44	6	0.0032348035057958723	0.008594288304623754	17	27	0.9871029120723778
45200	1558665900156	35	6	0.0032601074356799547	0.00843880326382593	16	19	0.9870571105456601
45300	1558665913768	38	6	0.003258693808312129	0.00851994560290118	17	21	0.9871325982471021
45400	1558665927552	36	7	0.0032374893977947412	0.008411151405258386	16	20	0.9870737913486005
45500	1558665941295	36	7	0.003245122985581001	0.008399818676337262	15	21	0.9870223353124117
45600	1558665954975	35	7	0.003246112524738479	0.008485947416137805	18	17	0.9871258128357365
45700	1558665968663	34	6	0.0032374893977947412	0.008536718041704442	16	18	0.9871621430590897
45800	1558665982385	35	6	0.003259683347469607	0.008521305530371713	16	18	0.9869855810008482
45900	1558665996131	33	7	0.0032612383375742156	0.00848640072529465	17	16	0.9871194515125813
46000	1558666009814	33	7	0.0032540288379983035	0.008434723481414325	16	17	0.9870470737913486
46100	1558666023554	34	7	0.003272830081990387	0.008468268359020852	16	18	0.9871095561210065
46200	1558666037216	33	6	0.0032609556121006504	0.008412964641885767	15	18	0.98698374328527
46300	1558666050950	44	6	0.0032411648289510887	0.00842429737080689	25	19	0.9870989539157478
46400	1558666064565	38	7	0.0032636415040995194	0.008433816863100635	16	22	0.9870788804071247
46500	1558666078240	35	7	0.00326039016115352	0.008523118766999092	17	18	0.9871115351993215
46600	1558666091950	35	6	0.003275940062199604	0.008586128739800544	17	18	0.9870634718688154
46700	1558666105705	34	7	0.0032721232683064743	0.008603354487760652	17	17	0.9870329375176703
46800	1558666119471	35	6	0.0032820186598812554	0.008582502266545784	17	18	0.9870124399208369
46900	1558666133164	37	7	0.003258693808312129	0.008567996373526746	16	21	0.9869913768730563
47000	1558666146926	34	6	0.003271557817359344	0.008597914777878513	16	18	0.9870537178399774
47100	1558666160691	35	6	0.0032810291207237773	0.008520398912058023	17	18	0.9870623409669211
47200	1558666174358	34	7	0.0032541702007350863	0.008512239347234813	16	18	0.9870968334746961
47300	1558666188091	35	7	0.0032612383375742156	0.008548504079782412	17	18	0.9870746395250212
47400	1558666201739	32	7	0.003250777495052304	0.008452402538531278	17	15	0.9870834040147017
47500	1558666215471	34	7	0.0032680237489397797	0.008546237533998188	16	18	0.9870957025728018
47600	1558666229183	40	7	0.0032473847893695223	0.008478694469628286	18	22	0.9870860899067005
47700	1558666242991	37	15	0.0032687305626236925	0.008567996373526746	17	20	0.987040995193667
47800	1558666256765	37	7	0.0032753746112524737	0.008616500453309157	16	21	0.9871255301102629
47900	1558666270466	33	7	0.0032367825841108284	0.008577515865820489	16	17	0.9870737913486005
48000	1558666284296	33	7	0.003270285552728301	0.008489573889392567	16	17	0.9870472151540853
48100	1558666298018	32	7	0.0032695787390443877	0.00857570262919311	16	16	0.987104042974272
48200	1558666311737	37	7	0.0032767882386203	0.008581142339075249	16	21	0.986984450098954
48300	1558666325458	37	8	0.00324342663273961	0.008567996373526746	16	21	0.9871458863443596
48400	1558666339291	33	7	0.003288238620299689	0.008587941976427925	15	18	0.987020780322307
48500	1558666352944	38	6	0.003276646875883517	0.008567996373526746	17	21	0.9870718122702855
48600	1558666366632	36	14	0.0032657619451512583	0.008576155938349955	16	20	0.9870908962397512
48700	1558666380360	33	6	0.003304636697766469	0.008474614687216681	16	17	0.98701625671473
48800	1558666394069	33	8	0.003263076053152389	0.008537624660018133	16	17	0.9870507492225049
48900	1558666407867	37	7	0.0032533220243143907	0.008508159564823209	16	21	0.9870858071812271
49000	1558666421574	38	7	0.003278767316935256	0.008589755213055305	17	21	0.9870298275374612
49100	1558666435283	37	7	0.0032697201017811706	0.008577062556663644	16	21	0.9870538592027142
49200	1558666448973	34	7	0.003287249081142211	0.008684043517679057	17	17	0.98701625671473
49300	1558666462711	33	8	0.0032897936104042975	0.008671350861287399	17	16	0.987003251342946
49400	1558666476394	36	6	0.0032975685609273396	0.008713055303717136	18	18	0.9870527283008199
49500	1558666490114	32	6	0.0032784845914616907	0.008647325475974615	16	16	0.9869877014419
49600	1558666503892	34	7	0.0032800395815662992	0.008612873980054397	17	17	0.9869633870511733
49700	1558666517618	34	7	0.0032772123268306474	0.008548050770625567	16	18	0.987063047780605
49800	1558666531331	34	7	0.0032743850720949957	0.008590208522212149	16	18	0.987079304495335
49900	1558666545136	35	15	0.003290217698614645	0.008559836808703536	16	19	0.9870394402035624
50000	1558666558867	34	7	0.0032907831495617755	0.008619220308250226	16	18	0.9870139949109414
50100	1558666572677	37	6	0.0032953067571388182	0.008606527651858568	17	20	0.9871019225332203
50200	1558666586453	35	6	0.0032917726887192536	0.008653671804170444	18	17	0.9870524455753463
50300	1558666600193	34	6	0.0033115634718688153	0.00854125113327289	16	18	0.9870470737913486
50400	1558666613861	31	6	0.003267458297992649	0.008643699002719855	15	16	0.987034492507775
50500	1558666627631	37	6	0.0032769296013570822	0.008548050770625567	16	21	0.9870626236923947
50600	1558666641446	32	7	0.0032745264348317785	0.008600634632819583	16	16	0.9870706813683913
50700	1558666655221	35	8	0.003301526717557252	0.008652765185856755	17	18	0.9870031099802092
50800	1558666668939	36	6	0.003282584110828386	0.008691749773345421	15	21	0.9871039016115352
50900	1558666682762	34	6	0.003240316652530393	0.008612873980054397	17	17	0.9871112524738479
51000	1558666696511	36	7	0.003246819338422392	0.0085766092475068	17	19	0.9870465083404014
51100	1558666710271	38	7	0.0032564320045236077	0.008661378059836808	17	21	0.9870012722646311
51200	1558666724070	33	7	0.003256714729997173	0.008498640072529465	17	16	0.9870720949957591
51300	1558666737804	33	7	0.0032677410234662144	0.008493200362647326	16	17	0.9870781735934407
51400	1558666751576	36	7	0.0033032230703986427	0.008634632819582955	15	21	0.9869659315804354
51500	1558666765270	34	6	0.0032798982188295164	0.008584768812330008	16	18	0.9870941475826972
51600	1558666779026	34	7	0.0032591178965224767	0.008600181323662739	16	18	0.9870294034492508
51700	1558666792806	33	6	0.0032694373763076053	0.008524478694469628	15	18	0.9871063047780605
51800	1558666806545	34	7	0.003271557817359344	0.008507706255666365	16	18	0.9870305343511451
51900	1558666820232	34	6	0.0032687305626236925	0.008549864007252947	16	18	0.9870180944303082
52000	1558666833935	34	7	0.003280746395250212	0.008467815049864007	16	18	0.9870469324286119
52100	1558666847666	38	7	0.0032622278767316937	0.008538531278331821	16	22	0.9870718122702855
52200	1558666861423	37	6	0.003283856375459429	0.008582502266545784	16	21	0.9870308170766185
52300	1558666875177	38	6	0.0032724059937800395	0.008540344514959202	17	21	0.9871337291489963
52400	1558666888917	32	7	0.003253604749787956	0.008574342701722575	16	16	0.9870540005654509
52500	1558666902688	32	7	0.0033020921685043823	0.008636899365367181	15	17	0.9869787955894826
52600	1558666916421	37	6	0.0032750918857789085	0.008640979147778786	17	20	0.9870887757986995
52700	1558666930129	33	6	0.0032550183771557816	0.008603807796917499	17	16	0.9870913203279615
52800	1558666943891	32	7	0.003289228159457167	0.008590661831368994	16	16	0.9870038167938932
52900	1558666957604	34	7	0.0032763641504099518	0.008626473254759747	17	17	0.9870761945151258
53000	1558666971403	33	7	0.003287531806615776	0.008585675430643699	15	18	0.9870558382810292
53100	1558666985178	32	7	0.003291207237772123	0.008601994560290118	16	16	0.9870210630477806
53200	1558666998907	34	7	0.0032972858354537744	0.008596554850407978	16	18	0.9869580152671755
53300	1558667012656	35	6	0.0033105739327113372	0.008599728014505892	16	19	0.9870166808029404
53400	1558667026347	32	7	0.0032900763358778627	0.008525838621940163	14	18	0.9870682782018659
53500	1558667040055	33	6	0.0032680237489397797	0.00856663644605621	17	16	0.9869820469324286
53600	1558667053806	36	7	0.0033101498445009896	0.008603354487760652	18	18	0.9869819055696918
53700	1558667067608	37	7	0.0033200452360757702	0.008694469628286492	16	21	0.9870388747526152
53800	1558667081395	33	7	0.003290924512298558	0.008665911151405258	16	17	0.9870042408821035
53900	1558667095180	35	7	0.0032704269154650834	0.008653218495013599	17	18	0.9870305343511451
54000	1558667108979	34	6	0.003303505795872208	0.008610154125113328	16	17	0.9870159739892564
54100	1558667122782	35	8	0.0032801809443030816	0.008587035358114234	17	18	0.9870074922250495
54200	1558667136502	37	7	0.003312270285552728	0.008586128739800544	17	20	0.9870046649703138
54300	1558667150264	34	6	0.003305626236923947	0.008610154125113328	16	17	0.9870609273395533
54400	1558667164046	35	6	0.0033119875600791633	0.008649592021758839	16	19	0.9869871359909528
54500	1558667177777	32	7	0.003280746395250212	0.008620126926563916	15	17	0.987053293751767
54600	1558667191571	33	8	0.003303505795872208	0.008623300090661831	16	17	0.9871160588068985
54700	1558667205373	35	6	0.0032931863160870793	0.00864052583862194	15	19	0.9870931580435397
54800	1558667219132	34	6	0.0033053435114503817	0.00866047144152312	17	17	0.9870636132315521
54900	1558667232805	34	7	0.0033091603053435116	0.008665004533091568	16	18	0.98698374328527
55000	1558667246609	33	7	0.0033295165394402037	0.008604714415231187	16	17	0.9869635284139101
55100	1558667260294	31	7	0.0032864009047215152	0.008694016319129645	15	16	0.9870992366412213
55200	1558667274064	33	7	0.003292903590613514	0.008649592021758839	16	17	0.9870299689001979
55300	1558667287811	38	7	0.003297992649137687	0.008683136899365368	17	21	0.987013712185468
55400	1558667301574	32	9	0.0032873904438789933	0.00865049864007253	17	15	0.9870483460559797
55500	1558667315362	34	7	0.0032974271981905568	0.008669084315503173	16	18	0.9870489115069268
55600	1558667329081	34	6	0.0033146734520780323	0.008669537624660018	17	17	0.9871041843370087
55700	1558667342802	33	6	0.0033196211478654226	0.008620126926563916	16	17	0.9870040995193667
55800	1558667356625	34	7	0.0033111393836584677	0.008647325475974615	16	18	0.9869923664122138
55900	1558667370387	34	6	0.00331128074639525	0.008635539437896645	16	18	0.9870424088210348
56000	1558667384182	32	6	0.003311704834605598	0.008703989120580236	16	16	0.9870397229290359
56100	1558667397910	36	7	0.0032757986994628218	0.008630553037171352	17	19	0.9870711054566016
56200	1558667411723	33	7	0.0033057675996607293	0.008680870353581142	17	16	0.9870446706248233
56300	1558667425480	34	7	0.0033050607859768165	0.00858295557570263	17	17	0.9869912355103195
56400	1558667439254	33	6	0.003307605315238903	0.008678150498640071	16	16	0.9869919423240034
56500	1558667453067	34	7	0.0033179247950240317	0.0086441523118767	16	18	0.9870428329092451
56600	1558667466811	35	7	0.0032926208651399493	0.008646418857660926	17	18	0.9870128640090472
56700	1558667480634	33	7	0.003284139100932994	0.008604714415231187	16	17	0.9870281311846197
56800	1558667494414	37	6	0.0032869663556686457	0.008633272892112421	16	20	0.9871301950805768
56900	1558667508257	35	6	0.0033217415889171616	0.008674977334542158	17	18	0.9870908962397512
57000	1558667522046	37	6	0.0032985581000848176	0.008618313689936537	15	21	0.9870392988408255
57100	1558667535828	33	7	0.003297992649137687	0.008665457842248413	16	17	0.9870657336726039
57200	1558667549578	38	7	0.0033155216284987275	0.008670897552130553	17	21	0.9869789369522194
57300	1558667563315	37	7	0.003310432569974555	0.008630553037171352	16	21	0.9870392988408255
57400	1558667577065	33	6	0.003306615776081425	0.008665004533091568	14	19	0.9870561210065026
57500	1558667590853	36	7	0.0033292338139666385	0.008674524025385313	17	19	0.9870021204410517
57600	1558667604670	37	7	0.0033022335312411647	0.008660924750679965	16	21	0.9870626236923947
57700	1558667618472	34	7	0.003309725756290642	0.008692656391659111	17	17	0.9870432569974554
57800	1558667632223	38	7	0.003318490245971162	0.008784224841341795	17	21	0.9870302516256715
57900	1558667646075	34	6	0.0033030817076618603	0.008686763372620128	16	18	0.9870592309867119
58000	1558667659936	34	7	0.0032982753746112524	0.00860970081595648	16	18	0.9871229855810009
58100	1558667673699	34	7	0.0033128357364998586	0.008644605621033545	17	17	0.9869834605597965
58200	1558667687472	37	7	0.0032958722080859487	0.008709428830462376	16	21	0.9870781735934407
58300	1558667701262	34	6	0.0033090189426067287	0.008689483227561197	16	18	0.9870954198473283
58400	1558667715032	35	7	0.003310291207237772	0.008615140525838621	20	15	0.9870275657336726
58500	1558667728760	35	7	0.003314108001130902	0.0086622846781505	17	18	0.9870794458580718
58600	1558667742514	38	7	0.0033136839129205542	0.00866863100634633	17	21	0.9870363302233531
58700	1558667756325	33	7	0.003312270285552728	0.008661378059836808	17	16	0.9869701724625388
58800	1558667770063	39	6	0.003319197059655075	0.008642792384406165	17	22	0.9870251625671473
58900	1558667783878	36	6	0.0033261238337574215	0.008771532184950137	18	18	0.9870135708227311
59000	1558667797593	35	7	0.0032936104042974273	0.008640979147778786	17	18	0.9870257280180944
59100	1558667811391	33	7	0.0033231552162849873	0.008739800543970989	17	16	0.9870286966355669
59200	1558667825161	34	6	0.003321882951653944	0.008676337262012694	16	18	0.9869626802374893
59300	1558667838921	33	15	0.0033302233531241165	0.008752039891205802	15	18	0.9870083404014701
59400	1558667852700	35	7	0.0033060503251342945	0.008741160471441524	17	18	0.987063047780605
59500	1558667866423	45	7	0.003303647158608991	0.008610607434270173	24	21	0.9869809160305344
59600	1558667880181	32	7	0.003325699745547074	0.008733000906618315	16	16	0.9870294034492508
59700	1558667894047	46	7	0.0033165111676562056	0.008674070716228468	25	21	0.9870264348317783
59800	1558667907830	38	6	0.0032948826689284706	0.008666364460562103	17	21	0.9871012157195364
59900	1558667921583	33	6	0.003300819903873339	0.008651858567543063	17	16	0.9870501837715578
60000	1558667935351	35	7	0.0033302233531241165	0.008631912964641886	16	19	0.9869936386768448
60100	1558667949161	35	7	0.003334464235227594	0.008650951949229374	17	18	0.9870277070964094
60200	1558667962999	35	8	0.0033033644331354256	0.008693563009972802	17	18	0.9870766186033362
60300	1558667976767	35	7	0.00330251625671473	0.008615140525838621	17	18	0.9870392988408255
60400	1558667990580	35	7	0.0033129770992366414	0.008622393472348142	16	19	0.9870711054566016
60500	1558668004420	35	7	0.0033292338139666385	0.008596554850407978	17	18	0.9869786542267458
60600	1558668018234	33	7	0.003300113090189426	0.008574342701722575	17	16	0.9870419847328245
60700	1558668032032	36	6	0.003322589765337857	0.008641885766092474	15	21	0.9869816228442183
60800	1558668045725	34	7	0.0033261238337574215	0.008689029918404352	17	17	0.9870890585241731
60900	1558668059493	34	7	0.003305908962397512	0.008605167724388033	16	18	0.986982471020639
61000	1558668073279	35	7	0.003307322589765338	0.008655485040797824	17	18	0.9870784563189143
61100	1558668087090	37	6	0.0033232965790217697	0.008593834995466908	16	21	0.9870753463387051
61200	1558668100799	37	6	0.003307322589765338	0.008726201269265639	18	19	0.9870401470172463
61300	1558668114690	35	6	0.0033300819903873337	0.008659111514052584	17	17	0.9870261521063047
61400	1558668128473	37	7	0.003322165677127509	0.008673164097914778	17	20	0.9869949109414758
61500	1558668142219	34	6	0.0033063330506078598	0.008753853127833182	16	18	0.987016963528414
61600	1558668156049	34	15	0.003327961549335595	0.008703082502266547	16	18	0.9870301102629347
61700	1558668169826	34	7	0.0033278201865988124	0.008612873980054397	16	18	0.9869604184337009
61800	1558668183601	45	7	0.0033322024314390727	0.008587941976427925	24	21	0.9869851569126378
61900	1558668197330	35	7	0.003303788521345773	0.008625113327289212	17	18	0.9870361888606164
62000	1558668211058	34	8	0.0033223070398642916	0.008706708975521307	17	17	0.9869322872490811
62100	1558668224786	33	7	0.0033370087644896806	0.008687669990933816	15	18	0.9869823296579022
62200	1558668238550	34	6	0.003288379983036472	0.00871350861287398	18	16	0.9871010743567995
62300	1558668252339	38	7	0.0033080294034492507	0.00869537624660018	18	20	0.9870679954763925
62400	1558668266061	34	7	0.003311422109132033	0.008642792384406165	17	17	0.9869936386768448
62500	1558668279822	33	7	0.0033320610687022903	0.008641885766092474	16	17	0.9869795024031666
62600	1558668293629	33	6	0.0033040712468193384	0.008577062556663644	15	18	0.9870073508623127
62700	1558668307401	36	6	0.003299830364715861	0.0086350861287398	17	19	0.9870614927905004
62800	1558668321217	33	6	0.0033176420695504665	0.008653671804170444	17	16	0.9870672886627085
62900	1558668335004	35	6	0.003332485156912638	0.00865684496826836	17	18	0.9870193666949392
63000	1558668348791	35	6	0.003317500706813684	0.008672710788757934	17	17	0.9870462256149279
63100	1558668362610	38	15	0.003299123551031948	0.008619220308250226	17	21	0.9870723777212327
63200	1558668376404	34	8	0.0033169352558665537	0.008612420670897552	18	16	0.9869708792762227
63300	1558668390109	40	7	0.003319055696918292	0.008663644605621032	24	16	0.9869645179530676
63400	1558668403906	35	7	0.003313118461973424	0.00863871260199456	17	18	0.9870132880972575
63500	1558668417626	33	6	0.003307322589765338	0.00865503173164098	17	16	0.9870609273395533
63600	1558668431394	31	7	0.003302940344925078	0.008623300090661831	16	15	0.9869942041277919
63700	1558668445198	34	7	0.0033341815097540288	0.008719401631912965	16	18	0.986970737913486
63800	1558668459000	36	6	0.0033346055979643764	0.008662737987307344	18	18	0.9870127226463105
63900	1558668472772	32	7	0.0033457732541702007	0.008682683590208523	17	15	0.9870443878993498
64000	1558668486497	32	7	0.0033005371783997738	0.008681776971894832	16	16	0.9870159739892564
64100	1558668500309	34	7	0.00333149561775516	0.008742520398912058	17	17	0.987040995193667
64200	1558668514104	46	7	0.0033290924512298556	0.00878558476881233	25	21	0.9869697483743285
64300	1558668527878	34	7	0.003310998020921685	0.008672710788757934	16	18	0.9870289793610404
64400	1558668541750	35	7	0.003338563754594289	0.00870988213961922	17	17	0.9870234662143059
64500	1558668555524	34	6	0.0033347469607011592	0.00870988213961922	16	18	0.9870329375176703
64600	1558668569368	35	7	0.003341249646593158	0.008719401631912965	17	18	0.987055272830082
64700	1558668583128	33	6	0.0033476109697483745	0.008746600181323663	17	16	0.9870108849307323
64800	1558668596930	35	7	0.00334464235227594	0.0087207615593835	17	18	0.9870578173593441
64900	1558668610754	33	7	0.0033268306474413343	0.0087116953762466	17	16	0.9870098953915748
65000	1558668624552	34	7	0.0033358778625954197	0.008722574796010879	16	18	0.9869729997172745
65100	1558668638347	38	15	0.003330647441334464	0.008697642792384407	17	21	0.9870419847328245
65200	1558668652179	35	7	0.0033399773819621148	0.008796010879419764	17	18	0.9869959004806333
65300	1558668665978	37	7	0.003319055696918292	0.008804623753399817	16	21	0.9870873621713316
65400	1558668679769	34	7	0.0033300819903873337	0.00873708068902992	17	17	0.9870200735086231
65500	1558668693500	39	7	0.0033216002261803788	0.008688576609247508	18	21	0.9869677692960136
65600	1558668707284	38	6	0.0033532654792196776	0.008682683590208523	17	21	0.9870046649703138
65700	1558668721124	35	7	0.003332767882386203	0.008767452402538532	18	17	0.9869968900197907
65800	1558668734909	33	6	0.0033194797851286402	0.008718948322756121	17	16	0.987087786259542
65900	1558668748705	34	6	0.003322872490811422	0.008716681776971895	16	18	0.9869836019225332
66000	1558668762543	33	16	0.0033532654792196776	0.0086441523118767	15	18	0.9869722929035906
66100	1558668776340	32	7	0.003346338705117331	0.008683590208522211	16	16	0.9870179530675713
66200	1558668790103	34	7	0.003330788804071247	0.008591568449682683	17	17	0.9870214871359909
66300	1558668803849	35	7	0.0033203279615493355	0.008711242067089755	17	18	0.986998727735369
66400	1558668817643	33	6	0.0033418150975402885	0.008654578422484134	17	15	0.987031806615776
66500	1558668831448	37	6	0.0033173593440769013	0.008666364460562103	16	21	0.9869953350296862
66600	1558668845250	32	7	0.003324003392705683	0.00870625566636446	16	16	0.9870018377155781
66700	1558668859053	37	7	0.00333149561775516	0.00864505893019039	16	21	0.9870340684195646
66800	1558668872781	39	7	0.0033319197059655074	0.008738893925657298	19	20	0.987046791065875
66900	1558668886644	46	7	0.0033197625106022055	0.008806436990027198	26	20	0.9869811987560079
67000	1558668900417	37	7	0.00334026010743568	0.008739347234814144	17	20	0.9869877014419
67100	1558668914157	34	6	0.003360333616058807	0.008681323662737987	16	18	0.9869819055696918
67200	1558668927942	34	6	0.003326689284704552	0.008758839528558476	16	18	0.986908962397512
67300	1558668941729	37	7	0.0033377155781735934	0.008662737987307344	19	18	0.9870106022052587
67400	1558668955510	33	7	0.0033264065592309867	0.00871441523118767	16	17	0.9870277070964094
67500	1558668969419	36	6	0.0033275374611252476	0.00878105167724388	18	18	0.987040995193667
67600	1558668983212	35	15	0.003341249646593158	0.008681323662737987	17	18	0.9869950523042126
67700	1558668996999	32	7	0.0033264065592309867	0.00872529465095195	17	15	0.9869974554707379
67800	1558669010851	35	7	0.00334026010743568	0.008694469628286492	17	18	0.987020780322307
67900	1558669024571	33	6	0.0033398360192253324	0.008755666364460563	18	15	0.9870073508623127
68000	1558669038359	38	7	0.003317076618603336	0.008796010879419764	17	21	0.9869950523042126
68100	1558669052146	37	6	0.0033428046366977666	0.00876835902085222	16	20	0.987017528979361
68200	1558669065929	33	7	0.0033200452360757702	0.00873708068902992	17	16	0.9869929318631608
68300	1558669079730	32	15	0.003345066440486288	0.00864777878513146	16	16	0.9869334181509754
68400	1558669093546	35	7	0.0033350296861747245	0.008700815956482321	18	17	0.9869721515408538
68500	1558669107288	34	7	0.0033333333333333335	0.008717588395285586	17	17	0.9870547073791348
68600	1558669121149	37	7	0.0033166525303929884	0.00872801450589302	16	21	0.9870229007633587
68700	1558669135033	37	6	0.0033271133729148995	0.008744786944696282	16	20	0.9870349165959853
68800	1558669148791	35	7	0.0033430873621713318	0.008669990933816863	17	18	0.9869881255301103
68900	1558669162532	34	7	0.003341249646593158	0.008737533998186763	16	18	0.9869737065309584
69000	1558669176301	36	15	0.003326689284704552	0.008789664551223935	17	19	0.9869761096974837
69100	1558669190069	36	7	0.003327961549335595	0.008724841341795105	18	18	0.987064320045236
69200	1558669203830	34	6	0.0033333333333333335	0.008653218495013599	16	18	0.9869970313825276
69300	1558669217564	34	7	0.003330647441334464	0.008730281051677244	16	18	0.9870042408821035
69400	1558669231358	34	7	0.0033577890867967203	0.008760199456029011	17	17	0.9869738478936952
69500	1558669245078	35	6	0.0033423805484874185	0.00865684496826836	17	17	0.9869855810008482
69600	1558669258865	38	8	0.003336584676279333	0.008767905711695376	17	21	0.9870145603618886
69700	1558669272695	35	15	0.003337432852700028	0.008727107887579329	17	18	0.9869657902176986
69800	1558669286509	34	6	0.003335453774385072	0.0087207615593835	17	17	0.9870540005654509
69900	1558669300350	35	7	0.003332767882386203	0.008765185856754306	16	19	0.9869959004806333
70000	1558669314156	33	7	0.00335284139100933	0.008773345421577516	16	16	0.9870753463387051
70100	1558669327940	33	7	0.003344925077749505	0.008744333635539437	16	17	0.9870360474978795
70200	1558669341753	35	6	0.0033442182640655922	0.008788757932910245	16	18	0.9869916595985299
70300	1558669355589	38	8	0.003327961549335595	0.008817316409791477	17	21	0.9870118744698897
70400	1558669369421	47	6	0.003308594854396381	0.008742520398912058	26	21	0.9870689850155498
70500	1558669383148	34	7	0.0033207520497596835	0.008755666364460563	16	18	0.987019508057676
70600	1558669396922	33	6	0.0033466214305908964	0.00863871260199456	16	16	0.9869951936669494
70700	1558669410750	38	7	0.003350720949957591	0.008723028105167724	17	21	0.9869513712185468
70800	1558669424570	38	7	0.0033534068419564605	0.008805077062556663	17	21	0.9869574498162285
70900	1558669438329	32	15	0.003324003392705683	0.008802357207615593	16	16	0.9869744133446423
71000	1558669452125	35	7	0.0033543963811139385	0.008839528558476882	18	17	0.9870262934690416
71100	1558669465911	38	7	0.0033216002261803788	0.008826382592928377	17	21	0.9871078597681651
71200	1558669479703	38	7	0.0033320610687022903	0.008747506799637353	17	21	0.9870131467345208
71300	1558669493480	32	7	0.0033326265196494203	0.008782411604714414	16	16	0.9869704551880124
71400	1558669507330	35	15	0.0033510036754311563	0.008785131459655485	18	17	0.9869444444444444
71500	1558669521082	39	6	0.003320893412496466	0.008714868540344516	17	22	0.9870701159174442
71600	1558669534970	35	6	0.003336584676279333	0.008733907524932003	16	18	0.986984450098954
71700	1558669548754	38	6	0.0033290924512298556	0.008745693563009973	17	21	0.9869845914616907
71800	1558669562608	35	7	0.0033522759400621996	0.008718495013599274	17	18	0.9870024031665253
71900	1558669576378	33	15	0.003319903873338988	0.00863145965548504	16	17	0.987031806615776
72000	1558669590164	35	7	0.0033340401470172464	0.00872892112420671	17	18	0.9870209216850439
72100	1558669603915	34	7	0.0033282442748091604	0.008692656391659111	16	18	0.9869978795589482
72200	1558669617726	34	7	0.0033232965790217697	0.008721214868540345	16	18	0.9870237489397795
72300	1558669631542	37	7	0.0033493073225897654	0.008726201269265639	16	21	0.9869861464517953
72400	1558669645296	43	7	0.0033223070398642916	0.008678150498640071	25	18	0.9870661577608143
72500	1558669659122	35	7	0.003330364715860899	0.008741613780598368	17	18	0.9870026858919989
72600	1558669672942	34	7	0.0033227311280746396	0.00872892112420671	16	18	0.9870445292620865
72700	1558669686669	33	7	0.003343228724908114	0.008689936536718042	15	18	0.9870045236075771
72800	1558669700399	33	7	0.0033238620299689	0.008626019945602902	17	16	0.9870204975968335
72900	1558669714199	41	7	0.00334407690132881	0.008763372620126927	25	16	0.9870367543115635
73000	1558669727995	35	6	0.0033493073225897654	0.008722121486854034	17	17	0.986984450098954
73100	1558669741840	34	7	0.0033348883234379416	0.008673164097914778	17	17	0.9870479219677692
73200	1558669755735	38	6	0.003350862312694374	0.008740707162284677	17	20	0.9870494769578739
73300	1558669769615	34	6	0.003328668363019508	0.008698549410698097	15	19	0.986941475826972
73400	1558669783464	34	7	0.003338563754594289	0.008724388032638258	17	17	0.9869631043256998
73500	1558669797284	32	7	0.0033425219112242013	0.008762012692656392	16	16	0.987013005371784
73600	1558669811173	35	8	0.0033224484026010744	0.008711242067089755	17	18	0.9870818490245972
73700	1558669824964	39	6	0.003337432852700028	0.008750226654578423	17	22	0.9869484026010743
73800	1558669838811	38	7	0.003343228724908114	0.00871441523118767	17	21	0.9870421260955612
73900	1558669852659	32	7	0.003341249646593158	0.00870353581142339	16	16	0.9870178117048346
74000	1558669866388	33	6	0.0033600508905852417	0.008672257479601087	17	16	0.9869769578739045
74100	1558669880156	33	6	0.003339270568278202	0.008665911151405258	15	18	0.9870281311846197
74200	1558669893973	37	14	0.003330788804071247	0.008760652765185856	17	20	0.9870333616058807
74300	1558669907804	33	6	0.003333757421543681	0.00871713508612874	15	18	0.9870730845349166
74400	1558669921638	33	7	0.003341249646593158	0.008763372620126927	17	16	0.9870309584393554
74500	1558669935500	35	7	0.003356516822165677	0.00880009066183137	17	18	0.9870031099802092
74600	1558669949354	38	7	0.003358213175007068	0.008855394378966455	17	21	0.9869218264065592
74700	1558669963202	34	7	0.0033413910093299404	0.00884315503173164	17	17	0.9870253039298841
74800	1558669977019	37	7	0.0033597681651116765	0.008830462375339982	16	21	0.9869471303364433
74900	1558669990853	36	7	0.0033474696070115917	0.008820489573889392	18	18	0.9870947130336444
75000	1558670004615	35	7	0.003342239185750636	0.008829102447869447	17	18	0.9869778060503251
75100	1558670018436	38	7	0.0033326265196494203	0.008806436990027198	17	21	0.9870679954763925
75200	1558670032300	32	7	0.003351145038167939	0.008734360834088848	16	16	0.9868948261238337
75300	1558670046065	36	7	0.0033481764206955045	0.008687669990933816	18	18	0.9869985863726322
75400	1558670059896	33	8	0.003367825841108284	0.008700815956482321	16	17	0.9869944868532655
75500	1558670073699	46	7	0.0033573649985863727	0.008729374433363555	26	20	0.987006502685892
75600	1558670087480	33	6	0.0033466214305908964	0.00877470534904805	15	18	0.9869560361888606
75700	1558670101340	35	6	0.003355668645744982	0.008726201269265639	17	18	0.9870374611252474
75800	1558670115137	38	7	0.0033454905286966355	0.008757932910244787	18	20	0.9869751201583262
75900	1558670129004	37	7	0.0033295165394402037	0.008755213055303718	16	21	0.9870313825275657
76000	1558670142789	38	7	0.003343228724908114	0.008767452402538532	17	21	0.9870152671755725
76100	1558670156594	38	7	0.003364433135425502	0.00878014505893019	18	20	0.9869927905004241
76200	1558670170388	35	6	0.0033447837150127227	0.008720308250226653	17	18	0.987035764772406
76300	1558670184144	42	7	0.0033322024314390727	0.008731187669990934	25	17	0.9870316652530393
76400	1558670197972	36	7	0.0033464800678541136	0.00885131459655485	18	18	0.9870322307039864
76500	1558670211917	37	6	0.0033437941758552446	0.008850407978241161	16	20	0.9869247950240316
76600	1558670225749	34	7	0.0033350296861747245	0.008844061650045332	17	17	0.9870517387616624
76700	1558670239627	32	7	0.0033601922533220245	0.008875339981867634	17	15	0.9870255866553577
76800	1558670253503	33	7	0.00335665818490246	0.00880009066183137	17	16	0.9870733672603902
76900	1558670267304	37	7	0.003349731410800113	0.008825475974614689	17	20	0.9869748374328527
77000	1558670281155	37	7	0.003356516822165677	0.008790117860380779	17	20	0.9869628216002262
77100	1558670294950	31	15	0.0033094430308170768	0.00870625566636446	15	16	0.9870226180378853
77200	1558670308770	35	7	0.003350862312694374	0.00879646418857661	17	18	0.987011733107153
77300	1558670322595	35	6	0.0033478936952219397	0.008701269265639166	17	18	0.9870254452926208
77400	1558670336379	32	7	0.0033532654792196776	0.008721214868540345	16	16	0.9869769578739045
77500	1558670350243	36	7	0.0033347469607011592	0.008786944696282864	16	20	0.9870072094995759
77600	1558670364142	34	6	0.003350438224484026	0.008757479601087942	18	16	0.98697978512864
77700	1558670377977	31	7	0.003359344076901329	0.008756572982774252	15	16	0.987027989821883
77800	1558670391785	35	7	0.003367401752897936	0.008810970081595648	17	18	0.9869312977099237
77900	1558670405621	35	15	0.003359202714164546	0.008779238440616502	16	19	0.9869701724625388
78000	1558670419571	35	6	0.0033461973423805484	0.008798730734360834	17	17	0.9869827537461126
78100	1558670433342	35	7	0.003338139666383941	0.008722574796010879	18	17	0.9870308170766185
78200	1558670447153	39	7	0.0033389878428046367	0.00870716228467815	18	21	0.9870477806050325
78300	1558670460952	34	7	0.0033406841956460276	0.008738440616500453	16	18	0.9869830364715861
78400	1558670474784	34	7	0.003360333616058807	0.008744786944696282	16	18	0.9869687588351711
78500	1558670488578	37	7	0.0033484591461690697	0.008800997280145058	17	20	0.9870113090189426
78600	1558670502393	32	7	0.003366129488266893	0.00877833182230281	16	16	0.9869795024031666
78700	1558670516232	35	15	0.0033416737348035057	0.008739800543970989	17	18	0.9869841673734804
78800	1558670530098	38	7	0.003287531806615776	0.008759746146872168	17	21	0.9869717274526435
78900	1558670543933	34	7	0.0033488832343794178	0.008761106074342703	17	17	0.9870384506644049
79000	1558670557709	35	6	0.0033447837150127227	0.008814143245693563	17	18	0.9870581000848176
79100	1558670571514	35	7	0.003324851569126378	0.008823662737987308	17	18	0.9869848741871643
79200	1558670585394	39	6	0.003321176137970031	0.00871532184950136	18	21	0.9870042408821035
79300	1558670599190	33	9	0.0033363019508057677	0.00870897552130553	16	17	0.9870951371218547
79400	1558670612995	36	6	0.0033420978230138537	0.008746146872166818	17	19	0.9870197907831496
79500	1558670626808	45	6	0.003347752332485157	0.008738440616500453	26	19	0.9870045236075771
79600	1558670640597	35	7	0.0033476109697483745	0.008749320036264732	17	18	0.9870107435679955
79700	1558670654449	37	6	0.003338139666383941	0.008746600181323663	16	21	0.9869769578739045
79800	1558670668324	36	15	0.00335665818490246	0.008776065276518585	17	19	0.9869520780322307
79900	1558670682150	35	7	0.0033142493638676843	0.008798730734360834	17	18	0.9870513146734521
80000	1558670695978	33	7	0.003352134577325417	0.008784224841341795	17	16	0.9869515125812836
80100	1558670709728	33	7	0.0033553859202714166	0.008805077062556663	17	16	0.9870230421260956
80200	1558670723578	34	7	0.003343228724908114	0.008859927470534906	16	18	0.9869236641221374
80300	1558670737433	34	7	0.0033763076053152387	0.008887579329102448	17	17	0.9869643765903308
80400	1558670751303	38	7	0.0033442182640655922	0.008844061650045332	17	21	0.987027989821883
80500	1558670765125	35	6	0.0033836584676279332	0.008758386219401632	17	18	0.9870322307039864
80600	1558670779038	36	17	0.0033570822731128075	0.008785131459655485	17	19	0.9870306757138818
80700	1558670792843	35	6	0.0033549618320610685	0.008814143245693563	16	18	0.9870394402035624
80800	1558670806730	33	7	0.0033357364998586373	0.008812330009066184	17	16	0.9870264348317783
80900	1558670820557	34	7	0.003316087079445858	0.008785131459655485	17	17	0.9869441617189709
81000	1558670834394	33	7	0.0033483177834322873	0.008832275611967363	17	16	0.9869663556686458
81100	1558670848231	35	6	0.003328809725756291	0.008791477787851314	17	18	0.9870465083404014
81200	1558670862079	33	7	0.0033186316087079446	0.008768812330009066	17	16	0.9870202148713599
81300	1558670875891	34	7	0.0033399773819621148	0.008841341795104261	18	16	0.9869756856092734
81400	1558670889780	33	7	0.0033331919705965507	0.008812330009066184	18	15	0.9870055131467346
81500	1558670903591	38	7	0.003348035057958722	0.008817316409791477	17	20	0.9869383658467628
81600	1558670917490	33	7	0.0033404014701724624	0.008838168631006347	15	18	0.9869585807181227
81700	1558670931385	50	9	0.003351851851851852	0.008762012692656392	29	21	0.9869722929035906
81800	1558670945224	35	6	0.0033531241164828952	0.008767905711695376	16	19	0.9869686174724343
81900	1558670959150	35	7	0.003319197059655075	0.008786944696282864	17	18	0.987005795872208
82000	1558670972990	36	16	0.003338563754594289	0.008818676337262013	18	18	0.9870306757138818
82100	1558670986796	33	7	0.0033580718122702856	0.008825929283771532	16	17	0.986994769578739
82200	1558671000656	38	7	0.003346762793327679	0.008775158658204897	17	21	0.98704877014419
82300	1558671014480	36	7	0.0033353124116482897	0.008834088848594742	18	18	0.98701625671473
82400	1558671028311	37	7	0.003336584676279333	0.008797824116047145	16	21	0.9869802092168505
82500	1558671042110	33	7	0.003351427763641504	0.008872620126926564	16	17	0.9869648006785411
82600	1558671055954	33	7	0.00336598812553011	0.008791477787851314	17	16	0.9869495335029687
82700	1558671069849	35	8	0.003343652813118462	0.008845421577515866	17	18	0.986953208934125
82800	1558671083657	35	6	0.003351427763641504	0.008807796917497734	17	18	0.9869926491376873
82900	1558671097556	34	7	0.003345914616906983	0.00879646418857661	15	19	0.986998727735369
83000	1558671111420	33	7	0.003355527283008199	0.008819582955575703	15	18	0.9870196494204128
83100	1558671125279	41	7	0.00334026010743568	0.008843608340888487	26	15	0.9869847328244274
83200	1558671139159	33	6	0.0033300819903873337	0.008825022665457842	17	15	0.9870542832909245
83300	1558671153014	39	6	0.0033300819903873337	0.00878014505893019	18	21	0.9869899632456884
83400	1558671166876	32	15	0.0033597681651116765	0.008814596554850408	16	16	0.986976533785694
83500	1558671180693	38	6	0.003359202714164546	0.0087883046237534	17	21	0.987005230421261
83600	1558671194527	36	7	0.003358495900480633	0.008792837715321848	17	19	0.9869693242861182
83700	1558671208406	35	16	0.0033471868815380264	0.008683136899365368	17	18	0.9869953350296862
83800	1558671222253	40	7	0.0033716426350014136	0.00877651858567543	19	21	0.9870408538309302
83900	1558671236056	36	7	0.0033696635566864575	0.008820036264732548	19	17	0.9870009895391575
84000	1558671249910	39	7	0.0033464800678541136	0.008867633726201269	18	21	0.9870340684195646
84100	1558671263765	35	7	0.0033668363019508057	0.008802357207615593	17	18	0.9869855810008482
84200	1558671277613	33	6	0.003351145038167939	0.008817769718948324	17	16	0.9869698897370653
84300	1558671291397	35	6	0.0033490245971162	0.008798277425203989	17	17	0.987
84400	1558671305266	35	6	0.0033628781453208935	0.008838621940163192	17	17	0.9870212044105174
84500	1558671319125	35	7	0.003345066440486288	0.008786944696282864	17	18	0.986975968334747
84600	1558671332928	36	6	0.0033204693242861183	0.008815049864007253	18	18	0.9869701724625388
84700	1558671346823	38	7	0.0033580718122702856	0.008830462375339982	17	21	0.9869991518235793
84800	1558671360614	34	7	0.0033662708510036753	0.008742067089755213	16	18	0.9870316652530393
84900	1558671374388	34	6	0.0033387051173310715	0.008765639165911152	16	17	0.9869573084534916
85000	1558671388258	34	6	0.00335665818490246	0.008757932910244787	16	18	0.987045518801244
85100	1558671402099	34	7	0.0033231552162849873	0.008762012692656392	17	17	0.9870081990387334
85200	1558671415968	34	7	0.003337856940910376	0.008796917497733453	16	18	0.987037743850721
85300	1558671429779	33	7	0.003339129205541419	0.008749773345421577	18	15	0.9869936386768448
85400	1558671443606	32	6	0.003366129488266893	0.008761559383499547	16	16	0.9870439638111393
85500	1558671457430	35	6	0.003340118744698897	0.008750226654578423	18	17	0.9869691829233814
85600	1558671471292	35	7	0.0033500141362736782	0.008756119673617406	17	18	0.9869717274526435
85700	1558671485129	36	7	0.0033348883234379416	0.008697642792384407	18	18	0.9869566016398077
85800	1558671498950	35	6	0.0033377155781735934	0.008780598368087035	17	18	0.9870089058524173
85900	1558671512846	35	7	0.003351851851851852	0.008776065276518585	18	17	0.9869770992366412
86000	1558671526659	42	6	0.0033454905286966355	0.008802810516772439	25	17	0.9869802092168505
86100	1558671540377	35	7	0.0033388464800678543	0.008841795104261106	17	18	0.9869595702572802
86200	1558671554255	37	6	0.0033637263217415887	0.008894832275611967	16	21	0.9869974554707379
86300	1558671568110	44	6	0.003351851851851852	0.008841341795104261	25	18	0.9870113090189426
86400	1558671581890	35	7	0.0033406841956460276	0.008737987307343608	17	18	0.9869621147865423
86500	1558671595702	34	7	0.0033522759400621996	0.008739347234814144	16	18	0.9869338422391858
86600	1558671609592	46	6	0.0033193384223918574	0.008786038077969176	28	18	0.986994769578739
86700	1558671623514	37	7	0.0033435114503816794	0.008825475974614689	19	18	0.9870241730279898
86800	1558671637325	35	7	0.003351851851851852	0.008792837715321848	18	17	0.9870111676562058
86900	1558671651198	46	6	0.0033411082838563757	0.008816863100634632	28	17	0.9869608425219112
87000	1558671665106	33	7	0.003337856940910376	0.008855847688123301	17	16	0.9870018377155781
87100	1558671678942	31	6	0.0033495900480633306	0.008830009066183137	15	16	0.987019508057676
87200	1558671692820	43	7	0.0033610404297427197	0.008879873073436084	26	17	0.986960983884648
87300	1558671706730	38	7	0.0033693808312128923	0.00891704442429737	18	20	0.9869720101781171
87400	1558671720583	36	9	0.0033737630760531526	0.008804623753399817	15	21	0.986985015549901
87500	1558671734436	40	7	0.0033757421543681087	0.0087883046237534	25	15	0.9869984450098954
87600	1558671748339	34	7	0.00334407690132881	0.008767905711695376	16	18	0.9869669211195928
87700	1558671762251	39	6	0.003364009047215154	0.008762466001813235	17	22	0.9870018377155781
87800	1558671776175	50	6	0.003343935538592027	0.008786944696282864	29	21	0.9870106022052587
87900	1558671790017	35	7	0.003357930449533503	0.008810970081595648	17	18	0.9869957591178965
88000	1558671803830	35	7	0.0033621713316369806	0.008742973708068903	17	18	0.9870535764772406
88100	1558671817613	39	6	0.0033200452360757702	0.008705802357207615	18	21	0.9870316652530393
88200	1558671831510	38	7	0.0033652813118461972	0.008741613780598368	17	21	0.9869942041277919
88300	1558671845381	36	7	0.003350862312694374	0.008878059836808705	18	18	0.9870477806050325
88400	1558671859238	35	7	0.003351427763641504	0.008872620126926564	17	18	0.9870612100650269
88500	1558671873097	37	6	0.003353548204693243	0.008859927470534906	15	22	0.9869833191970596
88600	1558671886886	36	7	0.0033539722929035905	0.008826835902085222	18	18	0.9869918009612666
88700	1558671900728	38	6	0.003371783997738196	0.008883046237533998	18	19	0.9870261521063047
88800	1558671914607	33	8	0.0033486005089058525	0.008828195829555758	17	16	0.9870286966355669
88900	1558671928464	35	6	0.003322872490811422	0.008770625566636445	16	19	0.9870446706248233
89000	1558671942305	33	7	0.003332767882386203	0.008816409791477789	17	16	0.9870002827254736
89100	1558671956215	38	7	0.0033367260390161154	0.008821396192203084	18	20	0.9869957591178965
89200	1558671970077	36	7	0.003357930449533503	0.008829102447869447	15	21	0.9870229007633587
89300	1558671983972	35	7	0.00335284139100933	0.008790571169537624	17	18	0.9870113090189426
89400	1558671997876	34	6	0.0033404014701724624	0.008829555757026293	17	17	0.9869959004806333
89500	1558672011778	38	7	0.0033703703703703704	0.008832728921124206	17	21	0.9869523607577043
89600	1558672025695	33	7	0.0033264065592309867	0.008833635539437897	15	18	0.9869748374328527
89700	1558672039562	36	7	0.0033275374611252476	0.0087116953762466	18	18	0.9870415606446141
89800	1558672053433	37	7	0.0033601922533220245	0.008815049864007253	16	21	0.9869913768730563
89900	1558672067268	36	7	0.0033484591461690697	0.00878377153218495	17	19	0.9870336443313542
90000	1558672081153	35	7	0.003316228442182641	0.00880553037171351	17	18	0.9869745547073792
90100	1558672094995	39	7	0.00336160588068985	0.008810516772438803	17	22	0.9870008481764206
90200	1558672108800	33	7	0.003345349165959853	0.00885403445149592	15	18	0.9870055131467346
90300	1558672122695	34	7	0.003374893977947413	0.00886219401631913	16	18	0.9869640938648572
90400	1558672136620	37	6	0.003363443596268024	0.00886400725294651	19	18	0.9869942041277919
90500	1558672150470	39	7	0.003351427763641504	0.00886400725294651	18	21	0.9870459428894544
90600	1558672164355	35	7	0.003337432852700028	0.008838168631006347	18	17	0.986947978512864
90700	1558672178177	39	6	0.003339553293751767	0.008829102447869447	17	22	0.9870018377155781
90800	1558672192013	33	8	0.0033583545377438508	0.008795104261106074	17	16	0.9870039581566299
90900	1558672205897	34	7	0.0033445009895391575	0.008695829555757026	16	18	0.9869998586372632
91000	1558672219723	37	7	0.003337856940910376	0.00876382592928377	16	21	0.9869435962680237
91100	1558672233655	39	6	0.003356234096692112	0.00876654578422484	18	20	0.9869134860050891
91200	1558672247531	36	6	0.0033534068419564605	0.008781958295557571	18	18	0.9870581000848176
91300	1558672261301	35	7	0.003347045518801244	0.008822302810516772	17	18	0.9870368956743003
91400	1558672275097	33	7	0.0033363019508057677	0.008747053490480508	16	17	0.9869614079728584
91500	1558672288920	33	7	0.003350155499010461	0.008784224841341795	17	16	0.9869496748657054
91600	1558672302807	36	6	0.0033368674017528977	0.008688123300090661	18	18	0.9869918009612666
91700	1558672316642	36	6	0.0033500141362736782	0.008729374433363555	17	19	0.987007774950523
91800	1558672330471	35	7	0.003364715860899067	0.008817769718948324	16	19	0.9869640938648572
91900	1558672344307	32	7	0.0033515691263782867	0.008773345421577516	17	15	0.9870035340684196
92000	1558672358154	36	7	0.003352558665535765	0.008770172257479602	15	21	0.987042267458298
92100	1558672372032	35	7	0.003344359626802375	0.008770172257479602	17	18	0.98703251342946
92200	1558672385804	32	7	0.0033495900480633306	0.008796010879419764	17	15	0.9869626802374893
92300	1558672399702	35	6	0.0033379983036471586	0.00878014505893019	18	17	0.9870007068136839
92400	1558672413468	35	6	0.0033726321741588917	0.00883499546690843	17	18	0.9868966638394119
92500	1558672427323	35	7	0.003386485722363585	0.008826835902085222	18	17	0.9869433135425502
92600	1558672441219	36	7	0.0033668363019508057	0.008849048050770626	17	19	0.986990245971162
92700	1558672455071	35	7	0.0033693808312128923	0.00872892112420671	18	17	0.9869262086513995
92800	1558672468925	34	6	0.0033420978230138537	0.00878105167724388	16	17	0.9869809160305344
92900	1558672482798	35	7	0.0033604749787955893	0.008811423390752493	18	17	0.9869693242861182
93000	1558672496626	33	7	0.00337856940910376	0.008844061650045332	16	17	0.9869690415606446
93100	1558672510519	33	6	0.003359626802374894	0.008860834088848595	17	16	0.9870774667797568
93200	1558672524372	38	7	0.0033360192253322025	0.008748413417951042	17	21	0.9870100367543115
93300	1558672538193	36	7	0.0033675431156347186	0.00880009066183137	18	18	0.9868874752615211
93400	1558672552079	34	7	0.003334464235227594	0.008761559383499547	16	18	0.9870237489397795
93500	1558672565977	38	7	0.0033464800678541136	0.008702629193109702	17	21	0.987009754028838
93600	1558672579858	33	7	0.003364291772688719	0.008786944696282864	17	16	0.9870761945151258
93700	1558672593648	34	7	0.0033563754594288947	0.00878377153218495	17	17	0.986956460277071
93800	1558672607515	35	7	0.003326972010178117	0.008806436990027198	17	18	0.9870186598812553
93900	1558672621387	36	7	0.003337432852700028	0.008796010879419764	18	18	0.9870501837715578
94000	1558672635269	36	7	0.003371077184054283	0.00876654578422484	17	19	0.9869551880124399
94100	1558672649114	35	7	0.003338563754594289	0.008741613780598368	17	18	0.9870515973989257
94200	1558672663001	34	7	0.0033638676844783715	0.008809156844968268	17	17	0.9869854396381114
94300	1558672676911	37	7	0.0033493073225897654	0.008818223028105168	15	22	0.9869975968334747
94400	1558672690725	36	7	0.0033733389878428045	0.008863100634632819	18	18	0.9869365281311846
94500	1558672704642	33	7	0.003371783997738196	0.008857207615593835	16	17	0.9869820469324286
94600	1558672718564	35	7	0.0033657054000565453	0.008888032638259293	18	17	0.9869862878145321
94700	1558672732398	32	7	0.003379558948261238	0.008883952855847688	15	17	0.9869871359909528
94800	1558672746246	36	8	0.0033594854396381112	0.008814596554850408	18	18	0.9870600791631327
94900	1558672760146	35	6	0.0033567995476392423	0.008882592928377153	17	18	0.9869961832061068
95000	1558672774060	33	7	0.0033635849590048063	0.008825022665457842	16	17	0.9869994345490529
95100	1558672787895	34	7	0.0033494486853265478	0.008780598368087035	17	17	0.9869666383941194
95200	1558672801765	39	9	0.0033645744981622844	0.00884496826835902	18	21	0.9869492507774951
95300	1558672815562	34	9	0.0033666949392140233	0.008861740707162285	16	18	0.9870711054566016
95400	1558672829461	35	6	0.0033652813118461972	0.00883499546690843	17	18	0.9869748374328527
95500	1558672843286	38	7	0.0033529827537461124	0.008805983680870353	17	21	0.9870073508623127
95600	1558672857217	35	7	0.003358495900480633	0.00883136899365367	17	18	0.9869956177551598
95700	1558672871069	36	7	0.003333757421543681	0.008812330009066184	17	19	0.986984450098954
95800	1558672885018	35	7	0.0033638676844783715	0.008749773345421577	17	18	0.9869916595985299
95900	1558672898914	35	7	0.003378710771840543	0.008816409791477789	17	18	0.9870414192818773
96000	1558672912762	35	6	0.003346338705117331	0.008818223028105168	17	18	0.9870681368391292
96100	1558672926588	33	7	0.0033682499293186314	0.008790117860380779	16	17	0.9870086231269437
96200	1558672940475	35	7	0.003354537743850721	0.008776065276518585	17	18	0.9869615493355951
96300	1558672954345	35	15	0.0033753180661577607	0.008786038077969176	17	18	0.9869795024031666
96400	1558672968211	36	6	0.003369098105739327	0.008877153218495012	18	18	0.9869359626802375
96500	1558672982118	35	7	0.0033608990670059373	0.008770172257479602	17	18	0.9870238903025162
96600	1558672995974	45	7	0.0033430873621713318	0.008836355394378966	27	18	0.9870114503816794
96700	1558673009837	33	6	0.0033600508905852417	0.00886400725294651	15	18	0.9870274243709358
96800	1558673023707	36	7	0.003356234096692112	0.008812330009066184	17	19	0.9869896805202149
96900	1558673037535	34	7	0.003370229007633588	0.008811423390752493	17	17	0.9869580152671755
97000	1558673051379	35	6	0.0033500141362736782	0.008857207615593835	17	17	0.9869950523042126
97100	1558673065306	32	7	0.003359344076901329	0.008779691749773345	17	15	0.9870220525869381
97200	1558673079183	39	7	0.0033657054000565453	0.008750679963735266	17	22	0.9869673452078033
97300	1558673093005	35	7	0.003357647724059938	0.008807796917497734	17	18	0.9869563189143342
97400	1558673106778	33	9	0.003351427763641504	0.008800543970988214	16	17	0.9869708792762227
97500	1558673120690	34	6	0.003372208085948544	0.008834088848594742	18	16	0.987053293751767
97600	1558673134521	34	7	0.0033689567430025447	0.00880009066183137	16	18	0.9870326547921968
97700	1558673148397	33	7	0.0033552445575346338	0.008788757932910245	17	16	0.9869339836019225
97800	1558673162261	37	7	0.003353548204693243	0.008824569356300997	18	19	0.9869400621996042
97900	1558673176109	33	7	0.003342945999434549	0.008822302810516772	15	18	0.9870917444161719
98000	1558673189963	34	7	0.0033774385072094996	0.00877470534904805	16	18	0.9869560361888606
98100	1558673203828	38	6	0.003356940910376025	0.008825022665457842	17	21	0.9869985863726322
98200	1558673217668	34	7	0.003335595137121855	0.008766999093381687	16	18	0.9870261521063047
98300	1558673231524	35	7	0.0033761662425784563	0.008879419764279238	17	18	0.9869529262086514
98400	1558673245304	36	7	0.003383799830364716	0.008789664551223935	16	20	0.9869262086513995
98500	1558673259065	39	14	0.0033870511733107155	0.00885856754306437	17	22	0.9870045236075771
98600	1558673272900	32	7	0.0033944020356234095	0.00886219401631913	17	15	0.9869566016398077
98700	1558673286747	33	7	0.0033852134577325417	0.00884315503173164	15	18	0.9869854396381114
98800	1558673300660	43	7	0.003384365281311846	0.0088739800543971	26	17	0.9869387899349732
98900	1558673314545	35	7	0.0033445009895391575	0.008867180417044424	17	18	0.9870596550749222
99000	1558673328478	34	7	0.0033618886061634154	0.008790571169537624	16	18	0.9869858637263217
99100	1558673342349	35	7	0.0033570822731128075	0.008835902085222122	17	18	0.9869541984732825
99200	1558673356315	35	7	0.003345914616906983	0.00886854034451496	17	18	0.9870453774385072
99300	1558673370194	36	6	0.0033821034775233247	0.008880326382592929	17	18	0.9870204975968335
99400	1558673384059	34	6	0.0033665535764772405	0.008839528558476882	16	18	0.986993497314108
99500	1558673397931	39	7	0.0033604749787955893	0.008866727107887579	18	21	0.986956460277071
99600	1558673411821	34	7	0.003362454057110546	0.008850861287398004	16	18	0.9870149844500989
99700	1558673425736	37	7	0.003366129488266893	0.008792384406165005	16	21	0.9870603618886061
99800	1558673439631	36	6	0.003366129488266893	0.008810063463281958	17	19	0.9870183771557818
99900	1558673453486	36	6	0.0033490245971162	0.008849954669084316	18	18	0.9870049476957874
100000	1558673467301	40	6	0.0033583545377438508	0.008804170444242974	18	21	0.9869985863726322
