iteration	timestamp	zTotalTime	phiTotalTime	typeTokenDensity	documentDensity	z-0	countUpdate-0	phiDensity
0	1601296207795	0	0	0.001	0.0	0	0	0.9890542832909245
100	1601296218463	20	10	0.0010867967203845067	0.0011328195829555757	6	13	0.9889096692111959
200	1601296228095	21	13	0.0013128357364998585	0.0016686310063463283	8	13	0.9887818772971445
300	1601296238051	35	17	0.0015880689850155498	0.002575249320036265	19	16	0.9884865705400057
400	1601296248057	32	11	0.0018466214305908962	0.0035661831368993652	16	16	0.9882982753746112
500	1601296258387	35	19	0.0020236075770426916	0.004466455122393472	20	15	0.9881031947978512
600	1601296268885	22	9	0.002156629912355103	0.0050271985494106984	9	12	0.9879208368674017
700	1601296279403	28	11	0.0022332485156912637	0.0056350861287398	13	15	0.9879332767882386
800	1601296289824	27	14	0.00229813401187447	0.005948322756119674	11	16	0.9879570257280181
900	1601296300572	33	17	0.002359344076901329	0.006244333635539438	20	13	0.9877880972575629
1000	1601296310768	29	12	0.00239115069267741	0.0063699002719854935	13	15	0.9877964376590331
1100	1601296321392	24	7	0.0024563189143341816	0.0064800543970988216	12	12	0.9877307039864291
1200	1601296331609	25	11	0.002482329657902177	0.006679057116953762	11	14	0.9877312694373763
1300	1601296342137	26	18	0.002509612666101216	0.006757479601087942	12	14	0.9877304212609556
1400	1601296352562	36	18	0.002545236075770427	0.006836808703535812	20	16	0.987587786259542
1500	1601296363059	32	21	0.002556403731976251	0.006922030825022666	13	19	0.9876439072660447
1600	1601296373465	27	14	0.0025739327113372913	0.007035358114233907	11	16	0.9876221374045802
1700	1601296383948	23	9	0.00260559796437659	0.0070906618313689935	11	12	0.9875720949957592
1800	1601296394546	27	17	0.002631608707944586	0.00715503173164098	12	14	0.987522759400622
1900	1601296405182	35	13	0.0026504099519366695	0.007203535811423391	19	16	0.9874964659315805
2000	1601296415855	36	12	0.0026552162849872774	0.007297824116047145	22	14	0.9875135708227312
2100	1601296426566	24	34	0.0026697766468758836	0.0072819582955575704	11	13	0.9875417020073508
2200	1601296437084	31	24	0.002699745547073791	0.007263825929283772	12	19	0.9874891150692677
2300	1601296447758	26	28	0.002722929035906135	0.007401178603807798	12	14	0.9875564037319763
2400	1601296458291	34	13	0.002735651682216568	0.007339528558476881	20	14	0.9874700310998021
2500	1601296468945	22	12	0.0027309867119027424	0.007370806890299185	11	11	0.987518235793045
2600	1601296479558	27	14	0.0027581283573649986	0.007469174977334543	12	14	0.9874806333050608
2700	1601296489940	32	13	0.0027530392988408254	0.007535358114233908	14	18	0.987477240599378
2800	1601296500372	24	7	0.0027886627085100366	0.00749002719854941	13	11	0.9874748374328527
2900	1601296510998	27	9	0.0027895108849307322	0.007523118766999093	13	14	0.9874491094147583
3000	1601296521436	27	22	0.0028074639525021206	0.007519492293744334	13	14	0.9874787955894826
3100	1601296532045	36	16	0.0028016680802940347	0.007595648232094288	22	14	0.9874751201583263
3200	1601296542598	23	15	0.002818066157760814	0.007637352674524025	11	12	0.9874599943454905
3300	1601296553253	31	16	0.0028087362171331635	0.007692203082502267	15	16	0.9873610404297427
3400	1601296563792	26	12	0.002822024314390727	0.007696736174070716	14	12	0.987399208368674
3500	1601296574414	33	19	0.002809725756290642	0.007708522212148685	21	12	0.987437517670342
3600	1601296584969	28	16	0.0028139666383941195	0.007670444242973708	13	14	0.987454481198756
3700	1601296595658	26	21	0.0028166525303929884	0.007695829555757027	12	14	0.9874751201583263
3800	1601296606515	30	9	0.0028456318914334183	0.007715775158658205	16	14	0.9873877579869946
3900	1601296617247	43	15	0.00285665818490246	0.007671804170444243	21	22	0.9873388464800679
4000	1601296627768	31	9	0.0028543963811139385	0.007777878513145966	11	20	0.9874790783149562
4100	1601296638304	26	18	0.0028611817924795026	0.00772529465095195	12	14	0.9874033078880408
4200	1601296648983	27	25	0.0028737630760531526	0.007769718948322756	12	15	0.9873532654792196
4300	1601296659834	32	16	0.0028641504099519367	0.007808250226654579	13	19	0.9874164546225614
4400	1601296670590	28	13	0.0028592027141645464	0.00786854034451496	14	13	0.9873720667232118
4500	1601296681404	28	27	0.002875883517104891	0.007839981867633726	12	16	0.9873795589482612
4600	1601296692032	32	13	0.002861464517953068	0.007856300997280146	15	16	0.9873302233531241
4700	1601296702678	28	18	0.00289878428046367	0.007859020852221215	12	16	0.9873428046366978
4800	1601296713352	27	23	0.002928611817924795	0.00786128739800544	13	14	0.9873213175007068
4900	1601296723791	27	16	0.002922109132032796	0.007862647325475975	12	15	0.9873230138535483
5000	1601296734489	24	16	0.0028953915747808876	0.00798368087035358	11	12	0.9874418999151824
5100	1601296744954	36	15	0.0028859202714164546	0.007921577515865821	21	15	0.9873696635566864
5200	1601296755518	26	8	0.002891857506361323	0.007941069809610155	13	13	0.9873791348600509
5300	1601296766041	24	12	0.0029074074074074076	0.008014505893019039	13	11	0.9873638676844784
5400	1601296776683	27	13	0.0029157478088775797	0.00791069809610154	12	15	0.9874095278484591
5500	1601296787000	27	14	0.0029260672886627084	0.007975521305530373	13	14	0.9873490245971162
5600	1601296797815	27	21	0.0029496748657054	0.007976881233000907	15	12	0.9872752332485157
5700	1601296808416	28	11	0.0029226745829799266	0.008012692656391658	14	14	0.9873546791065875
5800	1601296819153	32	23	0.002921826406559231	0.008035358114233906	13	19	0.9873962397512016
5900	1601296829852	28	17	0.0029492507774950523	0.008048050770625568	13	15	0.9873281029120724
6000	1601296840352	27	17	0.002915040995193667	0.008026291931097008	13	14	0.9873262651964942
6100	1601296850883	26	13	0.002950805767599661	0.00798730734360834	11	15	0.9873095843935539
6200	1601296861376	27	15	0.0029426067288662707	0.008049864007252947	12	14	0.987335453774385
6300	1601296872016	25	17	0.002961549335595137	0.008054397098821397	11	14	0.9873035057958722
6400	1601296882586	27	22	0.002954481198756008	0.00807842248413418	13	14	0.9873054848741871
6500	1601296893319	26	13	0.002955753463387051	0.00808204895738894	12	14	0.9873194797851287
6600	1601296903949	38	12	0.002973141080011309	0.008092475067996374	22	16	0.9873372914899633
6700	1601296914426	29	13	0.0029817642069550464	0.008102447869446963	14	15	0.9872637828668362
6800	1601296925055	26	17	0.0029674865705400055	0.008110154125113327	14	12	0.9872839977381962
6900	1601296935551	26	24	0.002964942041277919	0.00811967361740707	12	14	0.9873600508905852
7000	1601296946137	31	20	0.00296225614927905	0.008199456029011787	13	18	0.9872543115634719
7100	1601296956617	25	13	0.0029667797568560927	0.008186310063463282	13	12	0.9873189143341815
7200	1601296967051	27	21	0.002986287814532089	0.008189483227561196	12	15	0.9872691546508341
7300	1601296977911	32	9	0.0030022618037885214	0.008187216681776972	14	18	0.9873292338139666
7400	1601296988463	33	17	0.002978936952219395	0.008219401631912966	14	19	0.9873310715295448
7500	1601296999096	38	15	0.0029824710206389597	0.008240707162284677	22	15	0.9873469041560644
7600	1601297009738	28	15	0.003008481764206955	0.008225747960108795	13	15	0.987297144472717
7700	1601297020394	28	15	0.003007774950523042	0.008189936536718042	13	15	0.9873320610687023
7800	1601297031205	30	20	0.002997879558948261	0.008171804170444243	15	14	0.987280887757987
7900	1601297042014	43	12	0.0030141362736782586	0.008152765185856755	22	20	0.9873129770992366
8000	1601297052734	25	14	0.002986287814532089	0.008203535811423392	13	12	0.9873525586655357
8100	1601297063436	30	10	0.002999010460842522	0.008178603807796917	13	17	0.9872762227876731
8200	1601297074253	26	13	0.0029899632456884366	0.008229374433363554	12	14	0.9872955894826124
8300	1601297084954	26	16	0.003004664970313825	0.008215321849501361	12	14	0.9873379983036472
8400	1601297095725	33	17	0.003023890302516257	0.008179057116953763	15	17	0.987267882386203
8500	1601297106711	30	23	0.003026858919988691	0.0082116953762466	12	18	0.9872547356516822
8600	1601297117646	27	18	0.0029974554707379135	0.008168177697189482	12	15	0.9873606163415324
8700	1601297128448	26	11	0.00298741871642635	0.008176337262012692	12	14	0.9873223070398643
8800	1601297139107	26	16	0.0030110262934690416	0.008214415231187669	13	13	0.9872198190556969
8900	1601297149779	32	21	0.0030332202431439075	0.008180870353581143	14	18	0.9872900763358778
9000	1601297160665	33	13	0.0030185185185185185	0.008178603807796917	13	20	0.987282160022618
9100	1601297171543	26	12	0.003018377155781736	0.008187669990933817	11	15	0.987299123551032
9200	1601297182418	27	20	0.003023042126095561	0.008137352674524026	15	12	0.9872058241447554
9300	1601297193154	37	13	0.0030226180378852135	0.008129646418857661	21	16	0.9872558665535764
9400	1601297203917	30	13	0.002998586372632174	0.008198549410698095	12	18	0.9872705682782019
9500	1601297214691	27	9	0.0030253039298840825	0.008212148685403445	12	15	0.9873334746960701
9600	1601297225284	27	23	0.0030491942324003393	0.0082026291931097	13	14	0.9872298558100084
9700	1601297235934	27	15	0.0030330788804071246	0.008173164097914779	12	15	0.9872038450664404
9800	1601297246984	31	14	0.0030148430873621714	0.00821622846781505	13	17	0.9872497879558948
9900	1601297257830	28	14	0.0030322307039864294	0.008232094288304624	13	14	0.987248374328527
10000	1601297268660	30	15	0.0030216284987277355	0.008115140525838622	12	18	0.9872537461125247
10100	1601297279603	32	10	0.003057110545660164	0.008166817769718948	13	18	0.9872137404580152
10200	1601297290385	26	25	0.003053717839977382	0.00814143245693563	14	12	0.9871892847045519
10300	1601297300932	31	11	0.003058382810291207	0.008097461468721668	12	19	0.9872485156912638
10400	1601297311669	26	16	0.0030329375176703422	0.008215775158658204	13	13	0.9872199604184337
10500	1601297322845	32	24	0.0030465083404014703	0.008180870353581143	13	19	0.9872024314390727
10600	1601297333980	28	12	0.0030534351145038168	0.008256119673617408	13	15	0.9872903590613514
10700	1601297344888	26	17	0.0030548487418716424	0.00821260199456029	13	13	0.9872521911224201
10800	1601297355821	26	17	0.0030667232117613796	0.008197189483227561	13	13	0.9872517670342098
10900	1601297366704	27	15	0.0030828385637545943	0.008257026291931096	12	15	0.9871940910376025
11000	1601297377468	34	14	0.0030802940344925077	0.008268812330009066	20	14	0.9872298558100084
11100	1601297388217	27	14	0.0030674300254452925	0.00822166817769719	13	14	0.9871717557251909
11200	1601297398787	26	17	0.0030761945151258126	0.008180417044424296	12	14	0.9871840542832909
11300	1601297409422	31	13	0.00309301668080294	0.008194922937443337	13	18	0.987176844783715
11400	1601297420042	33	13	0.0030770426915465083	0.008229374433363554	13	19	0.9872944585807181
11500	1601297430687	39	14	0.0030937234944868534	0.008214868540344514	19	20	0.9872247667514843
11600	1601297441387	25	12	0.003066016398077467	0.008195376246600182	13	12	0.987212609556121
11700	1601297451914	32	17	0.0030607859768165113	0.008128286491387126	13	19	0.9872232117613797
11800	1601297462705	34	16	0.003079587220808595	0.008216681776971895	12	22	0.9871724625388748
11900	1601297473457	26	12	0.003089482612383376	0.0082116953762466	12	14	0.9872384789369523
12000	1601297484010	36	13	0.0030872208085948546	0.008253853127833182	21	15	0.9871748657054
12100	1601297494711	27	17	0.0030993780039581566	0.0082026291931097	13	14	0.9871761379700311
12200	1601297505122	26	19	0.0030940062199604186	0.00821260199456029	13	13	0.9871947978512864
12300	1601297515760	32	14	0.0030810008481764206	0.008228921124206708	14	18	0.9872011591744416
12400	1601297526597	31	12	0.003084393553859203	0.008306890299184043	15	16	0.9872984167373481
12500	1601297537675	34	13	0.0030761945151258126	0.008275158658204895	20	14	0.9871928187729715
12600	1601297548632	28	15	0.003066157760814249	0.008275611967361741	13	14	0.9872585524455754
12700	1601297559660	25	15	0.0031099802092168505	0.008278785131459656	11	14	0.9871864574498163
12800	1601297570453	26	16	0.0030908962397512016	0.008311423390752493	12	13	0.9872102063895957
12900	1601297581223	32	13	0.003082555838281029	0.008357207615593835	15	17	0.9872281594571671
13000	1601297592073	29	16	0.0030927339553293754	0.008323662737987307	13	16	0.9872104891150693
13100	1601297602948	31	16	0.0030814249363867686	0.008322756119673617	12	19	0.987255583828103
13200	1601297614097	30	13	0.003104325699745547	0.008333635539437896	15	15	0.9872455470737913
13300	1601297624873	31	16	0.003110404297427198	0.008247960108794198	12	19	0.9871713316369805
13400	1601297636058	28	15	0.0030985298275374613	0.008206255666364461	12	15	0.987203562340967
13500	1601297647134	24	16	0.0030841108283856376	0.008287851314596556	12	12	0.9872356516822166
13600	1601297657991	25	12	0.0031002261803788522	0.008255213055303717	12	13	0.987171048911507
13700	1601297669035	25	14	0.0031013570822731127	0.008277878513145966	14	11	0.9872034209782301
13800	1601297679800	25	16	0.0031072943172179815	0.008274252039891206	12	13	0.9871314673452078
13900	1601297690798	33	19	0.0030966921119592876	0.008234814143245693	13	20	0.9871646875883517
14000	1601297701860	27	16	0.0031130901894260675	0.00828195829555757	12	14	0.9871515408538309
14100	1601297712984	31	11	0.0031249646593158042	0.008238440616500453	13	18	0.9872294317217981
14200	1601297723961	25	13	0.0031128074639525023	0.00827651858567543	12	13	0.9871331636980492
14300	1601297734875	32	16	0.0030947130336443315	0.008286944696282864	15	16	0.9871314673452078
14400	1601297745615	28	26	0.003108566581849025	0.00823526745240254	14	14	0.9871645462256149
14500	1601297756517	24	12	0.0031092733955329376	0.008268812330009066	12	11	0.9871464517953068
14600	1601297767403	36	23	0.0031068702290076335	0.008247506799637353	15	21	0.9872069550466497
14700	1601297778408	30	14	0.0031072943172179815	0.008195829555757025	14	16	0.9871851851851852
14800	1601297789271	27	24	0.0031156347186881536	0.008251586582048958	13	14	0.987178117048346
14900	1601297800201	28	21	0.0030899067005937236	0.008283771532184951	13	15	0.9872058241447554
15000	1601297811263	36	15	0.0031048911506926773	0.00827651858567543	21	15	0.9871629912355103
15100	1601297822169	29	19	0.0031123833757421542	0.008245693563009974	14	15	0.9871357082273112
15200	1601297833113	29	18	0.003109556121006503	0.008183590208522213	13	15	0.9871771275091886
15300	1601297844248	28	30	0.0031177551597398926	0.008269718948322756	13	15	0.9871799547639243
15400	1601297855193	28	15	0.003136415040995194	0.008212148685403445	14	14	0.987169069833192
15500	1601297866105	40	18	0.0031276505513146736	0.008267905711695377	20	20	0.9871232683064745
15600	1601297877492	25	13	0.003090754877014419	0.008282864913871259	13	11	0.9871796720384507
15700	1601297888487	27	14	0.0031133729148996323	0.008246600181323662	13	14	0.9871096974837433
15800	1601297899488	29	23	0.0031253887475261523	0.008313236627379872	12	17	0.9870554141928187
15900	1601297910424	26	15	0.003113514277636415	0.008326835902085222	14	12	0.9871668080294035
16000	1601297921680	43	20	0.003111393836584676	0.008280598368087035	23	20	0.9871878710771841
16100	1601297932663	27	20	0.0031340118744698896	0.008296010879419764	12	15	0.9872049759683348
16200	1601297943594	34	16	0.003142352275940062	0.008254306436990027	13	21	0.9871461690698332
16300	1601297954435	26	17	0.0031323155216284987	0.008303263825929283	13	13	0.9871687871077184
16400	1601297965375	27	27	0.0031513994910941476	0.008198549410698095	12	15	0.9871740175289794
16500	1601297976416	29	9	0.0031205824144755444	0.008265639165911153	12	17	0.9871881538026576
16600	1601297987642	25	23	0.003148996324568844	0.008332728921124207	12	13	0.9872055414192819
16700	1601297998633	27	14	0.003128498727735369	0.008331822302810517	13	14	0.9871921119592876
16800	1601298009580	27	25	0.003122702855527283	0.00833680870353581	13	14	0.9871696352841391
16900	1601298020700	28	12	0.003123692394684761	0.0083064369900272	13	15	0.987157336726039
17000	1601298031945	53	17	0.0031235510319479786	0.008256119673617408	22	31	0.987203562340967
17100	1601298042950	28	16	0.003128498727735369	0.00829283771532185	13	15	0.987165818490246
17200	1601298054175	26	14	0.003131891433418151	0.008282864913871259	12	14	0.9871180378852135
17300	1601298065452	25	17	0.0031399491094147585	0.008278785131459656	12	13	0.9872414475544247
17400	1601298076575	27	14	0.0031533785694091037	0.008328195829555757	13	14	0.9871702007350862
17500	1601298087610	25	22	0.003126661012157195	0.008338621940163191	13	12	0.9872725473565168
17600	1601298098642	31	16	0.0031218546791065877	0.008350861287398006	14	17	0.9871897087927622
17700	1601298109547	27	22	0.003132880972575629	0.008365820489573888	12	15	0.9872277353689567
17800	1601298120288	25	13	0.0031330223353124116	0.008360380779691751	13	12	0.9871747243426633
17900	1601298131159	29	25	0.003131184619734238	0.00836944696282865	14	15	0.9872316935255867
18000	1601298142306	30	15	0.003143059089623975	0.008413871260199456	13	17	0.9871669493921402
18100	1601298153583	31	15	0.0031402318348883232	0.008395738893925657	14	16	0.9872373480350579
18200	1601298164725	28	16	0.0031272264631043256	0.008363553943789664	16	12	0.9871581849024597
18300	1601298175963	27	15	0.0031741588917161435	0.008397552130553036	13	13	0.9871113938365846
18400	1601298187132	30	21	0.0031601639807746678	0.008377606527651859	15	15	0.9871993214588635
18500	1601298198175	28	14	0.0031396663839411932	0.008381686310063462	12	15	0.9871686457449816
18600	1601298209285	38	17	0.003115917444161719	0.00842157751586582	20	18	0.987110545660164
18700	1601298220370	28	9	0.0031549335595137122	0.008457388939256573	14	14	0.9871096974837433
18800	1601298231579	32	14	0.00314715860899067	0.008439256572982775	16	16	0.9872220808594855
18900	1601298242664	28	20	0.0031697766468758836	0.008432910244786946	14	14	0.9870913203279615
19000	1601298253541	25	20	0.0031600226180378854	0.008364460562103356	14	11	0.9872585524455754
19100	1601298264697	40	13	0.0031697766468758836	0.008359474161378059	22	18	0.9871320327961549
19200	1601298275741	24	16	0.0031388182075204976	0.008348141432456936	12	12	0.9871795306757138
19300	1601298287025	27	14	0.0031581849024597116	0.008464188576609247	13	14	0.9871470172462539
19400	1601298298086	31	28	0.00317232117613797	0.008400725294650952	14	17	0.987203562340967
19500	1601298309146	30	14	0.003154650834040147	0.0084233907524932	16	14	0.9871422109132033
19600	1601298320296	34	13	0.0031581849024597116	0.008420217588395285	13	20	0.9871847610969748
19700	1601298331565	27	25	0.0031368391292055414	0.008411604714415231	13	14	0.9871970596550749
19800	1601298342637	30	14	0.003163839411931015	0.00849546690843155	13	17	0.9871554990104608
19900	1601298353878	26	14	0.0031605880689850154	0.008452402538531278	14	12	0.9871740175289794
20000	1601298365019	41	15	0.003148148148148148	0.00843427017225748	22	19	0.9871454622561493
20100	1601298376251	26	17	0.003139242295730845	0.00840797824116047	13	12	0.9871498445009895
20200	1601298387344	28	15	0.003150834040147017	0.008456029011786038	14	14	0.9871441899915182
20300	1601298398518	36	13	0.00317232117613797	0.008470534904805076	15	21	0.9871405145603619
20400	1601298409623	29	15	0.0031748657054000567	0.008458748866727109	14	15	0.9871929601357082
20500	1601298420871	28	20	0.003158326265196494	0.008388485947416138	13	15	0.9871046084252191
20600	1601298431999	26	16	0.0031711902742437093	0.008375339981867633	12	14	0.9870887757986995
20700	1601298443148	26	27	0.0031696352841391008	0.008432003626473254	12	14	0.9871750070681369
20800	1601298454197	30	16	0.0031581849024597116	0.00849365367180417	15	15	0.9871819338422392
20900	1601298465375	32	16	0.0031618603336160587	0.008484134179510426	14	17	0.9871194515125813
21000	1601298476265	25	23	0.0031629912355103196	0.008470534904805076	13	12	0.9871492790500425
21100	1601298487409	28	12	0.0031646875883517105	0.008422030825022665	13	15	0.9871214305908962
21200	1601298498418	27	14	0.0031434831778343227	0.008420217588395285	13	14	0.9871516822165677
21300	1601298509470	40	12	0.003156629912355103	0.008479147778785131	22	18	0.9872356516822166
21400	1601298520618	27	16	0.003171331636980492	0.008456935630099728	12	15	0.9871808029403449
21500	1601298531907	30	13	0.0031530958439355385	0.00849818676337262	13	16	0.9871323155216285
21600	1601298543075	31	18	0.0031704834605597964	0.008450135992747052	12	19	0.9871686457449816
21700	1601298554408	32	21	0.003165253039298841	0.008551677243880326	15	17	0.9871386768447837
21800	1601298565584	27	10	0.0031690698331919708	0.008461015412511333	13	14	0.9871826406559231
21900	1601298576641	30	10	0.0031601639807746678	0.008394378966455123	13	17	0.9871762793327679
22000	1601298587715	32	16	0.0031608707944585806	0.008524025385312783	20	12	0.9871041843370087
22100	1601298598901	32	10	0.0031591744416171897	0.008462375339981867	14	18	0.9871535199321458
22200	1601298610159	28	18	0.003163132598247102	0.008469628286491388	13	15	0.9871229855810009
22300	1601298621384	27	14	0.003171897087927622	0.008442883046237535	13	14	0.9871635566864575
22400	1601298632650	39	14	0.00317232117613797	0.008418404351767906	24	15	0.9871546508340402
22500	1601298643867	27	20	0.0031827820186598813	0.00840797824116047	13	14	0.9870739327113373
22600	1601298655154	27	16	0.0031663839411931014	0.008454669084315502	12	15	0.987176844783715
22700	1601298666401	29	10	0.003148148148148148	0.00841341795104261	13	16	0.9871005089058524
22800	1601298677554	30	24	0.0031581849024597116	0.008470081595648231	15	15	0.9870705400056545
22900	1601298688766	28	14	0.003162567147299972	0.00851178603807797	13	15	0.9872080859485439
23000	1601298699751	27	14	0.003159457167090755	0.008525838621940163	12	15	0.9871851851851852
23100	1601298710975	30	24	0.0031754311563471868	0.008536264732547597	15	15	0.9871084252191122
23200	1601298722038	32	20	0.0031878710771840544	0.008524478694469628	20	12	0.9871634153237206
23300	1601298732961	28	14	0.0031675148430873623	0.00843427017225748	14	14	0.9871159174441617
23400	1601298744317	27	14	0.003186316087079446	0.008457842248413418	13	14	0.9871135142776364
23500	1601298755722	30	13	0.0031748657054000567	0.008481414324569357	12	18	0.9871707661860334
23600	1601298766993	40	16	0.0032054000565450947	0.008440616500453309	24	16	0.9871516822165677
23700	1601298778229	29	12	0.003167090754877014	0.008458748866727109	15	14	0.9871577608142493
23800	1601298789553	32	14	0.003161153519932146	0.00846464188576609	16	16	0.9871574780887759
23900	1601298800853	29	17	0.0031857506361323154	0.008396645512239348	15	14	0.9871273678258411
24000	1601298811971	36	14	0.0031754311563471868	0.008405711695376246	21	15	0.9871113938365846
24100	1601298823366	30	22	0.0031867401752897935	0.008404805077062557	13	17	0.9871556403731976
24200	1601298834611	29	17	0.003165111676562058	0.008432003626473254	13	16	0.9871266610121572
24300	1601298845773	28	17	0.0031772688719253605	0.008440616500453309	15	13	0.9871646875883517
24400	1601298857101	29	12	0.00318490245971162	0.008460108794197643	13	16	0.9871793893129771
24500	1601298868378	36	16	0.003187588351710489	0.00843880326382593	20	16	0.9871003675431156
24600	1601298879589	29	15	0.0031908396946564886	0.008488667271078875	14	14	0.9871130901894261
24700	1601298890918	30	14	0.0031827820186598813	0.008507706255666365	15	15	0.987120299689002
24800	1601298902049	27	15	0.0031796720384506642	0.008485947416137805	13	14	0.9871242578456318
24900	1601298913340	28	16	0.0032010178117048344	0.00858295557570263	13	15	0.9871310432569974
25000	1601298924782	39	22	0.0031704834605597964	0.008444696282864915	22	17	0.9871559230986712
25100	1601298935949	25	23	0.00317232117613797	0.008488213961922031	12	13	0.9871863160870794
25200	1601298947197	29	17	0.0031697766468758836	0.008487760652765186	14	15	0.9870821317500706
25300	1601298958394	27	14	0.0031963528413910093	0.00849818676337262	13	14	0.9870893412496466
25400	1601298969406	27	20	0.003164263500141363	0.008485040797824117	12	14	0.9871409386485722
25500	1601298980660	29	14	0.003190981057393271	0.008484134179510426	14	15	0.9870908962397512
25600	1601298991904	28	27	0.003187588351710489	0.008497280145058931	14	14	0.9871796720384507
25700	1601299003112	31	14	0.003178823862029969	0.008510426110607434	15	16	0.987093016680803
25800	1601299014167	24	13	0.0031752897936104044	0.008476427923844062	12	12	0.9870842521911224
25900	1601299024921	26	11	0.003191263782866836	0.008528105167724388	12	14	0.9871659598529827
26000	1601299035804	27	18	0.003187588351710489	0.00859202175883953	15	12	0.9871504099519367
26100	1601299046866	26	23	0.003208651399491094	0.008586582048957389	14	11	0.9870644614079729
26200	1601299058003	29	17	0.0031731693525586654	0.00855938349954669	13	16	0.9870900480633306
26300	1601299069232	25	16	0.003186174724342663	0.008567996373526746	13	12	0.9871769861464518
26400	1601299080322	25	14	0.0031474413344642353	0.00856391659111514	13	12	0.9871393836584677
26500	1601299091722	30	15	0.0031864574498162283	0.0085	13	17	0.9871734520780322
26600	1601299102888	36	14	0.003182499293186316	0.008461015412511333	22	14	0.9870969748374329
26700	1601299114078	32	21	0.003191122420130054	0.008542157751586583	15	17	0.9871317500706813
26800	1601299125393	28	17	0.0031918292338139666	0.008508612873980054	15	13	0.9871027707096409
26900	1601299136641	29	17	0.0031696352841391008	0.00850634632819583	15	14	0.9871960701159175
27000	1601299147993	25	17	0.003191122420130054	0.00858386219401632	13	12	0.9870968334746961
27100	1601299159447	30	13	0.0031963528413910093	0.008504533091568449	11	19	0.9871697766468759
27200	1601299170692	33	14	0.0031938083121289228	0.008443789664551223	13	20	0.9870938648572236
27300	1601299181761	28	26	0.003182640655923099	0.008518132366273799	12	16	0.9872014418999152
27400	1601299192972	31	14	0.003186174724342663	0.008485040797824117	16	14	0.9872240599378004
27500	1601299204224	30	13	0.003175713881820752	0.008521305530371713	12	18	0.9870824144755442
27600	1601299215524	25	17	0.0032062482329657904	0.008541704442429738	12	13	0.9871533785694091
27700	1601299226640	27	16	0.0031885778908679672	0.00850271985494107	13	14	0.9871331636980492
27800	1601299237614	34	19	0.0031858919988690983	0.008590208522212149	19	15	0.9871306191687871
27900	1601299248603	35	23	0.0031820752049759684	0.008491840435176791	16	19	0.9871642635001414
28000	1601299259480	27	13	0.0031990387333898783	0.008442429737080688	13	14	0.9872004523607577
28100	1601299270763	27	15	0.0032058241447554424	0.008473708068902993	12	15	0.9871562058241448
28200	1601299282072	27	16	0.003204975968334747	0.00851178603807797	14	13	0.9870890585241731
28300	1601299293226	25	16	0.003211054566016398	0.008535811423390752	14	11	0.987079304495335
28400	1601299304526	30	16	0.003199180096126661	0.00850181323662738	13	17	0.9871595985298275
28500	1601299315635	39	16	0.0032031382527565734	0.008506799637352673	23	16	0.9870838281029121
28600	1601299326774	29	31	0.003179813401187447	0.00850271985494107	15	14	0.9871557817359344
28700	1601299338020	25	19	0.003194797851286401	0.00848640072529465	13	12	0.9871317500706813
28800	1601299349163	26	17	0.003171614362454057	0.008472801450589302	13	13	0.987137828668363
28900	1601299360531	29	16	0.0032223635849590046	0.008487307343608341	13	16	0.9871388182075205
29000	1601299371622	32	14	0.0032027141645462258	0.008533544877606528	13	19	0.987061775515974
29100	1601299382817	24	14	0.0032013005371783997	0.008515865820489575	12	12	0.9871101215719537
29200	1601299393772	37	16	0.0031612948826689287	0.008451042611060744	22	15	0.9871077184054283
29300	1601299404854	28	23	0.003208368674017529	0.008485040797824117	15	13	0.9870537178399774
29400	1601299415931	28	14	0.003193384223918575	0.008485947416137805	14	14	0.9871104042974272
29500	1601299427117	27	16	0.003206530958439355	0.008560743427017226	12	15	0.9871022052586939
29600	1601299438288	25	13	0.0031949392140231837	0.008521305530371713	13	12	0.9871224201300537
29700	1601299449462	38	16	0.0032111959287531807	0.008532184950135992	16	22	0.9871566299123551
29800	1601299460657	31	14	0.0032070964093864856	0.008519492293744334	13	18	0.9870979643765904
29900	1601299471521	28	24	0.0032085100367543118	0.008576155938349955	13	15	0.9871287814532089
30000	1601299482665	29	24	0.003197059655074922	0.008604714415231187	14	15	0.9871604467062483
30100	1601299493678	32	19	0.003211761379700311	0.008548504079782412	13	19	0.9872029968900198
30200	1601299504659	32	23	0.003202996890019791	0.008566183136899365	14	18	0.9871140797285836
30300	1601299515454	25	17	0.0031949392140231837	0.008598368087035358	14	11	0.9871180378852135
30400	1601299526758	29	18	0.0032106304778060503	0.008558023572076157	13	16	0.9870846762793327
30500	1601299537895	33	15	0.003215860899067006	0.008528558476881233	16	17	0.9871205824144755
30600	1601299549063	31	23	0.003204693242861182	0.008537171350861286	14	17	0.9871338705117331
30700	1601299560558	25	26	0.003201583262651965	0.008565729827742521	13	12	0.9871369804919423
30800	1601299571839	25	17	0.0032554424653661296	0.008532638259292838	13	12	0.9870069267741024
30900	1601299583078	26	17	0.003203279615493356	0.008562103354487762	13	13	0.9871413627367825
31000	1601299594489	31	13	0.0032196776929601357	0.008651858567543063	13	17	0.9870944303081708
31100	1601299605556	33	10	0.0032109132032796155	0.008584768812330008	13	20	0.9870983884648007
31200	1601299616712	28	16	0.0032280180944303082	0.00855938349954669	12	16	0.9870268589199886
31300	1601299627705	37	17	0.003197907831495618	0.008484134179510426	21	15	0.9871911224201301
31400	1601299639161	28	23	0.0032014418999151825	0.008492293744333636	13	15	0.9870694091037603
31500	1601299650260	25	14	0.003203703703703704	0.008501359927470536	12	13	0.987078032230704
31600	1601299661314	27	19	0.003211054566016398	0.0083961922030825	15	12	0.9871098388464801
31700	1601299672497	28	18	0.003209640938648572	0.008524932003626473	13	15	0.9871084252191122
31800	1601299683880	32	13	0.003179530675713882	0.008558476881233	13	19	0.9870941475826972
31900	1601299695002	27	17	0.0032150127226463106	0.008522665457842247	13	14	0.9871301950805768
32000	1601299706180	39	18	0.0031885778908679672	0.008470988213961923	20	19	0.9871480067854114
32100	1601299717624	37	23	0.0032080859485439637	0.008483227561196736	18	19	0.9871210065026859
32200	1601299728607	26	15	0.0032167090754877015	0.008445602901178604	14	11	0.9871136556403732
32300	1601299739887	29	17	0.0032138818207520497	0.008533544877606528	13	16	0.9871096974837433
32400	1601299751062	28	14	0.0032079445858071813	0.008497280145058931	12	16	0.9871286400904722
32500	1601299762294	31	14	0.0032145886344359625	0.008602447869446963	13	18	0.9871102629346904
32600	1601299773499	32	15	0.0032164263500141363	0.008577515865820489	13	19	0.987145603618886
32700	1601299784647	28	16	0.0032070964093864856	0.00851178603807797	16	11	0.9871068702290077
32800	1601299795975	28	14	0.0032133163698049192	0.008480507706255665	13	14	0.9870713881820752
32900	1601299807303	26	14	0.003191970596550749	0.008558930190389846	14	12	0.9871067288662708
33000	1601299818424	39	20	0.0031908396946564886	0.008594288304623754	22	17	0.987148854961832
33100	1601299829593	28	29	0.003200169635284139	0.008572529465095196	14	14	0.9870866553576477
33200	1601299841005	29	28	0.003188012439920837	0.008572529465095196	16	13	0.9871576194515126
33300	1601299852337	25	13	0.0032374893977947412	0.008636446056210336	13	12	0.9870679954763925
33400	1601299863387	30	15	0.003216284987277354	0.008607434270172257	14	15	0.9871043256997456
33500	1601299874594	31	16	0.0032089341249646594	0.008587488667271078	15	16	0.9871087079445858
33600	1601299885958	31	15	0.0032273112807463954	0.008662737987307344	13	18	0.9871711902742437
33700	1601299897305	28	18	0.0032195363302233533	0.008553943789664552	14	14	0.9870486287814532
33800	1601299908568	27	14	0.003211761379700311	0.008530371713508613	13	14	0.9871071529544811
33900	1601299919919	28	16	0.0032097823013853546	0.008557570262919312	13	15	0.9871634153237206
34000	1601299931250	43	18	0.003230703986429177	0.008520398912058023	22	21	0.9871207237772123
34100	1601299942346	26	28	0.003203703703703704	0.00849456029011786	14	12	0.9871806615776081
34200	1601299953802	27	13	0.003208651399491094	0.00850725294650952	13	14	0.9870971162001696
34300	1601299964971	28	13	0.00321826406559231	0.008562556663644605	13	15	0.9870764772405993
34400	1601299976180	28	11	0.0032377721232683065	0.00855938349954669	14	14	0.9870849590048063
34500	1601299987458	26	30	0.003218122702855527	0.00856300997280145	13	12	0.9871489963245689
34600	1601299998802	33	17	0.0032085100367543118	0.008602447869446963	13	20	0.9870906135142776
34700	1601300010084	26	11	0.0031952219394967485	0.008621033544877607	14	12	0.9870692677410234
34800	1601300021289	28	10	0.0031949392140231837	0.0086350861287398	13	15	0.9870920271416455
34900	1601300032382	28	11	0.0032322589765337857	0.008557116953762465	13	15	0.9870807181227028
35000	1601300043616	27	24	0.003222929035906135	0.008553943789664552	16	11	0.9871037602487984
35100	1601300054982	28	16	0.0032411648289510887	0.00857570262919311	13	15	0.9870172462538874
35200	1601300066336	28	17	0.0032278767316935254	0.008609247506799637	12	15	0.9870887757986995
35300	1601300077705	33	17	0.00322702855527283	0.008603354487760652	13	20	0.9870114503816794
35400	1601300089061	30	16	0.0032195363302233533	0.008577969174977334	14	16	0.9871211478654227
35500	1601300100335	37	13	0.0031906983319197058	0.008557116953762465	22	14	0.9871299123551032
35600	1601300111467	26	16	0.0032000282725473564	0.008535358114233909	14	11	0.9871102629346904
35700	1601300122618	28	13	0.0032014418999151825	0.008542157751586583	13	15	0.9870612100650269
35800	1601300133653	30	11	0.003212468193384224	0.008564369900271986	13	17	0.9870599378003958
35900	1601300144988	30	22	0.0032234944868532655	0.008558023572076157	12	18	0.9870192253322024
36000	1601300156280	39	14	0.0032184054283290924	0.008611060743427016	22	17	0.9870805767599661
36100	1601300167594	32	15	0.0032044105173876167	0.008558476881233	12	20	0.9871071529544811
36200	1601300179059	25	16	0.00321882951653944	0.008563463281958296	13	12	0.9870901894260673
36300	1601300190491	27	12	0.0032408821034775235	0.00856300997280145	13	14	0.9870559796437659
36400	1601300201702	40	16	0.0032206672321176137	0.008591115140525839	22	18	0.9871136556403732
36500	1601300213214	25	16	0.003221939496748657	0.008614687216681778	13	12	0.9871246819338423
36600	1601300224376	27	18	0.003224908114221091	0.008608340888485947	14	13	0.9870979643765904
36700	1601300235801	31	31	0.003238337574215437	0.008614687216681778	15	15	0.9870696918292338
36800	1601300247174	27	14	0.0032261803788521345	0.008533544877606528	12	15	0.9871372632174159
36900	1601300258386	32	18	0.0032021487135990953	0.008607887579329104	13	19	0.9870858071812271
37000	1601300269716	27	14	0.003243143907266045	0.008580689029918404	13	14	0.9870971162001696
37100	1601300280862	25	25	0.0032299971727452643	0.008620126926563916	13	11	0.9870489115069268
37200	1601300292078	28	15	0.003251484308736217	0.00856844968268359	13	15	0.9871026293469042
37300	1601300303374	25	15	0.0032520497596833474	0.008502266545784225	13	12	0.9870872208085949
37400	1601300314599	28	16	0.003217557251908397	0.008532638259292838	14	14	0.9871393836584677
37500	1601300326098	26	16	0.003249081142210913	0.008553943789664552	12	14	0.9870571105456601
37600	1601300337405	40	18	0.003237630760531524	0.008587488667271078	20	20	0.9871471586089907
37700	1601300348903	30	20	0.0032203845066440485	0.008560743427017226	14	16	0.9870323720667232
37800	1601300360150	26	12	0.003209640938648572	0.008587941976427925	13	12	0.9870593723494487
37900	1601300371406	28	13	0.0032353689567430027	0.008632366273798731	14	14	0.9871013570822731
38000	1601300382679	35	14	0.003217133163698049	0.008581142339075249	22	13	0.9871381113938366
38100	1601300393836	30	14	0.0032394684761096974	0.008586582048957389	12	18	0.9870603618886061
38200	1601300405081	27	20	0.003223918575063613	0.008595194922937442	14	13	0.9870835453774385
38300	1601300416404	34	14	0.0032387616624257845	0.008665457842248413	15	18	0.9870906135142776
38400	1601300427683	33	14	0.0032244840260107436	0.008675430643699003	14	19	0.9870397229290359
38500	1601300439055	29	20	0.003236217133163698	0.00868631006346328	14	15	0.9870832626519649
38600	1601300450203	32	14	0.0032242013005371784	0.008606527651858568	13	19	0.9871184619734238
38700	1601300461781	37	14	0.0032415889171614363	0.008601087941976428	22	15	0.9871318914334182
38800	1601300473213	29	17	0.0032404580152671754	0.008593834995466908	13	16	0.9870573932711337
38900	1601300484450	33	13	0.00325657336726039	0.008580689029918404	14	19	0.9870818490245972
39000	1601300495988	28	31	0.0032612383375742156	0.008624206708975521	15	13	0.9870428329092451
39100	1601300507200	28	16	0.003229431721798134	0.008654125113327289	13	15	0.9871135142776364
39200	1601300518445	27	19	0.0032479502403166527	0.008583408884859473	13	14	0.9870417020073509
39300	1601300529637	28	27	0.0032213740458015266	0.00864505893019039	15	13	0.9870575346338705
39400	1601300540888	27	17	0.0032428611817924796	0.008607434270172257	13	14	0.987057251908397
39500	1601300552304	28	16	0.0032223635849590046	0.008699456029011786	12	16	0.9870306757138818
39600	1601300563593	26	15	0.0032377721232683065	0.008619673617407071	12	14	0.9871034775233248
39700	1601300574921	32	13	0.00324399208368674	0.008734360834088848	15	17	0.9870913203279615
39800	1601300586578	30	13	0.0032455470737913486	0.008655938349954668	15	14	0.9870603618886061
39900	1601300597943	27	20	0.0032275940062199606	0.008661831368993653	13	14	0.9870896239751201
40000	1601300609472	30	13	0.0032486570540005656	0.00864777878513146	15	15	0.9870985298275374
40100	1601300621074	40	19	0.003244981622844218	0.00862692656391659	23	17	0.9871050325134295
40200	1601300632412	29	14	0.003234238054848742	0.008655485040797824	14	14	0.9871037602487984
40300	1601300643764	36	22	0.0032521911224201302	0.008706708975521307	21	15	0.9870178117048346
40400	1601300655248	32	21	0.003241306191687871	0.008609247506799637	14	18	0.9870869380831213
40500	1601300666719	29	13	0.0032227876731693527	0.008603807796917499	13	16	0.9870766186033362
40600	1601300678009	27	16	0.003257562906417868	0.008624206708975521	13	14	0.9870681368391292
40700	1601300689387	30	18	0.003233813966638394	0.00864596554850408	14	16	0.9870706813683913
40800	1601300700929	30	14	0.0032469607011591742	0.008655938349954668	13	17	0.9871047497879559
40900	1601300712336	34	17	0.00324342663273961	0.008571622846781505	12	22	0.9871029120723778
41000	1601300723694	29	30	0.0032353689567430027	0.008628739800543971	14	15	0.9870528696635567
41100	1601300735145	31	18	0.0032466779756856095	0.008653218495013599	13	18	0.9870449533502968
41200	1601300746914	31	17	0.0032438507209499577	0.008640072529465095	14	17	0.9870545660163981
41300	1601300758093	33	16	0.0032531806615776083	0.00863961922030825	14	19	0.9870754877014419
41400	1601300769393	28	13	0.003259400621996042	0.008644605621033545	15	13	0.9871651116765621
41500	1601300781073	27	15	0.0032438507209499577	0.00862964641885766	13	14	0.9870891998869098
41600	1601300792271	29	15	0.003237913486005089	0.008638259292837716	14	15	0.9871184619734238
41700	1601300803783	31	29	0.0032726887192536048	0.008600634632819583	16	15	0.9871037602487984
41800	1601300815218	30	15	0.0032605315238903023	0.008538531278331821	16	14	0.9870524455753463
41900	1601300826756	29	17	0.0032374893977947412	0.008605621033544878	14	15	0.9870931580435397
42000	1601300838337	37	16	0.003251484308736217	0.008598821396192204	16	21	0.9870976816511168
42100	1601300849842	32	17	0.0032326830647441333	0.008593381686310063	13	19	0.9871126661012157
42200	1601300861217	25	19	0.003270285552728301	0.00865503173164098	13	11	0.9870394402035624
42300	1601300872747	40	16	0.0032657619451512583	0.00859202175883953	12	28	0.9870012722646311
42400	1601300884161	27	20	0.00324017528979361	0.008663191296464189	13	14	0.9870504664970314
42500	1601300895641	32	20	0.0032363584959004808	0.008629193109700816	16	16	0.9871126661012157
42600	1601300907244	39	13	0.0032291489963245687	0.008528105167724388	21	17	0.987087786259542
42700	1601300918654	30	14	0.0032609556121006504	0.008597914777878513	13	17	0.9870787390443879
42800	1601300930361	27	15	0.0032726887192536048	0.00850634632819583	13	14	0.9870564037319762
42900	1601300942147	30	17	0.003278625954198473	0.008579329102447868	15	15	0.987090330788804
43000	1601300953642	28	16	0.0032503534068419565	0.008653671804170444	13	14	0.9871224201300537
43100	1601300965155	28	23	0.003233813966638394	0.008575249320036265	13	14	0.9871311846197343
43200	1601300976614	30	18	0.003262510602205259	0.008518585675430644	15	15	0.9870766186033362
43300	1601300988043	38	17	0.0032263217415889173	0.008504533091568449	22	16	0.9870366129488267
43400	1601300999547	28	15	0.00322264631043257	0.008531278331822304	13	15	0.987038309301668
43500	1601301011064	32	16	0.003240033927056828	0.008554397098821396	16	16	0.9871659598529827
43600	1601301022546	28	17	0.003238196211478654	0.008556210335448776	14	14	0.9870653095843935
43700	1601301033851	26	17	0.0032724059937800395	0.008581142339075249	14	12	0.9870767599660729
43800	1601301045269	28	23	0.003232400339270568	0.008480507706255665	15	13	0.9871207237772123
43900	1601301056684	26	11	0.0032581283573649986	0.008592928377153218	14	12	0.9870675713881821
44000	1601301067921	35	14	0.0032442748091603053	0.0086441523118767	21	14	0.9871041843370087
44100	1601301079175	24	13	0.0032510602205258693	0.008597914777878513	13	11	0.9870431156347187
44200	1601301090835	31	13	0.00323084534916596	0.00864777878513146	14	16	0.9871419281877297
44300	1601301102444	32	14	0.003259400621996042	0.008642792384406165	14	18	0.9870787390443879
44400	1601301113940	27	13	0.003275657336726039	0.008559836808703536	12	15	0.98703251342946
44500	1601301125582	26	23	0.0032801809443030816	0.008605167724388033	13	13	0.9870996607294317
44600	1601301137020	29	13	0.0032558665535764772	0.008577062556663644	13	16	0.9870026858919989
44700	1601301148635	38	14	0.003229714447271699	0.008590208522212149	22	16	0.9871023466214306
44800	1601301160260	28	18	0.0032755159739892565	0.008675883952855847	13	15	0.9870907548770144
44900	1601301171478	29	14	0.0032571388182075205	0.008551677243880326	13	16	0.9871299123551032
45000	1601301182824	30	13	0.003232824427480916	0.008608340888485947	14	16	0.9871047497879559
45100	1601301194272	32	18	0.0032711337291489962	0.008552130553037171	12	19	0.9871194515125813
45200	1601301205978	32	25	0.003252897936104043	0.008637352674524024	14	18	0.9871242578456318
45300	1601301217619	34	15	0.0032622278767316937	0.008650951949229374	15	19	0.9870349165959853
45400	1601301229311	40	17	0.0032637828668363018	0.008669084315503173	22	18	0.9870209216850439
45500	1601301240780	34	17	0.0032537461125247383	0.0086622846781505	14	20	0.9870633305060786
45600	1601301252256	29	13	0.0032683064744133444	0.008666817769718949	13	16	0.987098812553011
45700	1601301263542	33	14	0.0032832909245122987	0.00871441523118767	18	15	0.9870486287814532
45800	1601301274895	36	16	0.0032791914051456036	0.008630099728014507	15	21	0.9869597116200169
45900	1601301286351	28	23	0.0032581283573649986	0.008678603807796918	14	14	0.9870374611252474
46000	1601301297730	25	16	0.0032769296013570822	0.008645512239347234	13	12	0.987090330788804
46100	1601301309308	38	14	0.0032791914051456036	0.008668177697189482	23	15	0.9870221939496748
46200	1601301320773	29	17	0.003273819621147865	0.008610607434270173	14	15	0.9870689850155498
46300	1601301332004	29	15	0.003262510602205259	0.00863780598368087	14	15	0.9870540005654509
46400	1601301343707	27	15	0.003254594288945434	0.008634632819582955	13	14	0.9870804353972293
46500	1601301355132	28	17	0.003245971162001696	0.008647325475974615	13	15	0.9871191687871077
46600	1601301366693	31	19	0.0032346621430590894	0.008630553037171352	14	17	0.9871115351993215
46700	1601301378223	29	16	0.0032647724059937802	0.008580689029918404	14	15	0.9871002261803788
46800	1601301389563	28	23	0.0032561492790500425	0.00857842248413418	13	15	0.9870527283008199
46900	1601301401180	30	16	0.0032772123268306474	0.008556663644605621	14	16	0.9870049476957874
47000	1601301412708	37	19	0.003251484308736217	0.008563463281958296	22	15	0.9870976816511168
47100	1601301424410	27	14	0.003273819621147865	0.00864777878513146	13	14	0.9871043256997456
47200	1601301435987	29	17	0.003264489680520215	0.008680417044424299	14	15	0.9871078597681651
47300	1601301447420	25	17	0.003271557817359344	0.008685403445149592	13	12	0.9870547073791348
47400	1601301458948	27	15	0.0032811704834605597	0.008623753399818676	14	13	0.9870275657336726
47500	1601301470591	32	28	0.003263500141362737	0.008624206708975521	14	18	0.987058524173028
47600	1601301482031	26	15	0.0032721232683064743	0.008689029918404352	14	12	0.9870807181227028
47700	1601301493737	42	21	0.0032653378569409103	0.0086622846781505	23	19	0.9870932994062765
47800	1601301505004	27	14	0.003273960983884648	0.008653671804170444	13	14	0.9870918857789087
47900	1601301516146	28	14	0.003266044670624823	0.00864777878513146	14	14	0.9870989539157478
48000	1601301527698	33	17	0.003287531806615776	0.008708522212148686	13	20	0.9870821317500706
48100	1601301539468	25	16	0.003263500141362737	0.008660018132366273	13	12	0.9870834040147017
48200	1601301551178	38	14	0.0032704269154650834	0.008678150498640071	23	15	0.9870343511450381
48300	1601301562409	25	21	0.0032704269154650834	0.008626473254759747	13	12	0.987040995193667
48400	1601301573911	29	14	0.0032564320045236077	0.008589755213055305	13	16	0.987072236358496
48500	1601301585691	32	17	0.0032818772971444725	0.008642339075249321	13	19	0.9870476392422958
48600	1601301597113	32	16	0.003261379700310998	0.00864324569356301	14	17	0.9870277070964094
48700	1601301608490	31	25	0.003269296013570823	0.008617407071622847	16	15	0.9870906135142776
48800	1601301620140	24	13	0.0032707096409386486	0.008549410698096102	12	12	0.9870804353972293
48900	1601301631586	27	21	0.0032558665535764772	0.008534904805077062	15	12	0.9871262369239469
49000	1601301642945	24	14	0.0032784845914616907	0.00857842248413418	12	12	0.9870029686174724
49100	1601301654332	28	12	0.0032757986994628218	0.008614233907524933	13	15	0.9870541419281877
49200	1601301665932	28	27	0.0032704269154650834	0.008613327289211242	13	15	0.9871068702290077
49300	1601301677561	27	16	0.003270851003675431	0.008615593834995466	14	13	0.9869990104608425
49400	1601301689047	32	16	0.0032685891998869097	0.008639165911151405	12	20	0.98709358213175
49500	1601301700561	25	17	0.0032680237489397797	0.008614233907524933	12	12	0.9870753463387051
49600	1601301711936	29	17	0.003279050042408821	0.00857479601087942	14	15	0.9871249646593158
49700	1601301723465	28	23	0.0032847045518801243	0.0085675430643699	13	15	0.9870586655357648
49800	1601301734788	28	14	0.0033061916878710774	0.008635539437896645	14	14	0.987061775515974
49900	1601301746315	33	15	0.0032880972575629066	0.008631006346328195	14	19	0.9870425501837715
50000	1601301757825	28	25	0.0032808877579869945	0.00864052583862194	14	14	0.9870771840542832
50100	1601301769381	29	12	0.0032601074356799547	0.008606527651858568	15	14	0.9870867967203845
50200	1601301781024	28	15	0.003280463669776647	0.008600181323662739	12	16	0.9869756856092734
50300	1601301792424	25	23	0.0032888040712468194	0.008603354487760652	13	12	0.9870917444161719
50400	1601301804002	27	18	0.003283149561775516	0.00862148685403445	14	13	0.9870678541136556
50500	1601301815436	28	27	0.003280463669776647	0.008678603807796918	15	13	0.9870243143907266
50600	1601301826759	31	16	0.0032742437093582133	0.00862148685403445	13	18	0.9870185185185185
50700	1601301838199	32	13	0.003279756856092734	0.00858023572076156	13	19	0.9870794458580718
50800	1601301849891	31	29	0.003273960983884648	0.008540344514959202	16	14	0.987035057958722
50900	1601301861129	24	16	0.003262510602205259	0.008584768812330008	12	12	0.9870210630477806
51000	1601301872650	26	15	0.003283573649985864	0.008608794197642792	14	12	0.9870288379983037
51100	1601301884267	31	18	0.0032798982188295164	0.008607434270172257	15	16	0.9870795872208086
51200	1601301895768	26	20	0.0032791914051456036	0.00864596554850408	12	14	0.9871092733955329
51300	1601301907345	27	14	0.0032869663556686457	0.008663191296464189	13	14	0.9870245971162002
51400	1601301918895	28	14	0.0032697201017811706	0.008594741613780599	14	14	0.9870408538309302
51500	1601301930534	28	14	0.003271981905569692	0.00865684496826836	13	15	0.9870621996041843
51600	1601301941926	31	19	0.003278343228724908	0.008621033544877607	15	16	0.9870725190839694
51700	1601301953552	26	16	0.0032832909245122987	0.008602447869446963	14	12	0.9869657902176986
51800	1601301965146	29	16	0.0032828668363019506	0.008670897552130553	15	14	0.9870767599660729
51900	1601301976594	29	12	0.003273960983884648	0.00862964641885766	15	14	0.9870566864574498
52000	1601301988065	30	25	0.003298840825558383	0.008686763372620128	15	15	0.9870891998869098
52100	1601301999548	32	19	0.0032394684761096974	0.008594741613780599	14	18	0.9871075770426916
52200	1601302011075	27	12	0.003270851003675431	0.00864596554850408	14	12	0.9870404297427198
52300	1601302022856	30	29	0.0032483743285270004	0.008684496826835903	14	16	0.9870968334746961
52400	1601302034388	25	18	0.003292338139666384	0.008686763372620128	13	12	0.9870517387616624
52500	1601302046061	29	18	0.003270285552728301	0.008684496826835903	12	17	0.987104042974272
52600	1601302057617	28	14	0.0032927622278767317	0.008715775158658205	13	15	0.9869978795589482
52700	1601302069173	28	20	0.0032858354537743852	0.008644605621033545	14	14	0.9870964093864857
52800	1601302080740	35	16	0.0033111393836584677	0.008642792384406165	15	20	0.9870655923098671
52900	1601302092299	25	18	0.003294741306191688	0.008611514052583862	14	11	0.9870685609273395
53000	1601302103701	28	19	0.003273819621147865	0.008590208522212149	14	14	0.9870285552728301
53100	1601302115020	27	16	0.0032917726887192536	0.008526745240253852	13	14	0.9870313825275657
53200	1601302126446	28	20	0.003288238620299689	0.008640979147778786	13	14	0.9870726604467063
53300	1601302137889	29	20	0.0032927622278767317	0.008581142339075249	14	15	0.9869971727452643
53400	1601302149415	28	19	0.0032750918857789085	0.008616953762466002	13	15	0.9870599378003958
53500	1601302161094	31	17	0.0032900763358778627	0.00856391659111514	16	14	0.9870411365564037
53600	1601302172660	24	14	0.0032622278767316937	0.00856300997280145	12	12	0.9870732258976533
53700	1601302184249	28	19	0.003292055414192819	0.008639165911151405	13	14	0.9870172462538874
53800	1601302195755	27	22	0.0032801809443030816	0.00863599274705349	13	14	0.9870996607294317
53900	1601302207458	33	17	0.003279615493355951	0.008659111514052584	13	20	0.987058524173028
54000	1601302218887	34	15	0.003291348600508906	0.008654578422484134	15	18	0.987096268023749
54100	1601302230565	31	23	0.003288379983036472	0.008660018132366273	15	16	0.9870924512298558
54200	1601302242011	30	13	0.0032830081990387334	0.008676337262012694	13	17	0.9871016398077467
54300	1601302253477	28	15	0.0032803223070398645	0.008616047144152313	13	15	0.987074780887758
54400	1601302264986	27	23	0.003284139100932994	0.008689936536718042	15	12	0.9870880689850156
54500	1601302276248	28	15	0.00328173593440769	0.008691296464188576	14	14	0.9871061634153238
54600	1601302287511	27	14	0.0032849872773536896	0.008597008159564823	14	12	0.9871154933559514
54700	1601302299056	29	26	0.003261096974837433	0.008621940163191297	13	16	0.9870821317500706
54800	1601302310500	28	14	0.003279474130619169	0.008597461468721668	14	14	0.987072801809443
54900	1601302322147	30	17	0.0033020921685043823	0.008664551223934724	16	14	0.9870125812835736
55000	1601302333354	28	26	0.003295730845349166	0.008658204895738894	16	11	0.9869988690981057
55100	1601302344884	26	23	0.0032801809443030816	0.00863871260199456	13	13	0.9870537178399774
55200	1601302356388	27	14	0.0032888040712468194	0.008586128739800544	13	14	0.9870401470172463
55300	1601302367972	25	20	0.003284421826406559	0.008554397098821396	12	13	0.9870343511450381
55400	1601302379476	28	22	0.003284845914616907	0.00856300997280145	14	14	0.9870154085383093
55500	1601302391081	34	14	0.003284421826406559	0.00865049864007253	13	20	0.9870400056545094
55600	1601302402471	29	34	0.0033016680802940347	0.008577515865820489	14	15	0.9870131467345208
55700	1601302414117	32	16	0.003286259541984733	0.008599728014505892	16	16	0.9870726604467063
55800	1601302425897	29	13	0.0032803223070398645	0.008642339075249321	14	15	0.9870623409669211
55900	1601302437424	28	14	0.0032905004240882103	0.008597461468721668	14	14	0.9869631043256998
56000	1601302448864	32	13	0.0032724059937800395	0.008575249320036265	13	19	0.9870559796437659
56100	1601302460456	29	16	0.003297003109980209	0.008583408884859473	15	13	0.9870414192818773
56200	1601302472056	30	14	0.0032866836301950805	0.008658658204895739	12	18	0.9870056545094713
56300	1601302483525	28	14	0.003291631325982471	0.008606074342701723	14	14	0.9870247384789369
56400	1601302495160	33	14	0.0032900763358778627	0.00864505893019039	13	20	0.987057251908397
56500	1601302506622	27	16	0.0032762227876731694	0.00863961922030825	13	14	0.9870638959570257
56600	1601302518458	28	17	0.0032964376590330787	0.008608340888485947	12	16	0.9870219112242014
56700	1601302529965	27	19	0.0032951653944020354	0.00860970081595648	13	14	0.987063047780605
56800	1601302541637	26	16	0.0032984167373480353	0.00865049864007253	14	12	0.9870152671755725
56900	1601302553224	26	16	0.00328993497314108	0.008677697189483228	13	13	0.9870852417302799
57000	1601302564683	33	17	0.0032820186598812554	0.008657298277425203	19	14	0.9870730845349166
57100	1601302575959	33	16	0.0032880972575629066	0.008624660018132366	13	20	0.987009047215154
57200	1601302587065	28	13	0.0032871077184054285	0.008628739800543971	13	15	0.9870192253322024
57300	1601302598286	27	25	0.0032789086796720384	0.008588848594741613	15	12	0.987009047215154
57400	1601302609653	28	17	0.003292338139666384	0.008614687216681778	12	15	0.9870582414475544
57500	1601302620957	33	21	0.0032793327678823864	0.008608340888485947	14	19	0.98701625671473
57600	1601302632526	30	27	0.0032941758552445573	0.008627833182230281	15	15	0.9870596550749222
57700	1601302644002	28	19	0.003290217698614645	0.008657751586582049	13	15	0.9870384506644049
57800	1601302655533	28	16	0.003304919423240034	0.008663644605621032	14	14	0.9870443878993498
57900	1601302667206	28	22	0.0032984167373480353	0.008606074342701723	14	14	0.9870849590048063
58000	1601302678669	26	12	0.003304636697766469	0.008523118766999092	13	13	0.9870607859768165
58100	1601302689969	31	22	0.003297144472716992	0.00864052583862194	15	16	0.9870921685043822
58200	1601302701548	32	25	0.0032962962962962963	0.008606527651858568	13	19	0.9870551314673452
58300	1601302713338	30	13	0.003304919423240034	0.008593381686310063	13	17	0.9870244557534634
58400	1601302725030	26	19	0.003310432569974555	0.008616047144152313	12	14	0.9870016963528414
58500	1601302736518	30	14	0.0033194797851286402	0.008603354487760652	15	15	0.9870439638111393
58600	1601302747887	27	13	0.003297851286400905	0.008723934723481415	13	14	0.9869683347469607
58700	1601302759282	26	14	0.003294741306191688	0.008712148685403445	13	13	0.9870374611252474
58800	1601302770945	28	16	0.00328936952219395	0.008666817769718949	14	14	0.9870576759966073
58900	1601302782355	28	16	0.0032895108849307323	0.008682683590208523	13	15	0.9869701724625388
59000	1601302793973	44	23	0.0033146734520780323	0.008744786944696282	23	21	0.9870973989256432
59100	1601302805352	26	20	0.0032880972575629066	0.008744333635539437	14	12	0.9870309584393554
59200	1601302816944	25	12	0.0033118461973423805	0.008650045330915684	13	12	0.9869895391574781
59300	1601302828388	37	16	0.0032803223070398645	0.008664097914777878	24	13	0.9870554141928187
59400	1601302839800	36	14	0.003310008481764207	0.008666364460562103	15	21	0.9869892564320045
59500	1601302851200	28	18	0.0032953067571388182	0.008650045330915684	14	14	0.9870479219677692
59600	1601302862739	26	26	0.003313259824710206	0.008749320036264732	14	12	0.9870496183206107
59700	1601302874184	33	12	0.0032951653944020354	0.008655938349954668	14	19	0.9870586655357648
59800	1601302885906	29	16	0.0033012439920836866	0.008694469628286492	14	15	0.9869954763924229
59900	1601302897320	31	24	0.0032878145320893414	0.008643699002719855	14	16	0.9870889171614362
60000	1601302908986	25	14	0.0032972858354537744	0.008555303717135086	12	13	0.9869796437659033
60100	1601302920561	34	13	0.003325699745547074	0.008596101541251134	15	19	0.9870186598812553
60200	1601302932019	27	23	0.0032806050325134293	0.008630099728014507	13	14	0.9870581000848176
60300	1601302943423	30	15	0.0032861181792479504	0.008692203082502266	13	17	0.987037743850721
60400	1601302955050	26	14	0.00328936952219395	0.008679510426110607	13	13	0.9869755442465367
60500	1601302966446	27	23	0.0032897936104042975	0.00863599274705349	13	14	0.9870620582414475
60600	1601302977922	25	16	0.0033118461973423805	0.00868631006346328	13	12	0.9869779474130619
60700	1601302989076	32	17	0.0032789086796720384	0.008672710788757934	13	19	0.9870428329092451
60800	1601303000639	28	25	0.0032757986994628218	0.008677697189483228	13	15	0.9870115917444162
60900	1601303012359	30	17	0.003292903590613514	0.008655938349954668	14	15	0.9870458015267175
61000	1601303023828	28	20	0.0032879558948261237	0.008668177697189482	14	14	0.9870183771557818
61100	1601303035203	29	24	0.003282442748091603	0.008679057116953763	14	15	0.987102063895957
61200	1601303046727	30	16	0.003288521345773254	0.008667271078875794	12	18	0.987045518801244
61300	1601303058307	29	15	0.003279615493355951	0.008666817769718949	13	16	0.9870702572801809
61400	1601303069578	26	14	0.0033210347752332483	0.008649138712601994	13	13	0.9870138535482047
61500	1601303081053	32	13	0.003284139100932994	0.008734814143245694	13	19	0.987087079445858
61600	1601303092787	27	13	0.0032954481198756006	0.008689483227561197	13	14	0.987076053152389
61700	1601303104374	28	16	0.003319903873338988	0.008793291024478695	13	15	0.9870633305060786
61800	1601303116008	27	13	0.003303788521345773	0.008722574796010879	14	13	0.986976533785694
61900	1601303127747	31	14	0.003287531806615776	0.008746146872166818	16	15	0.987058524173028
62000	1601303139316	28	16	0.0032876731693525585	0.00877470534904805	14	13	0.9870790217698615
62100	1601303150865	27	17	0.0032897936104042975	0.008697189483227561	15	12	0.9870736499858638
62200	1601303162407	30	15	0.0032810291207237773	0.008749773345421577	13	16	0.9870363302233531
62300	1601303174025	34	27	0.0032945999434549054	0.008672257479601087	14	20	0.9870825558382811
62400	1601303185411	27	18	0.0032972858354537744	0.008679963735267452	13	14	0.9871000848176421
62500	1601303196753	30	17	0.003316228442182641	0.0087207615593835	13	16	0.9869838846480068
62600	1601303208292	33	23	0.0033003958156629914	0.008663644605621032	13	19	0.987040995193667
62700	1601303219763	25	20	0.0032989821882951653	0.008685403445149592	13	11	0.9869916595985299
62800	1601303231168	29	17	0.003270568278201866	0.008697189483227561	14	15	0.9871000848176421
62900	1601303242630	30	30	0.003290641786824993	0.00863871260199456	14	15	0.9870384506644049
63000	1601303254124	27	23	0.003319055696918292	0.008596101541251134	14	12	0.9870278484591462
63100	1601303265470	27	20	0.0033275374611252476	0.008638259292837716	15	12	0.9870405711054566
63200	1601303276861	31	18	0.0033033644331354256	0.008618766999093383	13	17	0.9869985863726322
63300	1601303288459	35	20	0.0033071812270285554	0.0087116953762466	14	21	0.9870180944303082
63400	1601303299843	26	18	0.0033040712468193384	0.008670897552130553	12	14	0.9871074356799547
63500	1601303311312	28	29	0.003302940344925078	0.00869990933816863	13	15	0.9870131467345208
63600	1601303322996	25	12	0.003319197059655075	0.00869990933816863	12	13	0.9869332767882386
63700	1601303334443	26	16	0.0033159457167090756	0.008657298277425203	13	13	0.9870016963528414
63800	1601303346027	27	25	0.003283149561775516	0.008724388032638258	13	14	0.9870808594854397
63900	1601303357558	28	17	0.0032663273960983883	0.008676337262012694	13	15	0.9870120158326265
64000	1601303369277	30	14	0.0033105739327113372	0.008667271078875794	13	17	0.9869984450098954
64100	1601303380799	25	21	0.0033009612666101214	0.008674977334542158	13	12	0.9870743567995477
64200	1601303392385	30	17	0.003276646875883517	0.008689029918404352	15	15	0.9870644614079729
64300	1601303403864	31	19	0.0032992649137687305	0.008608794197642792	16	15	0.9870613514277636
64400	1601303415131	26	22	0.0033108566581849025	0.008557116953762465	12	14	0.9869841673734804
64500	1601303426440	26	22	0.0032962962962962963	0.008602447869446963	13	12	0.9869796437659033
64600	1601303438123	28	16	0.0033105739327113372	0.008616500453309157	14	14	0.987003251342946
64700	1601303449642	29	23	0.0033012439920836866	0.008662737987307344	14	15	0.9870390161153519
64800	1601303461055	28	17	0.003291348600508906	0.008760199456029011	13	15	0.9870275657336726
64900	1601303472422	27	17	0.003320893412496466	0.0087116953762466	14	13	0.9869807746677975
65000	1601303484212	26	18	0.0032907831495617755	0.008752039891205802	13	13	0.9869816228442183
65100	1601303495503	31	14	0.00329431721798134	0.008673617407071623	16	15	0.9869710206389596
65200	1601303506664	33	13	0.00328936952219395	0.008693109700815957	15	18	0.9870477806050325
65300	1601303518302	28	26	0.0033119875600791633	0.00870353581142339	14	14	0.9870332202431439
65400	1601303529829	26	24	0.003292903590613514	0.008613780598368086	14	12	0.9870800113090189
65500	1601303541281	32	15	0.003301526717557252	0.00863871260199456	13	19	0.9870612100650269
65600	1601303552831	28	15	0.003317783432287249	0.00860970081595648	14	14	0.9870459428894544
65700	1601303564010	27	19	0.0033084534916595987	0.008591568449682683	14	13	0.9870920271416455
65800	1601303575704	37	14	0.003291348600508906	0.008594741613780599	24	13	0.9870230421260956
65900	1601303587212	35	17	0.0033019508057675995	0.008663644605621032	13	22	0.9870968334746961
66000	1601303598798	29	20	0.003270144189991518	0.008649138712601994	13	16	0.9870761945151258
66100	1601303610263	36	17	0.003278625954198473	0.008697189483227561	23	13	0.987102063895957
66200	1601303621400	28	16	0.0032937517670342097	0.008640979147778786	16	11	0.9870407124681934
66300	1601303632825	27	18	0.0033003958156629914	0.008700362647325476	13	14	0.9869971727452643
66400	1601303644412	40	18	0.0032726887192536048	0.008620126926563916	24	16	0.987031806615776
66500	1601303655783	29	14	0.003291631325982471	0.008572529465095196	13	16	0.9869886909810573
66600	1601303667071	29	14	0.0032763641504099518	0.008504986400725294	14	14	0.9870244557534634
66700	1601303678304	28	23	0.0032965790217698615	0.008584768812330008	14	14	0.9870016963528414
66800	1601303689934	32	16	0.0032639242295730846	0.008695829555757026	15	16	0.9870920271416455
66900	1601303701504	28	16	0.0033084534916595987	0.008654578422484134	14	14	0.9870333616058807
67000	1601303712953	30	20	0.003288238620299689	0.00864777878513146	16	13	0.9870309584393554
67100	1601303724409	29	17	0.0032924795024031664	0.008621940163191297	13	16	0.9871234096692112
67200	1601303735965	28	16	0.0033067571388182074	0.0086441523118767	13	14	0.986965507492225
67300	1601303747410	28	29	0.003297709923664122	0.008696736174070716	16	12	0.9870524455753463
67400	1601303758953	30	22	0.003305626236923947	0.008712148685403445	15	15	0.9870277070964094
67500	1601303770596	28	17	0.003285411365564037	0.008591115140525839	13	14	0.9870253039298841
67600	1601303782188	28	24	0.003291348600508906	0.008620580235720762	16	12	0.9870277070964094
67700	1601303793687	26	17	0.003303647158608991	0.008615140525838621	14	12	0.9870979643765904
67800	1601303805308	32	15	0.0032936104042974273	0.008661831368993653	13	19	0.9870161153519932
67900	1601303816943	29	29	0.003313118461973424	0.008622846781504986	14	14	0.9870217698614645
68000	1601303828411	28	17	0.003297851286400905	0.008616047144152313	15	13	0.9870633305060786
68100	1601303839818	30	16	0.0032905004240882103	0.008661831368993653	13	16	0.9870342097823014
68200	1601303851508	28	19	0.003303929884082556	0.008665911151405258	13	15	0.9871159174441617
68300	1601303862826	28	17	0.0033081707661860335	0.008598821396192204	15	13	0.9869954763924229
68400	1601303874375	35	14	0.003298840825558383	0.008657751586582049	14	21	0.9869819055696918
68500	1601303885792	33	24	0.003301809443030817	0.008710335448776065	14	19	0.9870679954763925
68600	1601303897282	27	14	0.0032839977381962115	0.00864324569356301	13	14	0.9870597964376591
68700	1601303908865	27	14	0.0032866836301950805	0.0086622846781505	13	14	0.9870035340684196
68800	1601303920357	29	22	0.0032907831495617755	0.008673617407071623	14	15	0.9870458015267175
68900	1601303931771	31	16	0.0033142493638676843	0.008705349048050771	14	17	0.9870551314673452
69000	1601303943310	28	17	0.0033121289228159457	0.008703082502266547	13	15	0.9870043822448402
69100	1601303954833	31	15	0.0032994062765055133	0.008689936536718042	13	18	0.987008481764207
69200	1601303966373	30	19	0.003299689001979078	0.008696736174070716	15	14	0.9870971162001696
69300	1601303977915	26	14	0.003329799264913769	0.008657751586582049	13	13	0.9870436810856659
69400	1601303989486	30	21	0.0033012439920836866	0.008650045330915684	15	15	0.9870627650551315
69500	1601304001053	29	22	0.0032937517670342097	0.008689029918404352	14	15	0.9870886344359627
69600	1601304012787	26	14	0.003313118461973424	0.008605167724388033	14	12	0.9869992931863161
69700	1601304024190	37	9	0.00328993497314108	0.008678150498640071	16	21	0.987141786824993
69800	1601304035449	34	15	0.00330251625671473	0.008745240253853129	19	15	0.9870296861747243
69900	1601304046763	28	14	0.003277070964093865	0.008622846781504986	14	14	0.9871147865422675
70000	1601304058417	31	16	0.003291914051456036	0.008643699002719855	13	17	0.9870320893412496
70100	1601304070014	27	14	0.003338563754594289	0.008625113327289212	12	15	0.9869667797568561
70200	1601304081478	29	27	0.0033247102063895958	0.008638259292837716	15	14	0.9869926491376873
70300	1601304092979	29	14	0.0032869663556686457	0.00871713508612874	13	16	0.9870336443313542
70400	1601304104594	33	15	0.003319055696918292	0.008639165911151405	12	21	0.9869937800395816
70500	1601304116190	31	28	0.003275940062199604	0.00864505893019039	13	18	0.9871252473847894
70600	1601304127658	28	16	0.0033074639525021206	0.008670897552130553	15	13	0.9870074922250495
70700	1601304139398	29	15	0.003304495335029686	0.008746600181323663	13	16	0.98708128357365
70800	1601304150992	30	22	0.0033020921685043823	0.008628739800543971	14	15	0.9870278484591462
70900	1601304162369	36	17	0.0032965790217698615	0.00866047144152312	16	20	0.9870342097823014
71000	1601304174145	29	19	0.003299830364715861	0.008632819582955576	14	14	0.9870798699462822
71100	1601304185895	42	15	0.003318772971444727	0.008653671804170444	24	17	0.9870631891433418
71200	1601304197706	28	20	0.0032999717274526433	0.008586582048957389	14	14	0.9870426915465084
71300	1601304209137	24	19	0.003343370087644897	0.008625113327289212	13	11	0.9870004240882103
71400	1601304220702	28	14	0.0032784845914616907	0.00863871260199456	13	15	0.9870308170766185
71500	1601304232299	29	24	0.003306615776081425	0.008685856754306437	14	15	0.9869636697766468
71600	1601304243840	28	18	0.003298840825558383	0.008594288304623754	12	15	0.9870223353124117
71700	1601304255268	28	17	0.0032917726887192536	0.008669537624660018	14	14	0.9870442465366129
71800	1601304266983	32	28	0.003302798982188295	0.008694922937443337	17	15	0.9870257280180944
71900	1601304278397	35	21	0.0032945999434549054	0.008667271078875794	17	17	0.9870125812835736
72000	1601304290024	31	17	0.003301526717557252	0.008645512239347234	14	17	0.9870349165959853
72100	1601304301674	38	10	0.0033200452360757702	0.008640072529465095	22	16	0.9870294034492508
72200	1601304313060	28	18	0.0032994062765055133	0.008579782411604715	15	13	0.9870764772405993
72300	1601304324661	27	14	0.0032955894826123835	0.008596554850407978	15	12	0.9870176703420979
72400	1601304336074	27	18	0.003318207520497597	0.008649592021758839	15	12	0.9870103194797851
72500	1601304347597	28	25	0.0032985581000848176	0.008696736174070716	14	14	0.986998727735369
72600	1601304359102	30	17	0.0033047780605032512	0.00869809610154125	12	18	0.9869851569126378
72700	1601304370369	26	15	0.0032820186598812554	0.008752493200362647	13	13	0.9869971727452643
72800	1601304382073	29	17	0.0032888040712468194	0.00870353581142339	14	15	0.9870705400056545
72900	1601304393840	30	24	0.0033292338139666385	0.008679057116953763	15	15	0.9870155499010461
73000	1601304405489	29	15	0.003291631325982471	0.008693109700815957	13	16	0.9870677127509189
73100	1601304417076	27	15	0.00331071529544812	0.008671350861287399	13	14	0.9870305343511451
73200	1601304428651	29	16	0.003303505795872208	0.008673164097914778	14	15	0.9870378852134577
73300	1601304440294	29	23	0.0033138252756573366	0.008644605621033545	14	15	0.9870497596833475
73400	1601304451725	30	14	0.003305908962397512	0.0087207615593835	15	15	0.9869899632456884
73500	1601304463402	30	21	0.003328668363019508	0.008655938349954668	15	15	0.9869840260107435
73600	1601304474916	30	14	0.0033247102063895958	0.008732547597461468	15	15	0.9870103194797851
73700	1601304486561	37	18	0.003320186598812553	0.00872348141432457	22	15	0.9870258693808313
73800	1601304498249	28	15	0.0033241447554424653	0.008654125113327289	13	15	0.9871080011309019
73900	1601304509716	30	17	0.0033290924512298556	0.008652765185856755	16	14	0.9870139949109414
74000	1601304521141	33	16	0.003329799264913769	0.008681776971894832	14	19	0.9870178117048346
74100	1601304532836	44	20	0.0033125530110262934	0.008676337262012694	22	22	0.9870419847328245
74200	1601304544415	34	19	0.00331509754028838	0.008720308250226653	17	17	0.9870614927905004
74300	1601304556188	28	18	0.0033186316087079446	0.008822302810516772	13	15	0.9871321741588918
74400	1601304567800	29	16	0.0033125530110262934	0.008726654578422484	14	15	0.9870200735086231
74500	1601304579420	30	14	0.003304212609556121	0.008750679963735266	14	16	0.9870957025728018
74600	1601304590828	31	24	0.0033142493638676843	0.008729374433363555	14	17	0.9869923664122138
74700	1601304602306	25	16	0.003314390726604467	0.008656391659111515	13	12	0.9870477806050325
74800	1601304613851	30	22	0.0033234379417585525	0.008741160471441524	16	14	0.9869961832061068
74900	1601304625325	29	14	0.0033005371783997738	0.008762012692656392	14	15	0.9869905286966356
75000	1601304637118	26	29	0.0033223070398642916	0.008769265639165911	14	12	0.9870302516256715
75100	1601304648631	29	20	0.003318066157760814	0.00872529465095195	14	15	0.9870158326265196
75200	1601304660254	27	14	0.0032791914051456036	0.008747053490480508	13	14	0.9869954763924229
75300	1601304671686	32	16	0.0032895108849307323	0.008745693563009973	14	18	0.9871050325134295
75400	1601304683177	28	26	0.0033111393836584677	0.008739347234814144	15	13	0.9870521628498727
75500	1601304694687	31	16	0.0033013853548204694	0.008769265639165911	13	18	0.9870576759966073
75600	1601304706221	27	16	0.003291631325982471	0.008798730734360834	15	12	0.9870524455753463
75700	1601304717752	25	18	0.003300113090189426	0.008724388032638258	13	12	0.9870296861747243
75800	1601304729281	29	22	0.003310998020921685	0.008694469628286492	14	15	0.9870387333898785
75900	1601304740813	27	13	0.0033030817076618603	0.008689936536718042	13	14	0.9869959004806333
76000	1601304752326	27	16	0.0033223070398642916	0.00865140525838622	12	15	0.9870448119875601
76100	1601304763774	30	13	0.0033238620299689	0.008684496826835903	14	16	0.9869990104608425
76200	1601304775539	37	16	0.003312694373763076	0.008676337262012694	21	16	0.9869315804353972
76300	1601304787107	25	16	0.0033098671190274244	0.008757026291931098	13	12	0.9870056545094713
76400	1601304798604	28	13	0.0033071812270285554	0.008662737987307344	13	15	0.9870407124681934
76500	1601304810034	25	20	0.0033179247950240317	0.008658204895738894	13	12	0.9870131467345208
76600	1601304821470	41	18	0.003285411365564037	0.008619220308250226	24	17	0.9870535764772406
76700	1601304832874	30	15	0.0032954481198756006	0.008733454215775158	16	14	0.9870542832909245
76800	1601304844456	27	18	0.00331071529544812	0.008737533998186763	13	14	0.9870231834888323
76900	1601304856152	28	17	0.0033203279615493355	0.008706708975521307	14	14	0.9870381679389313
77000	1601304867620	38	19	0.0033006785411365566	0.008806890299184043	21	17	0.9870493355951371
77100	1601304878930	25	12	0.0033070398642917726	0.008740707162284677	13	12	0.9870168221656771
77200	1601304890415	33	17	0.0033275374611252476	0.008726654578422484	15	18	0.9870141362736783
77300	1601304901979	28	14	0.003320186598812553	0.008614233907524933	14	14	0.9870281311846197
77400	1601304913288	37	16	0.0033186316087079446	0.008746146872166818	22	15	0.9870093299406276
77500	1601304924682	29	14	0.0033142493638676843	0.00876835902085222	14	15	0.9870147017246254
77600	1601304936206	28	14	0.0033237206672321177	0.008682230281051676	14	14	0.9870107435679955
77700	1601304947816	26	15	0.003316369804919423	0.008712148685403445	12	14	0.9869831778343229
77800	1601304959540	39	13	0.0033210347752332483	0.008690843155031732	22	17	0.9870122985581001
77900	1601304971090	29	17	0.003317500706813684	0.008648232094288305	14	15	0.9869927905004241
78000	1601304982260	28	23	0.003336584676279333	0.008679963735267452	13	15	0.9869893977947413
78100	1601304993578	25	15	0.003313259824710206	0.008752493200362647	14	11	0.9870465083404014
78200	1601305004954	37	14	0.003323579304495335	0.008657298277425203	23	14	0.9870168221656771
78300	1601305016473	28	17	0.0033173593440769013	0.008733907524932003	14	14	0.9870086231269437
78400	1601305028002	29	13	0.0033118461973423805	0.00870625566636446	15	14	0.98708128357365
78500	1601305039449	24	17	0.0033094430308170768	0.008693563009972802	12	12	0.9870278484591462
78600	1601305051257	40	13	0.003299830364715861	0.008689936536718042	23	17	0.9870534351145038
78700	1601305062949	29	22	0.0033326265196494203	0.008742973708068903	14	15	0.9869819055696918
78800	1601305074374	31	17	0.0032914899632456884	0.008692203082502266	15	16	0.9869845914616907
78900	1601305086073	28	14	0.0033053435114503817	0.008703989120580236	13	14	0.9870261521063047
79000	1601305097555	29	15	0.003329375176703421	0.00871441523118767	13	16	0.9870171048911507
79100	1601305109045	29	28	0.0033169352558665537	0.008772892112420671	14	15	0.9870015549901046
79200	1601305120787	28	12	0.0033003958156629914	0.008741160471441524	12	16	0.9869828951088493
79300	1601305132065	27	17	0.003320893412496466	0.008736174070716227	16	11	0.9870374611252474
79400	1601305143388	30	20	0.0033005371783997738	0.008678150498640071	15	15	0.9869800678541136
79500	1601305154926	45	16	0.0033063330506078598	0.008697642792384407	23	22	0.9870180944303082
79600	1601305166510	26	21	0.003308312128922816	0.008739347234814144	14	12	0.9870132880972575
79700	1601305178004	24	18	0.0033486005089058525	0.008724841341795105	12	12	0.9870473565168222
79800	1601305189577	32	12	0.0033213175007068135	0.008716681776971895	14	18	0.9870033927056828
79900	1601305201053	24	19	0.003300113090189426	0.008718948322756121	13	11	0.9870443878993498
80000	1601305212462	36	25	0.0033194797851286402	0.008726201269265639	16	20	0.9870349165959853
80100	1601305223722	27	17	0.003324851569126378	0.00864596554850408	14	13	0.9869698897370653
80200	1601305235019	28	22	0.0033098671190274244	0.00871532184950136	13	15	0.9870168221656771
80300	1601305246398	28	15	0.003316228442182641	0.008747053490480508	15	13	0.9870815662991236
80400	1601305257746	27	14	0.003304919423240034	0.00878558476881233	13	14	0.9870507492225049
80500	1601305269370	28	20	0.0033023748939779475	0.008765639165911152	13	15	0.9870445292620865
80600	1601305280800	30	16	0.0033350296861747245	0.008764279238440616	15	15	0.9870329375176703
80700	1601305292282	27	17	0.00329813401187447	0.008731640979147779	14	13	0.9870206389595703
80800	1601305303680	30	20	0.0033194797851286402	0.008762012692656392	16	14	0.9870149844500989
80900	1601305315367	32	13	0.0033032230703986427	0.008742520398912058	12	19	0.9870267175572519
81000	1601305327124	26	19	0.003300819903873339	0.008687669990933816	13	12	0.9870192253322024
81100	1601305338563	28	12	0.003326689284704552	0.008677697189483228	14	14	0.9870497596833475
81200	1601305350104	33	21	0.0032895108849307323	0.00869990933816863	14	19	0.9869977381962115
81300	1601305361652	31	16	0.003314390726604467	0.008711242067089755	16	15	0.9870417020073509
81400	1601305372950	41	16	0.0033326265196494203	0.008725747960108794	25	16	0.986982471020639
81500	1601305384414	29	21	0.0033200452360757702	0.008718948322756121	13	16	0.9870699745547074
81600	1601305396121	26	16	0.0033186316087079446	0.008667271078875794	14	12	0.9870158326265196
81700	1601305407709	32	16	0.0033237206672321177	0.008705802357207615	16	15	0.9870320893412496
81800	1601305419261	28	16	0.0033061916878710774	0.008744786944696282	13	15	0.9870788804071247
81900	1601305430643	34	18	0.0033047780605032512	0.00872348141432457	22	12	0.9870121571953633
82000	1601305442074	26	15	0.003290359061351428	0.008765185856754306	13	13	0.9870651682216568
82100	1601305453354	26	16	0.0033061916878710774	0.008742973708068903	14	12	0.9870815662991236
82200	1601305465171	30	16	0.003320893412496466	0.00870716228467815	13	17	0.9870867967203845
82300	1601305476501	29	17	0.0033377155781735934	0.008766092475067997	14	15	0.9870453774385072
82400	1601305487989	37	16	0.0033322024314390727	0.008752493200362647	19	18	0.9870101781170484
82500	1601305499564	31	16	0.0033398360192253324	0.008771078875793292	16	15	0.9869378003958157
82600	1601305510894	24	17	0.0033169352558665537	0.008730281051677244	13	11	0.9869943454905287
82700	1601305522558	28	14	0.0033053435114503817	0.008764732547597461	14	13	0.9870244557534634
82800	1601305534005	31	14	0.003322024314390727	0.008760652765185856	15	16	0.9870388747526152
82900	1601305545631	47	16	0.0033183488832343793	0.008789664551223935	24	22	0.9869847328244274
83000	1601305557244	29	27	0.0033165111676562056	0.008789664551223935	15	14	0.9869754028837998
83100	1601305568605	36	16	0.003337856940910376	0.008767905711695376	16	20	0.9870080576759966
83200	1601305580251	26	16	0.003322589765337857	0.008832275611967363	14	12	0.9869464235227594
83300	1601305591816	28	18	0.0033447837150127227	0.008821396192203084	13	15	0.9869486853265479
83400	1601305603519	33	19	0.0033052021487135993	0.00878377153218495	13	20	0.9869503816793893
83500	1601305615056	34	24	0.003321176137970031	0.008736174070716227	15	19	0.9869721515408538
83600	1601305626520	27	17	0.003318772971444727	0.008744786944696282	14	13	0.9870636132315521
83700	1601305638221	25	22	0.003319903873338988	0.008757932910244787	13	12	0.9869992931863161
83800	1601305649657	26	15	0.00333644331354255	0.008764732547597461	13	13	0.9870918857789087
83900	1601305661334	32	15	0.0032964376590330787	0.008752493200362647	13	19	0.9870449533502968
84000	1601305672836	30	20	0.003321882951653944	0.00871350861287398	13	17	0.987008481764207
84100	1601305684482	35	13	0.0033105739327113372	0.008741613780598368	16	19	0.987045518801244
84200	1601305695947	30	17	0.0033067571388182074	0.008757026291931098	15	15	0.9870889171614362
84300	1601305707511	27	15	0.003339553293751767	0.008784224841341795	13	14	0.9870171048911507
84400	1601305719071	27	14	0.003295024031665253	0.008761559383499547	13	14	0.9870677127509189
84500	1601305730463	28	24	0.0033052021487135993	0.008740707162284677	14	14	0.9870494769578739
84600	1601305741722	34	12	0.003317076618603336	0.008742973708068903	16	18	0.9870127226463105
84700	1601305753024	29	19	0.0033271133729148995	0.0087973708068903	15	14	0.9870210630477806
84800	1601305764737	29	13	0.003318207520497597	0.008724841341795105	14	15	0.987038309301668
84900	1601305776112	26	12	0.0033197625106022055	0.008775611967361742	14	11	0.986986994628216
85000	1601305787473	30	25	0.003351427763641504	0.008798277425203989	12	18	0.9870241730279898
85100	1601305799004	29	20	0.003338563754594289	0.008760652765185856	15	14	0.9870217698614645
85200	1601305810493	28	17	0.0033290924512298556	0.008786038077969176	13	15	0.9870329375176703
85300	1601305822110	30	14	0.0033404014701724624	0.008791477787851314	13	17	0.9870149844500989
85400	1601305833706	30	12	0.0033336160588068983	0.008730281051677244	13	17	0.9870788804071247
85500	1601305845263	28	26	0.003309301668080294	0.008649138712601994	14	14	0.9870055131467346
85600	1601305856721	31	17	0.0033135425501837714	0.00864868540344515	15	16	0.9870968334746961
85700	1601305868408	34	17	0.0033052021487135993	0.008657751586582049	15	19	0.987013005371784
85800	1601305880005	38	14	0.0033244274809160305	0.008701269265639166	16	21	0.9869884082555839
85900	1601305891444	29	12	0.0033278201865988124	0.00869809610154125	14	15	0.9869807746677975
86000	1601305903066	31	24	0.003307322589765338	0.008698549410698097	13	18	0.9870417020073509
86100	1601305914737	32	15	0.0033070398642917726	0.008788757932910245	15	17	0.9870489115069268
86200	1601305926422	31	16	0.0033084534916595987	0.008799184043517679	16	15	0.9869786542267458
86300	1601305938054	34	15	0.0033238620299689	0.008779238440616502	15	19	0.987009754028838
86400	1601305949677	35	13	0.0033423805484874185	0.008786038077969176	20	15	0.987043539722929
86500	1601305961349	28	23	0.0033491659598529826	0.008786944696282864	13	14	0.9870446706248233
86600	1601305972938	29	14	0.0033125530110262934	0.008760199456029011	13	15	0.9870469324286119
86700	1601305984610	29	16	0.0033300819903873337	0.008815503173164098	14	15	0.9869823296579022
86800	1601305995916	26	16	0.00334026010743568	0.008794650951949229	13	13	0.9870388747526152
86900	1601306007575	29	12	0.003334464235227594	0.008774252039891206	15	14	0.9869443030817077
87000	1601306019041	33	21	0.0033155216284987275	0.008684043517679057	14	19	0.9870154085383093
87100	1601306030624	33	14	0.003345914616906983	0.008745240253853129	13	20	0.9870056545094713
87200	1601306042345	29	14	0.0033158043539722928	0.008757026291931098	14	15	0.9869230986711903
87300	1601306053802	27	19	0.0033341815097540288	0.008708522212148686	14	13	0.9870419847328245
87400	1601306065379	28	15	0.003336584676279333	0.008717588395285586	13	15	0.9869933559513712
87500	1601306076767	28	33	0.003321882951653944	0.00872801450589302	13	15	0.9870982471020638
87600	1601306088208	26	20	0.003371077184054283	0.008748413417951042	14	12	0.9868986429177269
87700	1601306099565	29	18	0.003314390726604467	0.008752493200362647	14	15	0.9870261521063047
87800	1601306110945	28	21	0.0033379983036471586	0.008782411604714414	13	15	0.9870932994062765
87900	1601306122315	30	18	0.0033098671190274244	0.008738440616500453	14	16	0.9870067854113656
88000	1601306133736	39	16	0.0033398360192253324	0.008849954669084316	19	20	0.9869826123833757
88100	1601306145280	27	28	0.0033129770992366414	0.008667271078875794	15	12	0.9870284139100933
88200	1601306156840	31	15	0.003351851851851852	0.008698549410698097	16	15	0.9869785128640091
88300	1601306168200	32	16	0.0033329092451229855	0.008731187669990934	14	18	0.9870412779191405
88400	1601306179746	27	17	0.0033019508057675995	0.008671350861287399	13	14	0.9870288379983037
88500	1601306191459	26	13	0.003338281029120724	0.008815049864007253	14	12	0.9869916595985299
88600	1601306202685	32	18	0.0033423805484874185	0.008800543970988214	20	12	0.9869744133446423
88700	1601306213902	26	21	0.0033309301668080294	0.008804170444242974	13	13	0.9870501837715578
88800	1601306225004	30	17	0.0033358778625954197	0.008758839528558476	15	15	0.9870247384789369
88900	1601306236262	24	15	0.0032937517670342097	0.00878377153218495	13	11	0.9870449533502968
89000	1601306247694	27	14	0.0033040712468193384	0.008740707162284677	14	12	0.9870426915465084
89100	1601306259358	38	16	0.0033115634718688153	0.008740707162284677	23	15	0.987007774950523
89200	1601306270821	30	22	0.0033060503251342945	0.00877198549410698	13	17	0.987089765337857
89300	1601306282300	27	16	0.0032986994628216	0.00872892112420671	11	16	0.9870313825275657
89400	1601306294084	28	18	0.0033158043539722928	0.008718948322756121	14	14	0.9870360474978795
89500	1601306305647	36	13	0.003304919423240034	0.008731640979147779	15	21	0.9870229007633587
89600	1601306317178	30	15	0.003306615776081425	0.008850407978241161	13	17	0.9870600791631327
89700	1601306328887	28	16	0.0033119875600791633	0.00871350861287398	13	15	0.9870308170766185
89800	1601306340665	29	28	0.0033156629912355104	0.008692203082502266	14	15	0.9870322307039864
89900	1601306352078	27	14	0.0032808877579869945	0.008767452402538532	13	14	0.9870284139100933
90000	1601306363592	28	16	0.0033080294034492507	0.008758839528558476	13	15	0.9870319479785129
90100	1601306374989	28	17	0.0033331919705965507	0.008736627379873073	13	15	0.9870359061351428
90200	1601306386502	26	14	0.0033292338139666385	0.008752039891205802	12	14	0.9870296861747243
90300	1601306397953	26	18	0.0033394119310149843	0.008729374433363555	13	13	0.9870188012439921
90400	1601306409314	37	24	0.0033080294034492507	0.008811423390752493	16	20	0.9870499010460843
90500	1601306420790	29	20	0.003307605315238903	0.008763372620126927	14	15	0.9870978230138535
90600	1601306432419	27	16	0.003351851851851852	0.008699002719854942	13	13	0.9869910941475827
90700	1601306443915	27	20	0.0033081707661860335	0.00869990933816863	13	14	0.9870284139100933
90800	1601306455476	32	13	0.0033398360192253324	0.008731640979147779	13	19	0.9870336443313542
90900	1601306466802	33	15	0.0033071812270285554	0.008743427017225748	13	20	0.9870182357930449
91000	1601306478413	43	14	0.003328385637545943	0.008691296464188576	23	20	0.9870521628498727
91100	1601306490048	29	23	0.00333149561775516	0.008757026291931098	16	13	0.9869649420412779
91200	1601306501654	33	17	0.003328385637545943	0.00868631006346328	14	19	0.9870773254170201
91300	1601306513327	24	15	0.0033105739327113372	0.008755213055303718	12	12	0.9870414192818773
91400	1601306524561	27	16	0.003335171048911507	0.008674070716228468	13	14	0.9869888323437942
91500	1601306536160	29	18	0.003332767882386203	0.008709428830462376	13	16	0.9869913768730563
91600	1601306548024	35	23	0.003320893412496466	0.008720308250226653	20	15	0.9870473565168222
91700	1601306559512	31	24	0.0033264065592309867	0.008666817769718949	13	18	0.9869896805202149
91800	1601306570954	27	20	0.00331509754028838	0.00868631006346328	13	14	0.9869918009612666
91900	1601306582588	32	17	0.0033340401470172464	0.008703989120580236	16	16	0.9870291207237772
92000	1601306594259	27	17	0.003343935538592027	0.00870353581142339	13	14	0.9869813401187447
92100	1601306605532	31	13	0.003348741871642635	0.008733000906618315	13	17	0.9869831778343229
92200	1601306617013	28	24	0.0033290924512298556	0.00879646418857661	14	14	0.9870373197625106
92300	1601306628417	28	16	0.0033186316087079446	0.008757932910244787	14	14	0.9870730845349166
92400	1601306640184	29	20	0.0033454905286966355	0.008740707162284677	14	14	0.9869742719819056
92500	1601306651679	29	14	0.003313259824710206	0.00879102447869447	14	15	0.987009754028838
92600	1601306663161	26	18	0.003313118461973424	0.008771532184950137	14	12	0.9869786542267458
92700	1601306674797	40	14	0.0033115634718688153	0.008764732547597461	25	15	0.9869681933842239
92800	1601306686324	30	27	0.0033135425501837714	0.00870625566636446	15	15	0.9869601357082273
92900	1601306697897	29	14	0.0033119875600791633	0.008753399818676337	15	14	0.9870484874187164
93000	1601306709340	29	14	0.003366412213740458	0.008752946509519494	15	14	0.9869833191970596
93100	1601306720925	32	18	0.003319055696918292	0.008723934723481415	13	19	0.9870876448968052
93200	1601306732354	25	14	0.0033119875600791633	0.008729374433363555	13	12	0.987024031665253
93300	1601306743920	26	26	0.003332767882386203	0.008686763372620128	15	11	0.9870124399208369
93400	1601306755253	31	18	0.00335284139100933	0.008815503173164098	15	16	0.9870144189991519
93500	1601306766961	32	21	0.003330788804071247	0.008808250226654579	13	19	0.9870860899067005
93600	1601306778347	28	16	0.00331071529544812	0.00878286491387126	15	13	0.9870401470172463
93700	1601306789986	28	16	0.0033247102063895958	0.008766092475067997	13	15	0.9869992931863161
93800	1601306801478	29	20	0.003309301668080294	0.008708522212148686	13	16	0.9869997172745264
93900	1601306812894	33	22	0.0033387051173310715	0.008745693563009973	14	19	0.9870009895391575
94000	1601306824306	29	14	0.0033423805484874185	0.00875475974614687	14	15	0.98696748657054
94100	1601306835871	33	16	0.0033420978230138537	0.00875475974614687	16	17	0.987035764772406
94200	1601306847579	27	17	0.0033268306474413343	0.008749320036264732	14	13	0.9869646593158043
94300	1601306858959	28	13	0.003340542832909245	0.008708522212148686	13	15	0.9870033927056828
94400	1601306870575	39	16	0.0033121289228159457	0.008747053490480508	24	15	0.9870841108283857
94500	1601306882070	28	25	0.0033348883234379416	0.008822756119673618	14	14	0.986994769578739
94600	1601306893839	28	13	0.003319197059655075	0.008767905711695376	13	15	0.9871320327961549
94700	1601306905317	28	14	0.003328668363019508	0.008813236627379872	13	14	0.986991518235793
94800	1601306916815	33	16	0.0033495900480633306	0.008773798730734361	13	20	0.9869561775515974
94900	1601306928241	25	15	0.003332485156912638	0.00884496826835902	13	11	0.986957732541702
95000	1601306939766	37	17	0.003318490245971162	0.008731187669990934	23	14	0.9871033361605881
95100	1601306951387	26	25	0.0033474696070115917	0.008741160471441524	13	13	0.9869932145886344
95200	1601306962781	29	15	0.0033067571388182074	0.008804170444242974	14	15	0.9870244557534634
95300	1601306974389	29	14	0.0033368674017528977	0.008805077062556663	15	14	0.9870091885778909
95400	1601306985981	26	20	0.0033098671190274244	0.008812783318223027	12	14	0.9870294034492508
95500	1601306997640	31	18	0.003316228442182641	0.00878286491387126	16	15	0.9870223353124117
95600	1601307009386	39	16	0.0033254170200735086	0.008821396192203084	23	16	0.9869445858071813
95700	1601307020941	31	21	0.0033360192253322025	0.00873708068902992	16	14	0.9869728583545377
95800	1601307032259	25	13	0.00333644331354255	0.008763372620126927	13	12	0.9870368956743003
95900	1601307043461	24	16	0.003323579304495335	0.008732547597461468	12	12	0.9869893977947413
96000	1601307055058	27	16	0.003321882951653944	0.008755666364460563	13	14	0.9869779474130619
96100	1601307066501	30	13	0.0033353124116482897	0.008702629193109702	14	16	0.9870330788804071
96200	1601307078261	28	15	0.0033227311280746396	0.00878286491387126	13	15	0.9870392988408255
96300	1601307089800	35	25	0.0033210347752332483	0.008762466001813235	16	19	0.9869851569126378
96400	1601307101393	29	15	0.0033330506078597683	0.0087973708068903	14	14	0.9869802092168505
96500	1601307113043	28	15	0.0033204693242861183	0.008757932910244787	14	14	0.9869638111393837
96600	1601307124164	28	20	0.003343652813118462	0.008837262012692656	14	14	0.9870443878993498
96700	1601307135476	32	14	0.0033247102063895958	0.0087883046237534	14	18	0.9869704551880124
96800	1601307147332	34	11	0.003331354255018377	0.008749320036264732	16	18	0.9869865705400056
96900	1601307159073	35	18	0.0033360192253322025	0.008763372620126927	23	12	0.9869940627650551
97000	1601307170667	25	25	0.0033206106870229007	0.008665004533091568	13	12	0.9870210630477806
97100	1601307182237	27	16	0.0033013853548204694	0.00876382592928377	13	14	0.9870308170766185
97200	1601307193960	29	13	0.003372914899632457	0.008750679963735266	13	16	0.9869893977947413
97300	1601307205626	31	15	0.003350438224484026	0.00863961922030825	16	15	0.9869370935821318
97400	1601307217107	28	20	0.003319197059655075	0.008674524025385313	14	14	0.9870182357930449
97500	1601307228816	29	16	0.0033491659598529826	0.008625113327289212	14	15	0.9870763358778626
97600	1601307240492	26	20	0.0033278201865988124	0.008663191296464189	12	14	0.9870893412496466
97700	1601307252330	30	28	0.0033282442748091604	0.008603807796917499	13	17	0.9870104608425219
97800	1601307263880	27	14	0.0033265479219677695	0.008677697189483228	13	14	0.986943454905287
97900	1601307275264	28	13	0.00331128074639525	0.008669084315503173	12	16	0.9870579587220809
98000	1601307286762	33	17	0.00331891433418151	0.008613327289211242	14	19	0.9870039581566299
98100	1601307298390	24	20	0.003316087079445858	0.008669537624660018	13	11	0.9870702572801809
98200	1601307309797	27	18	0.003330364715860899	0.008739800543970989	13	13	0.9870121571953633
98300	1601307321347	43	20	0.003355527283008199	0.008737987307343608	21	22	0.9870743567995477
98400	1601307332989	29	25	0.0033340401470172464	0.008767905711695376	13	15	0.9870147017246254
98500	1601307344416	27	17	0.0033631608707944587	0.008755213055303718	13	14	0.9869885496183206
98600	1601307355844	26	21	0.003322024314390727	0.008718041704442429	13	13	0.9870404297427198
98700	1601307367309	27	16	0.003346904156064461	0.00871985494106981	14	13	0.9870882103477523
98800	1601307378892	27	13	0.0033399773819621148	0.008757932910244787	13	14	0.9870189426067288
98900	1601307390511	28	19	0.0033418150975402885	0.00870716228467815	14	14	0.9870371783997738
99000	1601307402277	38	16	0.0033495900480633306	0.008729374433363555	13	25	0.9869353972292904
99100	1601307414217	37	18	0.0033522759400621996	0.008767452402538532	21	16	0.9870384506644049
99200	1601307425924	28	24	0.0033510036754311563	0.008732547597461468	13	15	0.9870002827254736
99300	1601307437584	25	14	0.003341249646593158	0.008747960108794197	13	12	0.9870028272547356
99400	1601307449145	27	17	0.003320186598812553	0.008629193109700816	13	14	0.9870463669776647
99500	1601307460692	31	17	0.00331891433418151	0.008689936536718042	15	16	0.9869893977947413
99600	1601307472071	27	15	0.003340966921119593	0.008689483227561197	13	14	0.9870180944303082
99700	1601307483670	28	16	0.0033601922533220245	0.008683590208522211	14	14	0.9870419847328245
99800	1601307495275	26	17	0.003340118744698897	0.008739347234814144	13	13	0.9870234662143059
99900	1601307506720	28	25	0.003333474696070116	0.008696736174070716	14	14	0.9869926491376873
100000	1601307517932	26	14	0.0033635849590048063	0.008697642792384407	14	12	0.9870083404014701
