0	-1.5416781443024246E7
100	-1.538236752838128E7
200	-1.5356631784109578E7
300	-1.5326942806999495E7
400	-1.530430916967261E7
500	-1.5271228669215968E7
600	-1.5238493016980488E7
700	-1.5219779788508847E7
800	-1.5209673591240427E7
900	-1.5200931792629393E7
1000	-1.5183337174111508E7
1100	-1.5169127234416673E7
1200	-1.5159141556930937E7
1300	-1.5147954049902515E7
1400	-1.5140938537277672E7
1500	-1.5131234081466667E7
1600	-1.5131755700842028E7
1700	-1.5128317824895691E7
1800	-1.5125797843613144E7
1900	-1.5121322847933087E7
2000	-1.512214668901823E7
2100	-1.5120986941047017E7
2200	-1.5116527285508892E7
2300	-1.5121340873249106E7
2400	-1.5120980128479917E7
2500	-1.511695091709188E7
2600	-1.5117735549997706E7
2700	-1.5117343135420205E7
2800	-1.511367388898745E7
2900	-1.5111096636762612E7
3000	-1.5110952549797345E7
3100	-1.5111377607697565E7
3200	-1.5113417505375475E7
3300	-1.511300525298285E7
3400	-1.5112591935652342E7
3500	-1.5113674847829755E7
3600	-1.5116561258363908E7
3700	-1.5113876919501562E7
3800	-1.5116473775535492E7
3900	-1.5122271614909247E7
4000	-1.5118992235480709E7
4100	-1.5118273962958775E7
4200	-1.51172585551509E7
4300	-1.5113711356421122E7
4400	-1.5108435518704794E7
4500	-1.5108833880682755E7
4600	-1.5111057606372518E7
4700	-1.5110313775054267E7
4800	-1.5109596536441658E7
4900	-1.5108507749064272E7
5000	-1.5105620649770437E7
5100	-1.510079569041858E7
5200	-1.510365834868224E7
5300	-1.509976021048921E7
5400	-1.5105202717887517E7
5500	-1.510199414124621E7
5600	-1.5101258066484105E7
5700	-1.5102742821851961E7
5800	-1.5092587997111361E7
5900	-1.5096619779885143E7
6000	-1.5089578066289347E7
6100	-1.508851629023053E7
6200	-1.509067254439572E7
6300	-1.5089882839854687E7
6400	-1.5090554317115696E7
6500	-1.5084562926428003E7
6600	-1.5084902500377288E7
6700	-1.508334493035589E7
6800	-1.5083324043092746E7
6900	-1.5083217027577091E7
7000	-1.5082268448942464E7
7100	-1.5085195279811887E7
7200	-1.508920240645785E7
7300	-1.5081536502876697E7
7400	-1.5082014571891785E7
7500	-1.5083799314680753E7
7600	-1.5082385770650567E7
7700	-1.5081485851483138E7
7800	-1.5082138412245061E7
7900	-1.5085329702081518E7
8000	-1.5085414551847529E7
8100	-1.5083024184689218E7
8200	-1.5081941730180463E7
8300	-1.5079297841725938E7
8400	-1.5082255038354984E7
8500	-1.508457094108474E7
8600	-1.5084399560352255E7
8700	-1.5084373298389722E7
8800	-1.5086387365459586E7
8900	-1.5081307313169915E7
9000	-1.5081501152398076E7
9100	-1.5080921796026453E7
9200	-1.5080087851019619E7
9300	-1.5079695241485495E7
9400	-1.5077779763610614E7
9500	-1.5076572919705799E7
9600	-1.5071157017874323E7
9700	-1.5075861089128343E7
9800	-1.507801461461589E7
9900	-1.5078178618301881E7
10000	-1.5078126873382825E7
10100	-1.5082757566614337E7
10200	-1.5078529468127726E7
10300	-1.5076500011892574E7
10400	-1.5076275165845903E7
10500	-1.5079872809672758E7
10600	-1.5077327595688175E7
10700	-1.5076471370335847E7
10800	-1.507443693179754E7
10900	-1.507420992216597E7
11000	-1.5073874423274487E7
11100	-1.5072845924685054E7
11200	-1.5074384383792019E7
11300	-1.5066857626600562E7
11400	-1.5068754992290948E7
11500	-1.5070587530319108E7
11600	-1.5073798085266702E7
11700	-1.5078531984423347E7
11800	-1.5073324446279243E7
11900	-1.5075199473364182E7
12000	-1.5071241360532787E7
12100	-1.507257835317E7
12200	-1.5070141797896955E7
12300	-1.507484596732634E7
12400	-1.507267284531388E7
12500	-1.5073078160207829E7
12600	-1.5066614280421939E7
12700	-1.506719316958214E7
12800	-1.506544090228393E7
12900	-1.506899111258037E7
13000	-1.5069760488578267E7
13100	-1.5060985598252082E7
13200	-1.5066131161603441E7
13300	-1.5061569501703477E7
13400	-1.5062454611815963E7
13500	-1.5059773170820314E7
13600	-1.5062108411847979E7
13700	-1.5057260271139223E7
13800	-1.5060050222650385E7
13900	-1.5057097075684998E7
14000	-1.5054871856552586E7
14100	-1.5056678066014525E7
14200	-1.5056308123755872E7
14300	-1.5056362643332757E7
14400	-1.5049094240419911E7
14500	-1.5053838952414349E7
14600	-1.5046041026842486E7
14700	-1.505389468774611E7
14800	-1.5049281659275109E7
14900	-1.5053879507001882E7
15000	-1.5048272313175866E7
15100	-1.5049929929922666E7
15200	-1.5055837525479201E7
15300	-1.5053370113492241E7
15400	-1.504834076651801E7
15500	-1.5049111144207168E7
15600	-1.5047010578540577E7
15700	-1.5054915506945523E7
15800	-1.505187261902752E7
15900	-1.5053048007370634E7
16000	-1.5053294090066943E7
16100	-1.5052285913933147E7
16200	-1.50549592380039E7
16300	-1.506163216648079E7
16400	-1.505710677923542E7
16500	-1.5056040300388725E7
16600	-1.5057900775870278E7
16700	-1.5054766733850662E7
16800	-1.505371894065033E7
16900	-1.5063081786489785E7
17000	-1.5056222929474264E7
17100	-1.5057922411398942E7
17200	-1.5058591343549538E7
17300	-1.5052751098534938E7
17400	-1.5052024385058183E7
17500	-1.5051904106494514E7
17600	-1.505994949170843E7
17700	-1.5057106538744582E7
17800	-1.5061607034097534E7
17900	-1.5056893779640464E7
18000	-1.505688326151311E7
18100	-1.5056179117450692E7
18200	-1.5053194929610012E7
18300	-1.5053095317748059E7
18400	-1.5055492936723994E7
18500	-1.5051449399607426E7
18600	-1.5051857925803691E7
18700	-1.5051479948068485E7
18800	-1.5052612493982619E7
18900	-1.5048377916434824E7
19000	-1.505253495201829E7
19100	-1.5049704923688393E7
19200	-1.5049400898248171E7
19300	-1.5050521842376629E7
19400	-1.5056024887583386E7
19500	-1.5044706193842383E7
19600	-1.5046464640943073E7
19700	-1.5050531696064226E7
19800	-1.504635473139501E7
19900	-1.5043473963808129E7
20000	-1.5043205642454945E7
20100	-1.5047320457731424E7
20200	-1.5042480894307828E7
20300	-1.5039636842691118E7
20400	-1.504423407736091E7
20500	-1.503929993409556E7
20600	-1.5043297947652122E7
20700	-1.5041257938522376E7
20800	-1.5041415085603945E7
20900	-1.5039177866686441E7
21000	-1.5037575342962272E7
21100	-1.503997514937602E7
21200	-1.5035005192161217E7
21300	-1.5034333063251415E7
21400	-1.5034562500740113E7
21500	-1.503963947443716E7
21600	-1.5041318710045839E7
21700	-1.5041240269979872E7
21800	-1.5036607003190158E7
21900	-1.5037625306374278E7
22000	-1.5039151861375384E7
22100	-1.5037514710466176E7
22200	-1.5039513030425489E7
22300	-1.503673360392303E7
22400	-1.5037329120384619E7
22500	-1.5032550954202143E7
22600	-1.5031629067665206E7
22700	-1.504150561012792E7
22800	-1.5038445900865389E7
22900	-1.503641244198093E7
23000	-1.5039892660277162E7
23100	-1.5035800261664E7
23200	-1.5028672020504875E7
23300	-1.5033387460793983E7
23400	-1.5030854005637363E7
23500	-1.5026484983792529E7
23600	-1.503091947222213E7
23700	-1.5033838851385506E7
23800	-1.502539396221915E7
23900	-1.5026616466485277E7
24000	-1.5032717813319063E7
24100	-1.5029742124072189E7
24200	-1.5030467028160201E7
24300	-1.5031744792707266E7
24400	-1.502851191216251E7
24500	-1.503000348275988E7
24600	-1.5027950722049624E7
24700	-1.5029870481379826E7
24800	-1.5030679179161541E7
24900	-1.5038819095424615E7
25000	-1.5039851110036815E7
25100	-1.5038308724956963E7
25200	-1.5033510504058331E7
25300	-1.5031968365428962E7
25400	-1.5030884082123064E7
25500	-1.5031408148607545E7
25600	-1.503522984447597E7
25700	-1.5034828239641562E7
25800	-1.50354939047729E7
25900	-1.5034688768441128E7
26000	-1.502820176038181E7
26100	-1.5027304512113228E7
26200	-1.5036881749118248E7
26300	-1.5037240891344054E7
26400	-1.5034685954631468E7
26500	-1.5032017565025758E7
26600	-1.5031685348303156E7
26700	-1.5032779059060792E7
26800	-1.5027479437469805E7
26900	-1.5022809659643285E7
27000	-1.5030344201579241E7
27100	-1.5023427428654134E7
27200	-1.5023038811191972E7
27300	-1.50295982849379E7
27400	-1.5032590844625901E7
27500	-1.5030466736653212E7
27600	-1.5026038571846394E7
27700	-1.502826327896213E7
27800	-1.5028528429129979E7
27900	-1.5027216657087715E7
28000	-1.5026836896843595E7
28100	-1.5030216309811477E7
28200	-1.5028363727483707E7
28300	-1.502880633870728E7
28400	-1.5027839946537165E7
28500	-1.5030031736652333E7
28600	-1.5023620087300967E7
28700	-1.5027032643583424E7
28800	-1.50290018963855E7
28900	-1.5026947854262158E7
29000	-1.5026460011455812E7
29100	-1.5028816709150506E7
29200	-1.5023447203743476E7
29300	-1.5024982625619385E7
29400	-1.5024702834483048E7
29500	-1.5024409897319086E7
29600	-1.5024265908342985E7
29700	-1.5028630360445127E7
29800	-1.5021485869138483E7
29900	-1.5030870801575337E7
30000	-1.5025822438652026E7
30100	-1.5030698365685413E7
30200	-1.5031513329612698E7
30300	-1.5028586392021118E7
30400	-1.5024796665961446E7
30500	-1.502685968079616E7
30600	-1.502418735874463E7
30700	-1.5024537511728622E7
30800	-1.5022757057650998E7
30900	-1.5023919962567795E7
31000	-1.5023166788096832E7
31100	-1.5020164918206345E7
31200	-1.5025366428392531E7
31300	-1.502134145032991E7
31400	-1.5018697942544263E7
31500	-1.501881285911986E7
31600	-1.5021352840891954E7
31700	-1.5017785576531967E7
31800	-1.5020290026131514E7
31900	-1.5019809287511244E7
32000	-1.5019438216375705E7
32100	-1.5022035649939837E7
32200	-1.5021344199420536E7
32300	-1.5025724809076488E7
32400	-1.5025068345183987E7
32500	-1.5023336352999818E7
32600	-1.5017255239017867E7
32700	-1.5019866201438466E7
32800	-1.502038505432095E7
32900	-1.5019693245504543E7
33000	-1.502342452271174E7
33100	-1.502099714940808E7
33200	-1.501773919986783E7
33300	-1.5025449792143043E7
33400	-1.5025495287453737E7
33500	-1.5025254530656297E7
33600	-1.5022911946540335E7
33700	-1.5021753963781254E7
33800	-1.5022612781239104E7
33900	-1.5021167794543575E7
34000	-1.5019206980663031E7
34100	-1.5014467074125243E7
34200	-1.5018878467442721E7
34300	-1.5020375445686165E7
34400	-1.5023053974015174E7
34500	-1.502098086685895E7
34600	-1.501541687638552E7
34700	-1.5013785234021416E7
34800	-1.502134094794245E7
34900	-1.5016881904685091E7
35000	-1.5018082844681881E7
35100	-1.501802157041541E7
35200	-1.5020915194078075E7
35300	-1.5018462990650505E7
35400	-1.5016483151665365E7
35500	-1.502034264848665E7
35600	-1.5022177789871352E7
35700	-1.5023152143702175E7
35800	-1.5018227136784412E7
35900	-1.5019117488035267E7
36000	-1.5016838242282627E7
36100	-1.5015803677535776E7
36200	-1.5020260815868929E7
36300	-1.5015985556820363E7
36400	-1.5018150215887163E7
36500	-1.5019374631242745E7
36600	-1.5017612225596964E7
36700	-1.5014295432057211E7
36800	-1.5017013575166881E7
36900	-1.5018728682198709E7
37000	-1.5016341196522625E7
37100	-1.5017111410132816E7
37200	-1.5016924799092451E7
37300	-1.5013316460464105E7
37400	-1.5017711464453511E7
37500	-1.5012822807064252E7
37600	-1.5020658534719674E7
37700	-1.5018027752949432E7
37800	-1.5012888085981576E7
37900	-1.5018345157997081E7
38000	-1.50131082378103E7
38100	-1.5011298087013453E7
38200	-1.5018196989141833E7
38300	-1.5017825731591381E7
38400	-1.5018373403768022E7
38500	-1.5015135344866175E7
38600	-1.5020606422760889E7
38700	-1.501874929994908E7
38800	-1.5016118217368308E7
38900	-1.501920294335469E7
39000	-1.5012828857027624E7
39100	-1.501262539310444E7
39200	-1.5010857988340398E7
39300	-1.5014041291208936E7
39400	-1.5009863567600021E7
39500	-1.501246240393613E7
39600	-1.5015746220693402E7
39700	-1.50132551120791E7
39800	-1.5019025245971316E7
39900	-1.5014796194367534E7
40000	-1.5010999905164853E7
40100	-1.501192151477355E7
40200	-1.5009891987243725E7
40300	-1.5017734876903895E7
40400	-1.5019411590461794E7
40500	-1.501748105241403E7
40600	-1.5020585452603016E7
40700	-1.5014148630101379E7
40800	-1.501246932469675E7
40900	-1.5011014471581459E7
41000	-1.5010416608595522E7
41100	-1.5012077073938467E7
41200	-1.5014570322349664E7
41300	-1.5011724471930012E7
41400	-1.5014934733696753E7
41500	-1.5008581114475127E7
41600	-1.5013103572097681E7
41700	-1.5013238739861757E7
41800	-1.5007573447641449E7
41900	-1.5010017881966246E7
42000	-1.5007779855763648E7
42100	-1.5009723992527507E7
42200	-1.501426192615532E7
42300	-1.5012172784004226E7
42400	-1.5010297921930594E7
42500	-1.500821825797569E7
42600	-1.5010002593365928E7
42700	-1.5010187132862024E7
42800	-1.5008430203395123E7
42900	-1.500603304571535E7
43000	-1.501040251989091E7
43100	-1.5009497715368273E7
43200	-1.5008453464902328E7
43300	-1.5005129026790183E7
43400	-1.5007191441977002E7
43500	-1.5006991491789766E7
43600	-1.5013194995191582E7
43700	-1.5010617333067438E7
43800	-1.5007635279868454E7
43900	-1.501385102977189E7
44000	-1.50118865501254E7
44100	-1.5011742671306113E7
44200	-1.5006389014361689E7
44300	-1.5011998473730434E7
44400	-1.5007275108801214E7
44500	-1.5008227930845775E7
44600	-1.5009979270372342E7
44700	-1.5006688856526516E7
44800	-1.500755498569948E7
44900	-1.5009982529221542E7
45000	-1.5006055884096446E7
45100	-1.5010007249025147E7
45200	-1.500470917170572E7
45300	-1.5012217785590006E7
45400	-1.5008167015266169E7
45500	-1.5007434603619661E7
45600	-1.5008139384847954E7
45700	-1.50060038201685E7
45800	-1.5000877685413396E7
45900	-1.5000763815438293E7
46000	-1.500603254752074E7
46100	-1.5010058222874515E7
46200	-1.5011055774315596E7
46300	-1.5014661824527554E7
46400	-1.5007953206057018E7
46500	-1.5002454292933103E7
46600	-1.5005332738380926E7
46700	-1.5009914543511642E7
46800	-1.5002259004977327E7
46900	-1.4999851386984963E7
47000	-1.4999052125322154E7
47100	-1.500865256338271E7
47200	-1.5005518684900211E7
47300	-1.500290478848786E7
47400	-1.5003031055906152E7
47500	-1.5000533157152105E7
47600	-1.5000995877221081E7
47700	-1.499832929966949E7
47800	-1.4998816232113618E7
47900	-1.5004495308477994E7
48000	-1.5002205569881016E7
48100	-1.5003431646501226E7
48200	-1.500157776412687E7
48300	-1.5000654474094333E7
48400	-1.5003482446407655E7
48500	-1.5002629562531421E7
48600	-1.499927309075932E7
48700	-1.4994704416076781E7
48800	-1.5000688238033636E7
48900	-1.5001406733686123E7
49000	-1.5002803951749932E7
49100	-1.5000149765834603E7
49200	-1.5003978189496223E7
49300	-1.500012459495412E7
49400	-1.5008317610728005E7
49500	-1.5002805822492102E7
49600	-1.5002980466429984E7
49700	-1.5002398876225304E7
49800	-1.5003163764065921E7
49900	-1.5000902285260543E7
50000	-1.500168051264497E7
50100	-1.5002851883235924E7
50200	-1.500564043841932E7
50300	-1.4999855175041031E7
50400	-1.5006117665703496E7
50500	-1.5004094496286273E7
50600	-1.500079300655438E7
50700	-1.5000685138176583E7
50800	-1.5000914580257403E7
50900	-1.4998972480644505E7
51000	-1.499996822969999E7
51100	-1.5003770901170272E7
51200	-1.5001282326949164E7
51300	-1.5000864306090167E7
51400	-1.4997529560268512E7
51500	-1.5000847271774111E7
51600	-1.500028005193269E7
51700	-1.4997188297947997E7
51800	-1.5000418769935032E7
51900	-1.5000502224872556E7
52000	-1.5003690520574814E7
52100	-1.5000664194840472E7
52200	-1.5002345101599718E7
52300	-1.5006205897187237E7
52400	-1.5005243873405784E7
52500	-1.5006829836296223E7
52600	-1.500297117079373E7
52700	-1.500462775530054E7
52800	-1.4998550113047753E7
52900	-1.500470838730361E7
53000	-1.5003296751131145E7
53100	-1.500751362932226E7
53200	-1.5002710438555453E7
53300	-1.4999679464727687E7
53400	-1.499565700028689E7
53500	-1.4996797829691676E7
53600	-1.5000495817069847E7
53700	-1.5000365521435997E7
53800	-1.5005012666474184E7
53900	-1.50046871135344E7
54000	-1.5004772154138159E7
54100	-1.5007113113273377E7
54200	-1.5007085195350476E7
54300	-1.5006023850474073E7
54400	-1.5004757134703774E7
54500	-1.500841152147697E7
54600	-1.500458150154586E7
54700	-1.5003784644800162E7
54800	-1.4996928910447085E7
54900	-1.4998016199621102E7
55000	-1.5002151748507064E7
55100	-1.500240280046422E7
55200	-1.5001287941070078E7
55300	-1.4999569429394843E7
55400	-1.500212566898963E7
55500	-1.5001275375083584E7
55600	-1.4999423253764365E7
55700	-1.4998969130283792E7
55800	-1.5002212761549449E7
55900	-1.500475886517054E7
56000	-1.5004189661806356E7
56100	-1.5001586217910558E7
56200	-1.4999545808955926E7
56300	-1.4997937021180298E7
56400	-1.5001229837206336E7
56500	-1.4999576938744916E7
56600	-1.4996458795543768E7
56700	-1.5002341879589153E7
56800	-1.4996681868877875E7
56900	-1.5001468112887034E7
57000	-1.500223968083722E7
57100	-1.5002714901396975E7
57200	-1.499682183165396E7
57300	-1.499940591255287E7
57400	-1.5001858634333448E7
57500	-1.500150678302873E7
57600	-1.5002712860394854E7
57700	-1.5001780856655648E7
57800	-1.500016102522937E7
57900	-1.4999919369917877E7
58000	-1.5000701107262444E7
58100	-1.499743409833385E7
58200	-1.4996040736480135E7
58300	-1.500111679490339E7
58400	-1.4999476521928312E7
58500	-1.5000938984691912E7
58600	-1.5001380727375887E7
58700	-1.4999622753650019E7
58800	-1.5003930683265802E7
58900	-1.4999271392374143E7
59000	-1.4997997625888206E7
59100	-1.4996339471367765E7
59200	-1.4996908503927292E7
59300	-1.500026243854633E7
59400	-1.499698431015365E7
59500	-1.4993316792369558E7
59600	-1.49925731104123E7
59700	-1.4995681148202192E7
59800	-1.4997060095231442E7
59900	-1.4999698149788126E7
60000	-1.4996792268064039E7
60100	-1.5001726353749322E7
60200	-1.5001874184729889E7
60300	-1.4999122183486255E7
60400	-1.5000090729126982E7
60500	-1.500295173775329E7
60600	-1.4999505630379248E7
60700	-1.499954545597867E7
60800	-1.5003032898489174E7
60900	-1.5002930228619007E7
61000	-1.500171318251638E7
61100	-1.4997639954145106E7
61200	-1.500391976884747E7
61300	-1.4999113016357161E7
61400	-1.5000172630046587E7
61500	-1.500013235572004E7
61600	-1.5000386163996574E7
61700	-1.500369091936218E7
61800	-1.5000056156311011E7
61900	-1.4998031859399842E7
62000	-1.500153312442725E7
62100	-1.5002269964400722E7
62200	-1.4999500021457141E7
62300	-1.4999910314076334E7
62400	-1.499942004618762E7
62500	-1.5003606751306046E7
62600	-1.4996274308400095E7
62700	-1.500108517818981E7
62800	-1.4996288843142994E7
62900	-1.5004588459161907E7
63000	-1.499941389631711E7
63100	-1.4996234558171459E7
63200	-1.499683030619921E7
63300	-1.5001066186648551E7
63400	-1.500025857378653E7
63500	-1.5003685973088995E7
63600	-1.5002054956827015E7
63700	-1.4999105404221788E7
63800	-1.4998315328627523E7
63900	-1.4999802333522948E7
64000	-1.5000695561989415E7
64100	-1.5000494690276733E7
64200	-1.5001931555670707E7
64300	-1.5001386745397804E7
64400	-1.5005822396830948E7
64500	-1.5001107697615165E7
64600	-1.4999964747106947E7
64700	-1.5003137482556114E7
64800	-1.4997445431985442E7
64900	-1.5001118545275936E7
65000	-1.5004842178934868E7
65100	-1.500674808760775E7
65200	-1.5005162257824685E7
65300	-1.5005295980418628E7
65400	-1.5000319011500945E7
65500	-1.4996914500004053E7
65600	-1.499771806143271E7
65700	-1.4997799356652055E7
65800	-1.499742104546124E7
65900	-1.4997322944047607E7
66000	-1.4995870470313404E7
66100	-1.4996017868693272E7
66200	-1.4997696794850511E7
66300	-1.4998330607983524E7
66400	-1.5000470440803517E7
66500	-1.4999879949141704E7
66600	-1.5001519074616248E7
66700	-1.4996262994154613E7
66800	-1.4999551530058598E7
66900	-1.5000538009726917E7
67000	-1.499831468082285E7
67100	-1.4996477966265062E7
67200	-1.4997257042383125E7
67300	-1.4995576736176647E7
67400	-1.4994456193436354E7
67500	-1.499741015052905E7
67600	-1.4998443804144196E7
67700	-1.499690546795373E7
67800	-1.5000176898467228E7
67900	-1.4999154101104576E7
68000	-1.5001398937512653E7
68100	-1.500117335470267E7
68200	-1.4999484761282656E7
68300	-1.4998542850476397E7
68400	-1.4996607759136874E7
68500	-1.4998806634037815E7
68600	-1.4990805675682146E7
68700	-1.4996464500676768E7
68800	-1.4992939452862317E7
68900	-1.4997742669350913E7
69000	-1.4989682992566006E7
69100	-1.4991851026636234E7
69200	-1.4993446380285267E7
69300	-1.4995648589600068E7
69400	-1.500110450671485E7
69500	-1.4994413037384978E7
69600	-1.4997387178025546E7
69700	-1.4994593336207984E7
69800	-1.4993062011234393E7
69900	-1.4993691648437347E7
70000	-1.499726381452144E7
70100	-1.4996533774990039E7
70200	-1.4994440322508933E7
70300	-1.4994371690280022E7
70400	-1.499700159506012E7
70500	-1.4994563881020175E7
70600	-1.4994120257032283E7
70700	-1.4994638499416681E7
70800	-1.4994205227175636E7
70900	-1.49950702673667E7
71000	-1.4993894876354083E7
71100	-1.4992494402279036E7
71200	-1.4997491777996631E7
71300	-1.5002362510520339E7
71400	-1.50029161899049E7
71500	-1.499980555059456E7
71600	-1.4999330875890665E7
71700	-1.4997923220071234E7
71800	-1.5000141987701945E7
71900	-1.499861546152133E7
72000	-1.4996659526440866E7
72100	-1.5001315509466365E7
72200	-1.4998953535067428E7
72300	-1.499730097803982E7
72400	-1.4998213044747395E7
72500	-1.4997031989748381E7
72600	-1.4996156573546464E7
72700	-1.499451312231414E7
72800	-1.4995707985083677E7
72900	-1.4992568572350843E7
73000	-1.4992698788382957E7
73100	-1.4996295162373614E7
73200	-1.4994446971416997E7
73300	-1.4994816051479708E7
73400	-1.4994930055979477E7
73500	-1.4992672136695093E7
73600	-1.4993360924136635E7
73700	-1.4992011336864173E7
73800	-1.4992498021885218E7
73900	-1.4997325713160183E7
74000	-1.4994358798822321E7
74100	-1.499409490079826E7
74200	-1.4996173866634812E7
74300	-1.4991579465044951E7
74400	-1.499565079268782E7
74500	-1.4995431916783795E7
74600	-1.499071165613151E7
74700	-1.4988602069889225E7
74800	-1.4987504521309761E7
74900	-1.4992557146782791E7
75000	-1.4992350843479179E7
75100	-1.4991907303719996E7
75200	-1.4987411626345E7
75300	-1.4991207055497317E7
75400	-1.4988236747778539E7
75500	-1.4992287364951856E7
75600	-1.4989101451437656E7
75700	-1.499580947807974E7
75800	-1.4986474192409178E7
75900	-1.499075782612282E7
76000	-1.4991579519361557E7
76100	-1.4992409811582826E7
76200	-1.4992273891566344E7
76300	-1.4989323451660747E7
76400	-1.499723178306965E7
76500	-1.4991268272733599E7
76600	-1.4990817765909519E7
76700	-1.4992922327557562E7
76800	-1.4990052475025965E7
76900	-1.4986306655694406E7
77000	-1.4988761711924348E7
77100	-1.4984979186672026E7
77200	-1.4991066165012522E7
77300	-1.4987808319134193E7
77400	-1.4984729055846358E7
77500	-1.4989462986268573E7
77600	-1.4988004172978867E7
77700	-1.499355697539291E7
77800	-1.49884682763162E7
77900	-1.4990468403998006E7
78000	-1.4993272986854918E7
78100	-1.4987499270677708E7
78200	-1.4992120680005921E7
78300	-1.4997228814681388E7
78400	-1.4994196011730203E7
78500	-1.4994334739254413E7
78600	-1.4994825418966807E7
78700	-1.4989843814380983E7
78800	-1.4996763084027028E7
78900	-1.4993741202969663E7
79000	-1.4992676669937162E7
79100	-1.499225509375827E7
79200	-1.4993604596877508E7
79300	-1.4990887741491115E7
79400	-1.4992393218508745E7
79500	-1.4994008810075566E7
79600	-1.4992356842478473E7
79700	-1.49910046458289E7
79800	-1.499840307178303E7
79900	-1.4995498855678415E7
80000	-1.4989367023286914E7
80100	-1.4994620460205348E7
80200	-1.4993836915863235E7
80300	-1.4987962367775284E7
80400	-1.4991699429594573E7
80500	-1.4993844957137326E7
80600	-1.499630912621504E7
80700	-1.4994691262429101E7
80800	-1.4994937569093205E7
80900	-1.4994488539478002E7
81000	-1.4994000108945888E7
81100	-1.4995549107050251E7
81200	-1.4987946649836522E7
81300	-1.4993975306988684E7
81400	-1.4990668060353838E7
81500	-1.499603178737022E7
81600	-1.4996795750484474E7
81700	-1.4996902869210422E7
81800	-1.499940598190837E7
81900	-1.499523714616097E7
82000	-1.499252361151104E7
82100	-1.499215333129869E7
82200	-1.4993051334270332E7
82300	-1.499716476493159E7
82400	-1.4992198192353558E7
82500	-1.499169252975948E7
82600	-1.4992003892983299E7
82700	-1.4986309410466822E7
82800	-1.4983997059781106E7
82900	-1.4986080307707438E7
83000	-1.4991808173075004E7
83100	-1.4993479392197153E7
83200	-1.4991423011280354E7
83300	-1.4988588300320836E7
83400	-1.4991457159435844E7
83500	-1.4991073079939926E7
83600	-1.4988898796287429E7
83700	-1.499008347588057E7
83800	-1.4989991131732166E7
83900	-1.4990505925923074E7
84000	-1.498523992449136E7
84100	-1.4986725026434816E7
84200	-1.4988893677775167E7
84300	-1.4987924288518682E7
84400	-1.4988191568142518E7
84500	-1.4987061662725765E7
84600	-1.4990436346575772E7
84700	-1.4985455266454142E7
84800	-1.4985532978887113E7
84900	-1.4995034654383965E7
85000	-1.498545207151539E7
85100	-1.498874608282381E7
85200	-1.4990352257721955E7
85300	-1.4986255550448252E7
85400	-1.4993479346467918E7
85500	-1.4998983685526608E7
85600	-1.4991059308678353E7
85700	-1.4990926470766589E7
85800	-1.4990269352355707E7
85900	-1.4989722350184368E7
86000	-1.4993459891548658E7
86100	-1.4991092363272749E7
86200	-1.4990688819762418E7
86300	-1.4985785776265694E7
86400	-1.4983897532599522E7
86500	-1.4991233765569778E7
86600	-1.4987149770049991E7
86700	-1.498762337058966E7
86800	-1.498680259649897E7
86900	-1.4985251959783768E7
87000	-1.4990670454191253E7
87100	-1.4989854253867213E7
87200	-1.4988954599610578E7
87300	-1.4991650139597112E7
87400	-1.4984446586318683E7
87500	-1.4991677544946356E7
87600	-1.498812910775049E7
87700	-1.4989829708411003E7
87800	-1.4985845917462222E7
87900	-1.4984469969016172E7
88000	-1.4989332598426858E7
88100	-1.4986135197890658E7
88200	-1.4988257215661502E7
88300	-1.4988273356561894E7
88400	-1.4989875959838782E7
88500	-1.498883624766399E7
88600	-1.4985649489033068E7
88700	-1.4989633985712545E7
88800	-1.4988817194225129E7
88900	-1.4989497286282875E7
89000	-1.4982136028857643E7
89100	-1.4986495502650987E7
89200	-1.4985304091559013E7
89300	-1.4986207669566495E7
89400	-1.498491085106444E7
89500	-1.498338352846664E7
89600	-1.4985765486832593E7
89700	-1.4989319626908347E7
89800	-1.4984711246830003E7
89900	-1.4988731636221144E7
90000	-1.4990804023196211E7
90100	-1.4989237347685717E7
90200	-1.4989898041901644E7
90300	-1.4991715147776091E7
90400	-1.4987779331975665E7
90500	-1.4986229460511986E7
90600	-1.4985332757347872E7
90700	-1.4986161860446211E7
90800	-1.498767142444544E7
90900	-1.4985232478721913E7
91000	-1.4988401716363408E7
91100	-1.4984460231684586E7
91200	-1.4990396856120365E7
91300	-1.4992816754444078E7
91400	-1.4992045199969344E7
91500	-1.4993137194524527E7
91600	-1.4993525073500067E7
91700	-1.499894735339518E7
91800	-1.4992507222534908E7
91900	-1.4991279249180656E7
92000	-1.4992270544558264E7
92100	-1.4992358372632466E7
92200	-1.4990533750585483E7
92300	-1.4990222380033515E7
92400	-1.4986843582834888E7
92500	-1.499131427988102E7
92600	-1.4990684122526443E7
92700	-1.4990469074988035E7
92800	-1.4990451840728302E7
92900	-1.4991087263121735E7
93000	-1.4986754574225055E7
93100	-1.4990704182840532E7
93200	-1.4987907898173584E7
93300	-1.4984854185371868E7
93400	-1.4991576463538492E7
93500	-1.4988056808693377E7
93600	-1.4991130996607915E7
93700	-1.4990577553619731E7
93800	-1.498989748348444E7
93900	-1.4990065766534979E7
94000	-1.4988673685403008E7
94100	-1.4989569927891936E7
94200	-1.4987838660680715E7
94300	-1.4989443675109804E7
94400	-1.498839565537669E7
94500	-1.498901276883793E7
94600	-1.4989313040605163E7
94700	-1.499389534801115E7
94800	-1.4987789427677324E7
94900	-1.4990727136290655E7
95000	-1.4988213375573052E7
95100	-1.4987842312352004E7
95200	-1.4988703803600911E7
95300	-1.4987318585869294E7
95400	-1.4986608871006116E7
95500	-1.4987004065624876E7
95600	-1.4988646599621223E7
95700	-1.4985830389064811E7
95800	-1.4986267425689112E7
95900	-1.4986065342552328E7
96000	-1.4983945700765288E7
96100	-1.4983652830805913E7
96200	-1.4980164879055077E7
96300	-1.4983288588066448E7
96400	-1.4983636084233332E7
96500	-1.498029222022137E7
96600	-1.4986756560856005E7
96700	-1.4987085982465273E7
96800	-1.4985530471881328E7
96900	-1.4984236175521247E7
97000	-1.4984302790209075E7
97100	-1.4986543408550587E7
97200	-1.4989587407083144E7
97300	-1.4985069019925168E7
97400	-1.4991828715550734E7
97500	-1.499148745709222E7
97600	-1.4987845726920107E7
97700	-1.4990020860692738E7
97800	-1.4989869755444758E7
97900	-1.4989372749809368E7
98000	-1.4994263920038475E7
98100	-1.4986295790296325E7
98200	-1.4988791028099377E7
98300	-1.4985425815269269E7
98400	-1.4992273618297013E7
98500	-1.4992346396010697E7
98600	-1.4993610474218449E7
98700	-1.4990133270403147E7
98800	-1.4990403238092609E7
98900	-1.498925032117031E7
99000	-1.4996475795597281E7
99100	-1.499092309432053E7
99200	-1.499026779974046E7
99300	-1.4990327999107191E7
99400	-1.4995084968543017E7
99500	-1.4991977497285202E7
99600	-1.4992913098291563E7
99700	-1.4987869075486844E7
99800	-1.4984437704591213E7
99900	-1.4984265386894777E7
100000	-1.4983363066695578E7
100100	-1.4987835557739329E7
100200	-1.4986187457648069E7
100300	-1.4990137558172349E7
100400	-1.4991060451305123E7
100500	-1.4988365088935446E7
100600	-1.4993725242338505E7
100700	-1.4990943792064797E7
100800	-1.4986369701800616E7
100900	-1.4988680675918778E7
101000	-1.4985585439654218E7
101100	-1.4987563566573685E7
101200	-1.4986969863483483E7
101300	-1.4989469444833431E7
101400	-1.499036069329558E7
101500	-1.4989204831782825E7
101600	-1.4989599746290104E7
101700	-1.4991434205643635E7
101800	-1.4996562383561723E7
101900	-1.4992132995513301E7
102000	-1.4992302675041655E7
102100	-1.4992357270775644E7
102200	-1.4980557191913147E7
102300	-1.4989706366924299E7
102400	-1.4987334135727068E7
102500	-1.498902098103932E7
102600	-1.4989307217122003E7
102700	-1.4993835675491482E7
102800	-1.4990937108470093E7
102900	-1.498964769706687E7
103000	-1.4995309302315477E7
103100	-1.4986333470722137E7
103200	-1.4986020912075879E7
103300	-1.4986330500453481E7
103400	-1.4988920843645245E7
103500	-1.4988812614821412E7
103600	-1.4988845031976804E7
103700	-1.4988774305159777E7
103800	-1.4983421702927299E7
103900	-1.4988579820956754E7
104000	-1.4993272984603655E7
104100	-1.4986582659717524E7
104200	-1.4985239121518651E7
104300	-1.4988758263999337E7
104400	-1.4989147274426298E7
104500	-1.4988961108540548E7
104600	-1.4992665604070567E7
104700	-1.4992430812991079E7
104800	-1.4993338895627195E7
104900	-1.4988821695055364E7
105000	-1.4987518862307416E7
105100	-1.4989126687552126E7
105200	-1.4986630957703425E7
105300	-1.4992625007345054E7
105400	-1.499315246672387E7
105500	-1.499341346802503E7
105600	-1.4994296702158775E7
105700	-1.4991128262171194E7
105800	-1.499068166914282E7
105900	-1.4993034307841053E7
106000	-1.4989596095027655E7
106100	-1.4987355405329091E7
106200	-1.4985502837246291E7
106300	-1.4990534140467646E7
106400	-1.498870166645577E7
106500	-1.498659226448778E7
106600	-1.498466343985547E7
106700	-1.498743586211326E7
106800	-1.4985519775829207E7
106900	-1.4990417201465344E7
107000	-1.4989260411759261E7
107100	-1.498506717954642E7
107200	-1.498871732169066E7
107300	-1.4987217838897176E7
107400	-1.4987755420388052E7
107500	-1.498685942476942E7
107600	-1.4987345694868388E7
107700	-1.4986565283822406E7
107800	-1.498152422718167E7
107900	-1.4988277721836172E7
108000	-1.4989815230934441E7
108100	-1.4988945897468274E7
108200	-1.4988763912779244E7
108300	-1.4983811078209136E7
108400	-1.4982558432222078E7
108500	-1.4985615001417177E7
108600	-1.4987428495358229E7
108700	-1.4984827854572918E7
108800	-1.4990059786292499E7
108900	-1.4982160836232975E7
109000	-1.4987548572752701E7
109100	-1.4985927201756852E7
109200	-1.4985224880783558E7
109300	-1.4986053010190476E7
109400	-1.4985689811639614E7
109500	-1.4983168356954E7
109600	-1.4983846284162719E7
109700	-1.4986820745348897E7
109800	-1.4980434015917497E7
109900	-1.4985949238842828E7
110000	-1.4986903391813975E7
110100	-1.4985075190157453E7
110200	-1.4985501199919762E7
110300	-1.4982239473746078E7
110400	-1.4981261299800316E7
110500	-1.4984728085705526E7
110600	-1.4985864150378613E7
110700	-1.49834363372197E7
110800	-1.4982820351209909E7
110900	-1.498547323623579E7
111000	-1.4987314634149987E7
111100	-1.4987872438421575E7
111200	-1.498634073280417E7
111300	-1.4990466488592193E7
111400	-1.4986094446102358E7
111500	-1.4982465917154951E7
111600	-1.4983885104361705E7
111700	-1.4984273138634104E7
111800	-1.4983767641586546E7
111900	-1.4985555842062458E7
112000	-1.4988601722212048E7
112100	-1.4984752937436445E7
112200	-1.498173125841279E7
112300	-1.4979469489294818E7
112400	-1.498339174951617E7
112500	-1.4987887663186658E7
112600	-1.4981529649061982E7
112700	-1.497878976249493E7
112800	-1.497813753434303E7
112900	-1.4984645404989267E7
113000	-1.4981552606767463E7
113100	-1.498391569868798E7
113200	-1.4982894500063058E7
113300	-1.4987720797308829E7
113400	-1.4987045160666334E7
113500	-1.4983483802015023E7
113600	-1.49873943366939E7
113700	-1.4978558495009601E7
113800	-1.4983471590345014E7
113900	-1.4983564403098768E7
114000	-1.4981320327624936E7
114100	-1.497986674682354E7
114200	-1.4982565036100138E7
114300	-1.4984087406722253E7
114400	-1.498062955813566E7
114500	-1.4983634371106213E7
114600	-1.4983072828757701E7
114700	-1.4982712933657257E7
114800	-1.4986196799947256E7
114900	-1.4978602010656925E7
115000	-1.497637172659329E7
115100	-1.4980155308127616E7
115200	-1.4979937586033205E7
115300	-1.4981546270716833E7
115400	-1.4978769907679308E7
115500	-1.4983492553671729E7
115600	-1.4977942065303879E7
115700	-1.4982603783583004E7
115800	-1.4983916388628542E7
115900	-1.4985052563684192E7
116000	-1.49847154862878E7
116100	-1.4982633438097337E7
116200	-1.4980153513209013E7
116300	-1.4984192478774417E7
116400	-1.4991221926090127E7
116500	-1.4988862878291754E7
116600	-1.4986428018959649E7
116700	-1.498546868862469E7
116800	-1.4985550307840507E7
116900	-1.4983654875193583E7
117000	-1.4977612210323868E7
117100	-1.4986738744356332E7
117200	-1.498435971138579E7
117300	-1.498310294429361E7
117400	-1.4981253555135554E7
117500	-1.4983690745553542E7
117600	-1.498640702202689E7
117700	-1.498597662247309E7
117800	-1.4982195735630084E7
117900	-1.4984622008680882E7
118000	-1.4985080151473675E7
118100	-1.4984054531477587E7
118200	-1.4983713916458227E7
118300	-1.4981478786840478E7
118400	-1.498516929861824E7
118500	-1.4980823695036355E7
118600	-1.4985682669490704E7
118700	-1.4980175112541592E7
118800	-1.4982271259180127E7
118900	-1.4980347824612163E7
119000	-1.4977554796351498E7
119100	-1.4977233871022552E7
119200	-1.4981958965949643E7
119300	-1.4979202875585102E7
119400	-1.4977671108679349E7
119500	-1.4976814062378893E7
119600	-1.4981566880053902E7
119700	-1.4979788761613421E7
119800	-1.4979717449616276E7
119900	-1.4979467783987567E7
120000	-1.4978736744961042E7
120100	-1.4979973405188296E7
120200	-1.4979383736186666E7
120300	-1.4979994164403964E7
120400	-1.4982865408198453E7
120500	-1.4978335956927419E7
120600	-1.4976935071242902E7
120700	-1.4973301583615672E7
120800	-1.4979651017672611E7
120900	-1.4977440853603223E7
121000	-1.4978412130912231E7
121100	-1.4977835464627214E7
121200	-1.4978964036193937E7
121300	-1.498280488730846E7
121400	-1.4979715984106556E7
121500	-1.4980124810786838E7
121600	-1.4983034801018884E7
121700	-1.498139200965335E7
121800	-1.4985394163476426E7
121900	-1.4977286194420524E7
122000	-1.4978888118225098E7
122100	-1.4982268531153305E7
122200	-1.4983291549645022E7
122300	-1.4983666090787306E7
122400	-1.4988821784237094E7
122500	-1.4989879193013707E7
122600	-1.4985833631017549E7
122700	-1.4981597615643479E7
122800	-1.4980932669059692E7
122900	-1.4984042789417705E7
123000	-1.4985404638497718E7
123100	-1.4982463484924626E7
123200	-1.497806879202063E7
123300	-1.4976445150630832E7
123400	-1.4975355507601893E7
123500	-1.4979464963926718E7
123600	-1.4975676023260979E7
123700	-1.4974541192375634E7
123800	-1.4977009760270353E7
123900	-1.4979002553917393E7
124000	-1.4980618136790836E7
124100	-1.4978441379590947E7
124200	-1.4978327550976096E7
124300	-1.49771879684508E7
124400	-1.4978231984516837E7
124500	-1.497983519873343E7
124600	-1.4975825778633486E7
124700	-1.4971632345971517E7
124800	-1.4974361639347259E7
124900	-1.4979319378304165E7
125000	-1.4973751153419372E7
125100	-1.4977055178099435E7
125200	-1.497937338444388E7
125300	-1.497718163744533E7
125400	-1.49774677982305E7
125500	-1.4977778658518922E7
125600	-1.4979882166562878E7
125700	-1.4973002119029723E7
125800	-1.4974191356114145E7
125900	-1.497670541841866E7
126000	-1.4980565872377388E7
126100	-1.49787773204968E7
126200	-1.4985349498329036E7
126300	-1.498362056640664E7
126400	-1.4982310791530903E7
126500	-1.4979634940500628E7
126600	-1.4981650814095302E7
126700	-1.4979270928908661E7
126800	-1.4983148661974033E7
126900	-1.498129059887883E7
127000	-1.4984728700658405E7
127100	-1.4980142917537278E7
127200	-1.4981590384416716E7
127300	-1.4975244019877043E7
127400	-1.49783597490694E7
127500	-1.4982807508845273E7
127600	-1.4978329866274977E7
127700	-1.4981962011584274E7
127800	-1.497911448527579E7
127900	-1.4978601822460808E7
128000	-1.498031631410302E7
128100	-1.4982701009302773E7
128200	-1.4982258320637506E7
128300	-1.4983658867483487E7
128400	-1.4981437593196725E7
128500	-1.4982524508648708E7
128600	-1.4979582674231716E7
128700	-1.4982290916139008E7
128800	-1.4980236457394943E7
128900	-1.49811372258164E7
129000	-1.4985794588095978E7
129100	-1.4982097012412272E7
129200	-1.498312499993742E7
129300	-1.4981787601153823E7
129400	-1.4977549926232312E7
129500	-1.4975878245329333E7
129600	-1.4976856258803355E7
129700	-1.4975516268481238E7
129800	-1.4977675817078691E7
129900	-1.497741722095928E7
130000	-1.4980950281069137E7
130100	-1.4977718073885005E7
130200	-1.4978381540594613E7
130300	-1.4976404231064769E7
130400	-1.4976487364170177E7
130500	-1.497695125100214E7
130600	-1.4979025313593723E7
130700	-1.4982079360757297E7
130800	-1.4986267607758071E7
130900	-1.4985684656575575E7
131000	-1.498116981992219E7
131100	-1.4979516952034751E7
131200	-1.4981223258002806E7
131300	-1.4978843585547503E7
131400	-1.4979104585567126E7
131500	-1.4980048501312457E7
131600	-1.4980571387965491E7
131700	-1.4983247965013037E7
131800	-1.4981391811187215E7
131900	-1.4982001985704983E7
132000	-1.4981711612294853E7
132100	-1.4979667468071852E7
132200	-1.4976833741716648E7
132300	-1.4973475333747424E7
132400	-1.4976060199097939E7
132500	-1.4975902374990711E7
132600	-1.497593684430273E7
132700	-1.4974070798228731E7
132800	-1.4975192619061999E7
132900	-1.4979479002509039E7
133000	-1.4973848992686728E7
133100	-1.49783545410738E7
133200	-1.4980038598314399E7
133300	-1.4982144622510716E7
133400	-1.4977187469243547E7
133500	-1.4980719453417597E7
133600	-1.4978894883191597E7
133700	-1.4978277479732536E7
133800	-1.4971612760455633E7
133900	-1.4978404699160893E7
134000	-1.498070934041262E7
134100	-1.4975989197708175E7
134200	-1.497694679953278E7
134300	-1.4976878777587915E7
134400	-1.4977494771595431E7
134500	-1.4976154778507931E7
134600	-1.4982265833195595E7
134700	-1.4979261866872547E7
134800	-1.4976822929902125E7
134900	-1.4981237103951873E7
135000	-1.4976697908282725E7
135100	-1.4976898023851808E7
135200	-1.4978205124951223E7
135300	-1.4979874542270144E7
135400	-1.4973361847893467E7
135500	-1.4979125785548655E7
135600	-1.4976102233736876E7
135700	-1.4978492689385697E7
135800	-1.497203553277621E7
135900	-1.4969844327497758E7
136000	-1.4972552028523736E7
136100	-1.4976294052424477E7
136200	-1.4975361599804364E7
136300	-1.497909032108126E7
136400	-1.4983579875497965E7
136500	-1.4982668248875596E7
136600	-1.4979198945950642E7
136700	-1.4981057386709673E7
136800	-1.4981148343798244E7
136900	-1.4981803700805556E7
137000	-1.4978767534676965E7
137100	-1.4980953140190644E7
137200	-1.4980617590414016E7
137300	-1.4982972975036943E7
137400	-1.4978971295469457E7
137500	-1.4977053192817211E7
137600	-1.4976936674751297E7
137700	-1.4977333505918738E7
137800	-1.4975578032938855E7
137900	-1.497757198291966E7
138000	-1.4978355533551017E7
138100	-1.4977917850971647E7
138200	-1.4982350036353663E7
138300	-1.4982840404368576E7
138400	-1.498436874162646E7
138500	-1.4980605777507894E7
138600	-1.498478819164415E7
138700	-1.4979684077296464E7
138800	-1.4984151413370738E7
138900	-1.4981223166877985E7
139000	-1.4979732185436986E7
139100	-1.4979887154852502E7
139200	-1.4981377295649035E7
139300	-1.4984190670420693E7
139400	-1.497846081025753E7
139500	-1.4977853763507977E7
139600	-1.4976895418060215E7
139700	-1.4979211997766113E7
139800	-1.4979228611644074E7
139900	-1.4980014104827814E7
140000	-1.4981413928987784E7
140100	-1.49848001272748E7
140200	-1.4984621037818663E7
140300	-1.4983065661817072E7
140400	-1.4981493521217426E7
140500	-1.4982297496891968E7
140600	-1.498098544630794E7
140700	-1.4982961255048914E7
140800	-1.498543247123272E7
140900	-1.4985044692864852E7
141000	-1.4984109556673493E7
141100	-1.4982896318175282E7
141200	-1.4987362315485984E7
141300	-1.4985429005068537E7
141400	-1.4982959541147985E7
141500	-1.4983528136511724E7
141600	-1.4986301429555204E7
141700	-1.4988543023941534E7
141800	-1.4982952844255669E7
141900	-1.4980652827454122E7
142000	-1.4979603878029844E7
142100	-1.4980741178299213E7
142200	-1.4985396714102536E7
142300	-1.4982957085823622E7
142400	-1.4980636286295345E7
142500	-1.4979280015160149E7
142600	-1.49852909921968E7
142700	-1.4979553508938601E7
142800	-1.4988193713609844E7
142900	-1.498069059317542E7
143000	-1.4981857545752542E7
143100	-1.4980228491260422E7
143200	-1.4983677089297106E7
143300	-1.4981135804498844E7
143400	-1.498058024040417E7
143500	-1.4978835047991328E7
143600	-1.4976188879897265E7
143700	-1.4978299081244243E7
143800	-1.497419677831095E7
143900	-1.4978948876777615E7
144000	-1.4977682814791087E7
144100	-1.4982407963394819E7
144200	-1.4978119661196303E7
144300	-1.4982073772836253E7
144400	-1.4977077514838964E7
144500	-1.498347289574507E7
144600	-1.4979785161443787E7
144700	-1.4978088913044563E7
144800	-1.4974767099882634E7
144900	-1.4977086054736625E7
145000	-1.4979893953439483E7
145100	-1.4977320117743785E7
145200	-1.497861166510882E7
145300	-1.498305552602274E7
145400	-1.4975897481783044E7
145500	-1.49803442674595E7
145600	-1.4981868346328817E7
145700	-1.4983761965856198E7
145800	-1.4986331935322937E7
145900	-1.49845156368139E7
146000	-1.498068883364632E7
146100	-1.4982105103729729E7
146200	-1.4979550446161237E7
146300	-1.4984100479376582E7
146400	-1.4980646618250752E7
146500	-1.4979669575827211E7
146600	-1.4974224650380673E7
146700	-1.4975533201825412E7
146800	-1.497807550196356E7
146900	-1.4974562081676736E7
147000	-1.4981498722605074E7
147100	-1.4982508965383425E7
147200	-1.4973233240570355E7
147300	-1.4973289740275864E7
147400	-1.4980097128070582E7
147500	-1.4973880595802419E7
147600	-1.497758322907079E7
147700	-1.4981685515547788E7
147800	-1.498199629136488E7
147900	-1.498089365137917E7
148000	-1.4981288265177136E7
148100	-1.4979778192071099E7
148200	-1.4985075397568244E7
148300	-1.4977865975705212E7
148400	-1.4977159937820554E7
148500	-1.4979384090843724E7
148600	-1.497919676232768E7
148700	-1.497864041113415E7
148800	-1.497619100642395E7
148900	-1.497670856003914E7
149000	-1.497452927051144E7
149100	-1.4976179604394075E7
149200	-1.4976134129600089E7
149300	-1.497551858183626E7
149400	-1.497929747079863E7
149500	-1.4982934881190356E7
149600	-1.4979113063073497E7
149700	-1.4978655705676157E7
149800	-1.498115329500294E7
149900	-1.498018616828164E7
150000	-1.497563460586804E7
150100	-1.4973975182237938E7
150200	-1.4977648889181586E7
150300	-1.4971411361683827E7
150400	-1.4975987631191187E7
150500	-1.4974284494454823E7
150600	-1.4974091526678378E7
150700	-1.4976853074819077E7
150800	-1.4974423693598814E7
150900	-1.4979641415168675E7
151000	-1.4970890854936924E7
151100	-1.4970236051622871E7
151200	-1.497752614887551E7
151300	-1.4976065815081665E7
151400	-1.498164621518318E7
151500	-1.4979113561906775E7
151600	-1.4978526122154878E7
151700	-1.4978677203716181E7
151800	-1.4977174489803055E7
151900	-1.4972835678087113E7
152000	-1.4979976317401974E7
152100	-1.497745400237722E7
152200	-1.4972415297539724E7
152300	-1.497855217490265E7
152400	-1.4972936118773634E7
152500	-1.4974289139745979E7
152600	-1.4976022221669419E7
152700	-1.4977603845818335E7
152800	-1.4974809808715992E7
152900	-1.4976819969026126E7
153000	-1.4974962739762433E7
153100	-1.497608039852444E7
153200	-1.4969379931905633E7
153300	-1.4973234784073964E7
153400	-1.4971522936727822E7
153500	-1.4973189599621154E7
153600	-1.4970483758499006E7
153700	-1.4970696037412407E7
153800	-1.497383940702423E7
153900	-1.497012854792889E7
154000	-1.497413745006621E7
154100	-1.4973759176306853E7
154200	-1.4973190502843445E7
154300	-1.4971410683061326E7
154400	-1.497272706334872E7
154500	-1.4976342786620038E7
154600	-1.4976916345322857E7
154700	-1.4976737593583183E7
154800	-1.4980196985604132E7
154900	-1.4976661373891825E7
155000	-1.4974488522885974E7
155100	-1.4973903808771111E7
155200	-1.4975190093163291E7
155300	-1.4971647834009888E7
155400	-1.4982202024101142E7
155500	-1.4976687300885795E7
155600	-1.49758237706658E7
155700	-1.4975440938420821E7
155800	-1.4977203403409868E7
155900	-1.4974852925092101E7
156000	-1.4979883074801683E7
156100	-1.4982201089799056E7
156200	-1.4980928286899038E7
156300	-1.4978780074638229E7
156400	-1.497623058719294E7
156500	-1.4976225422703786E7
156600	-1.4978369509890907E7
156700	-1.497496728514189E7
156800	-1.498039088658239E7
156900	-1.4985506952803025E7
157000	-1.4973289029424058E7
157100	-1.497337359469102E7
157200	-1.49774513508731E7
157300	-1.497659214062854E7
157400	-1.4977475715861214E7
157500	-1.4972830195065206E7
157600	-1.4977074974372383E7
157700	-1.4975149910998872E7
157800	-1.4976891284464814E7
157900	-1.4971000086370038E7
158000	-1.4969680515101518E7
158100	-1.4972926685603442E7
158200	-1.4970851245780911E7
158300	-1.4969651305874292E7
158400	-1.4972660888659533E7
158500	-1.49694688736214E7
158600	-1.4969803227169964E7
158700	-1.497214039700694E7
158800	-1.4969078616864862E7
158900	-1.497393784004346E7
159000	-1.4972298002933236E7
159100	-1.4971435307396475E7
159200	-1.4975086762850765E7
159300	-1.4976413386547798E7
159400	-1.4975130077541068E7
159500	-1.4975096963865502E7
159600	-1.4979292019277012E7
159700	-1.4974998185391229E7
159800	-1.4972174114298798E7
159900	-1.4970980925110904E7
160000	-1.4974686493720474E7
160100	-1.4970778756831452E7
160200	-1.4975659896626223E7
160300	-1.4973826917433739E7
160400	-1.4975393002764788E7
160500	-1.497589681941592E7
160600	-1.497913464302658E7
160700	-1.4971695876965553E7
160800	-1.497231859203237E7
160900	-1.4973374142217731E7
161000	-1.4971740564178782E7
161100	-1.4972539553885214E7
161200	-1.4967863497508248E7
161300	-1.4976367391116485E7
161400	-1.498060875542676E7
161500	-1.497644543827541E7
161600	-1.4974168075370831E7
161700	-1.4980689005573966E7
161800	-1.4973727952530256E7
161900	-1.4971523936752701E7
162000	-1.4975094772814041E7
162100	-1.4976459763688765E7
162200	-1.4974600772245917E7
162300	-1.4969978319148391E7
162400	-1.4973001708800932E7
162500	-1.497438188835991E7
162600	-1.497403485709781E7
162700	-1.4974353062751684E7
162800	-1.4974893775240732E7
162900	-1.4972577497091293E7
163000	-1.4969592246716058E7
163100	-1.4968646397105638E7
163200	-1.4971872948105784E7
163300	-1.4975452345518611E7
163400	-1.4971063626542902E7
163500	-1.4971674747915706E7
163600	-1.4966572428102568E7
163700	-1.4974321690094104E7
163800	-1.497436335950378E7
163900	-1.4974686402104503E7
164000	-1.4972529049321262E7
164100	-1.4975896121688329E7
164200	-1.497522499853023E7
164300	-1.4967137309326611E7
164400	-1.4968204657647021E7
164500	-1.4971514769979564E7
164600	-1.4977285243304875E7
164700	-1.4974668577385964E7
164800	-1.497374962348341E7
164900	-1.4979719802244037E7
165000	-1.4979015784005212E7
165100	-1.4978394645517636E7
165200	-1.4973573017809493E7
165300	-1.4981064593796045E7
165400	-1.4976909972636173E7
165500	-1.4976786938518269E7
165600	-1.4976858678416844E7
165700	-1.497125222421351E7
165800	-1.4974742782321254E7
165900	-1.4976083975615487E7
166000	-1.4977073285825549E7
166100	-1.4978808597424127E7
166200	-1.497735249220137E7
166300	-1.4977447493001278E7
166400	-1.497400691022816E7
166500	-1.4980718636926472E7
166600	-1.497252076337555E7
166700	-1.4973054928653827E7
166800	-1.4970009033970108E7
166900	-1.4973469947250033E7
167000	-1.497194797698149E7
167100	-1.497520246156495E7
167200	-1.4971112560708642E7
167300	-1.4973254963300785E7
167400	-1.4972742624887906E7
167500	-1.497036993902141E7
167600	-1.4969987447852636E7
167700	-1.4971675543874413E7
167800	-1.49707813222004E7
167900	-1.497280327021561E7
168000	-1.497652554011469E7
168100	-1.4972490305779448E7
168200	-1.4975486411345683E7
168300	-1.4970316174216893E7
168400	-1.4977369131154984E7
168500	-1.4977357031408433E7
168600	-1.4977296902023803E7
168700	-1.4974027596808948E7
168800	-1.4973365109759577E7
168900	-1.4974554005900793E7
169000	-1.497702147875207E7
169100	-1.4976997510587277E7
169200	-1.497357343940045E7
169300	-1.4970238330753041E7
169400	-1.4974794592035979E7
169500	-1.4976344904455414E7
169600	-1.4973395927217804E7
169700	-1.4975553188827123E7
169800	-1.4976368649601499E7
169900	-1.4975370595391938E7
170000	-1.4975056210708017E7
170100	-1.4969140567034286E7
170200	-1.4976780068501012E7
170300	-1.4977915851223158E7
170400	-1.4973729614202002E7
170500	-1.49726460053586E7
170600	-1.4974586542944763E7
170700	-1.4973267786139995E7
170800	-1.4976626736821486E7
170900	-1.4970074752749749E7
171000	-1.4975417133868163E7
171100	-1.497177377964452E7
171200	-1.4973624422949191E7
171300	-1.4969368545510784E7
171400	-1.4973539922639415E7
171500	-1.4971737638505965E7
171600	-1.4971556347701047E7
171700	-1.49679936469174E7
171800	-1.4968028486706832E7
171900	-1.496774277729656E7
172000	-1.4966312439825336E7
172100	-1.4969296189957647E7
172200	-1.4973351541230312E7
172300	-1.496807254861125E7
172400	-1.4972785148504857E7
172500	-1.4976019974762723E7
172600	-1.4973538768379621E7
172700	-1.497409797645565E7
172800	-1.4970911910021195E7
172900	-1.497369083259301E7
173000	-1.4973900144241633E7
173100	-1.4971813681835935E7
173200	-1.497109618708389E7
173300	-1.497184201643505E7
173400	-1.497208444244109E7
173500	-1.49717675004806E7
173600	-1.497204029288939E7
173700	-1.4970771145459712E7
173800	-1.4968327309340028E7
173900	-1.4969840370204605E7
174000	-1.4969286577921364E7
174100	-1.4975452215392351E7
174200	-1.4974999840437556E7
174300	-1.497118932725689E7
174400	-1.4971491272662552E7
174500	-1.4974428339882562E7
174600	-1.4977395170413231E7
174700	-1.4980042666576214E7
174800	-1.497542026513326E7
174900	-1.4979861383466635E7
175000	-1.497484333228791E7
175100	-1.4974467924169445E7
175200	-1.4974351736713825E7
175300	-1.4973887798733355E7
175400	-1.4976023521220058E7
175500	-1.4973826260194348E7
175600	-1.4971549534357734E7
175700	-1.4975209043680636E7
175800	-1.4971445911702836E7
175900	-1.4976069583203373E7
176000	-1.4972190787647754E7
176100	-1.497331300248237E7
176200	-1.4970767258839386E7
176300	-1.4975686603218615E7
176400	-1.4979114508865224E7
176500	-1.4976834723865367E7
176600	-1.4972234569304094E7
176700	-1.4974881743787328E7
176800	-1.497513227087819E7
176900	-1.4973699615706082E7
177000	-1.4968777287174828E7
177100	-1.49716132075926E7
177200	-1.4977699645990858E7
177300	-1.4978519094394423E7
177400	-1.4976743447165398E7
177500	-1.4979695382499404E7
177600	-1.4976241384178571E7
177700	-1.4975189555211121E7
177800	-1.4969252080904668E7
177900	-1.4974565441820467E7
178000	-1.4974303697381668E7
178100	-1.4971228764705218E7
178200	-1.4966574650088381E7
178300	-1.4969592220286919E7
178400	-1.497165771739355E7
178500	-1.4974652549679605E7
178600	-1.4974948619638093E7
178700	-1.4973200768845845E7
178800	-1.4974332455039779E7
178900	-1.497294017871671E7
179000	-1.497700373658201E7
179100	-1.4976011052651187E7
179200	-1.4976937467714963E7
179300	-1.4977339603578193E7
179400	-1.4976457193708306E7
179500	-1.4971412606449177E7
179600	-1.4967711990319189E7
179700	-1.4969967114691341E7
179800	-1.4969358105919085E7
179900	-1.4969287899353307E7
180000	-1.4964071786081886E7
180100	-1.4966130807995575E7
180200	-1.496991285027183E7
180300	-1.4973207060982376E7
180400	-1.496796086440691E7
180500	-1.4973079641759943E7
180600	-1.4973547573299823E7
180700	-1.4971252015027927E7
180800	-1.4966840810902907E7
180900	-1.49727172759463E7
181000	-1.49704137904708E7
181100	-1.4970831381029582E7
181200	-1.4973573341336675E7
181300	-1.4968456625083068E7
181400	-1.4970023427944755E7
181500	-1.4972369825912124E7
181600	-1.4967010772914663E7
181700	-1.4971707763298608E7
181800	-1.4975368231238997E7
181900	-1.4978634514897594E7
182000	-1.4976650363468776E7
182100	-1.4970580549876506E7
182200	-1.4973927574374514E7
182300	-1.4972739929504404E7
182400	-1.4975856124222757E7
182500	-1.4976646461527286E7
182600	-1.497736136687854E7
182700	-1.4974120723946325E7
182800	-1.4976033227385135E7
182900	-1.4970534314610068E7
183000	-1.4974914163526902E7
183100	-1.4975539451192357E7
183200	-1.4973447350161608E7
183300	-1.4973894632530423E7
183400	-1.4972685488697011E7
183500	-1.49718068703696E7
183600	-1.4974051746185398E7
183700	-1.497465060036864E7
183800	-1.4971824607045421E7
183900	-1.4979187303222211E7
184000	-1.497707142769233E7
184100	-1.4977098283090513E7
184200	-1.4971410207375526E7
184300	-1.4973685088784333E7
184400	-1.49710608407503E7
184500	-1.4974491093429085E7
184600	-1.4972849263714964E7
184700	-1.497478390706995E7
184800	-1.4971438684453392E7
184900	-1.4972938497046856E7
185000	-1.497947987174712E7
185100	-1.497060465174351E7
185200	-1.4974251471633822E7
185300	-1.4973012627913726E7
185400	-1.4975678266189262E7
185500	-1.4976533511976693E7
185600	-1.4967689760731058E7
185700	-1.4972572271374146E7
185800	-1.4968018570522763E7
185900	-1.4971088666279431E7
186000	-1.4969094030462947E7
186100	-1.4972495398160392E7
186200	-1.4971843688433722E7
186300	-1.4974563746778687E7
186400	-1.496923084103082E7
186500	-1.4971034332594912E7
186600	-1.497581565155086E7
186700	-1.4969157580921069E7
186800	-1.497665451028156E7
186900	-1.4971868185078796E7
187000	-1.4972057430183884E7
187100	-1.4977578335779678E7
187200	-1.497596434696497E7
187300	-1.497583793738291E7
187400	-1.4981030079403039E7
187500	-1.4976060327682108E7
187600	-1.4969275273719696E7
187700	-1.496990616347514E7
187800	-1.497541282726742E7
187900	-1.4969626629351046E7
188000	-1.4973606549390322E7
188100	-1.496934375715833E7
188200	-1.4970238188627481E7
188300	-1.4973314839397281E7
188400	-1.4967022534779165E7
188500	-1.4965841155573614E7
188600	-1.4969687144650858E7
188700	-1.4964177489859857E7
188800	-1.4967396613819014E7
188900	-1.4966279880151907E7
189000	-1.4969791129411634E7
189100	-1.4966940996603614E7
189200	-1.4970538006329847E7
189300	-1.496732069771693E7
189400	-1.496855790321914E7
189500	-1.4969189772396257E7
189600	-1.4968859243657729E7
189700	-1.4970020307301775E7
189800	-1.4968083869377142E7
189900	-1.4974948471750319E7
190000	-1.49703592834967E7
190100	-1.496982516026869E7
190200	-1.49735981844671E7
190300	-1.4971283890754644E7
190400	-1.496965057302759E7
190500	-1.497269016223193E7
190600	-1.4972250276184551E7
190700	-1.4974624571711993E7
190800	-1.4970905951169696E7
190900	-1.4975549998165233E7
191000	-1.4975409695777763E7
191100	-1.4974921963628614E7
191200	-1.4968962671038464E7
191300	-1.497135729381454E7
191400	-1.4968176559751622E7
191500	-1.4968150258413298E7
191600	-1.497018899323776E7
191700	-1.4970455686359387E7
191800	-1.4966760630778352E7
191900	-1.4972414552997157E7
192000	-1.4975246066663126E7
192100	-1.4973578165381847E7
192200	-1.4975088551758215E7
192300	-1.497554397339788E7
192400	-1.4966596339165745E7
192500	-1.4971341360921443E7
192600	-1.4971655429325959E7
192700	-1.4972431354275344E7
192800	-1.4972871935263025E7
192900	-1.4971869226839902E7
193000	-1.4969746711634304E7
193100	-1.4971853182586148E7
193200	-1.496944728577792E7
193300	-1.4972354512493638E7
193400	-1.4972131970878292E7
193500	-1.497324402750492E7
193600	-1.4971896995286485E7
193700	-1.4973898104462134E7
193800	-1.4975954483775778E7
193900	-1.4976391420270678E7
194000	-1.4974213319704248E7
194100	-1.4970683631152356E7
194200	-1.4970292872613616E7
194300	-1.4971605555479014E7
194400	-1.4975020749352213E7
194500	-1.4972449159382094E7
194600	-1.4971587543091157E7
194700	-1.4979894877027849E7
194800	-1.497271221592486E7
194900	-1.4973747555395024E7
195000	-1.497029214542517E7
195100	-1.4969209458444247E7
195200	-1.4972190193423856E7
195300	-1.4972567001999343E7
195400	-1.4972053811613E7
195500	-1.4974675723263564E7
195600	-1.4969411663255438E7
195700	-1.4974792924930537E7
195800	-1.4976439290594207E7
195900	-1.4969699618652837E7
196000	-1.4975742606452616E7
196100	-1.4973284299028216E7
196200	-1.4972167991539894E7
196300	-1.4972737589849569E7
196400	-1.497325239047396E7
196500	-1.497318000938304E7
196600	-1.4968535896361304E7
196700	-1.496872629921479E7
196800	-1.496992521528273E7
196900	-1.4972987754143959E7
197000	-1.4969339606442323E7
197100	-1.4972882063533671E7
197200	-1.4970543450790277E7
197300	-1.4971670704908771E7
197400	-1.4966226337953417E7
197500	-1.4972223920942167E7
197600	-1.4969235833668267E7
197700	-1.4969456564373137E7
197800	-1.4975971068633478E7
197900	-1.4970726943864968E7
198000	-1.4971591356210029E7
198100	-1.497649273756362E7
198200	-1.4974827740899986E7
198300	-1.4971290130863179E7
198400	-1.4972333217851339E7
198500	-1.497260259944897E7
198600	-1.4971281267302873E7
198700	-1.4971803195861675E7
198800	-1.497594460252154E7
198900	-1.4972575494716153E7
199000	-1.4968056067741562E7
199100	-1.4969778547317171E7
199200	-1.4969785744943013E7
199300	-1.4969912589656727E7
199400	-1.4969995136460496E7
199500	-1.4968650597973522E7
199600	-1.4968404063558118E7
199700	-1.4967585125211392E7
199800	-1.4966142404932167E7
199900	-1.496844191522072E7
200000	-1.496861439385684E7
200100	-1.496927135047387E7
200200	-1.4973811784376008E7
200300	-1.4972678530529626E7
200400	-1.4968661550020525E7
200500	-1.4969804405382242E7
200600	-1.4969266292844882E7
200700	-1.4971240379857708E7
200800	-1.4969395641473616E7
200900	-1.4970917969812384E7
201000	-1.4971351183418892E7
201100	-1.4973517973918239E7
201200	-1.4973290043354522E7
201300	-1.4974411405816512E7
201400	-1.4969827359173477E7
201500	-1.4972392067592563E7
201600	-1.4970569304874102E7
201700	-1.4969821925744578E7
201800	-1.4968976122305585E7
201900	-1.4971688270616276E7
202000	-1.4968026138293494E7
202100	-1.497028816164411E7
202200	-1.4969152551590094E7
202300	-1.4969413918959053E7
202400	-1.496436079250992E7
202500	-1.4972560823692791E7
202600	-1.4969951405845072E7
202700	-1.497310784997465E7
202800	-1.4970540120439729E7
202900	-1.4968785623504682E7
203000	-1.4970512346357843E7
203100	-1.4971669591767808E7
203200	-1.4971213098646117E7
203300	-1.4971125747337796E7
203400	-1.4969400569907311E7
203500	-1.4972716713505745E7
203600	-1.4973463794513451E7
203700	-1.4975223526415631E7
203800	-1.4974731766804164E7
203900	-1.4972464192583656E7
204000	-1.4973987802554378E7
204100	-1.4974637563970618E7
204200	-1.497386788530492E7
204300	-1.4968961978852656E7
204400	-1.4973371431435827E7
204500	-1.4972870838783093E7
204600	-1.4973102678391112E7
204700	-1.4970826240893336E7
204800	-1.496751281535106E7
204900	-1.4976180510584889E7
205000	-1.4978031771261126E7
205100	-1.4973486062018938E7
205200	-1.4976089133225866E7
205300	-1.496293922484646E7
205400	-1.49730245981352E7
205500	-1.4966095503359932E7
205600	-1.4971816901814455E7
205700	-1.4969401711743167E7
205800	-1.4966436701141642E7
205900	-1.4966873774885844E7
206000	-1.496715011943038E7
206100	-1.4967758037119068E7
206200	-1.4972422753466882E7
206300	-1.4966316659103967E7
206400	-1.4966870035586637E7
206500	-1.4969033361634837E7
206600	-1.4963345025681393E7
206700	-1.4974755127739057E7
206800	-1.497884376933944E7
206900	-1.4973808141597955E7
207000	-1.4970118658243772E7
207100	-1.4976067919053202E7
207200	-1.4972193703599209E7
207300	-1.4973029307006698E7
207400	-1.4973835878610851E7
207500	-1.4968130330980418E7
207600	-1.4970880223158201E7
207700	-1.4971578869696008E7
207800	-1.4967195683365008E7
207900	-1.496261391894449E7
208000	-1.4967013676806336E7
208100	-1.4971219691100847E7
208200	-1.4969861905476969E7
208300	-1.4969297840365652E7
208400	-1.4968159760946171E7
208500	-1.496377877389176E7
208600	-1.4972964511646817E7
208700	-1.4964525626852363E7
208800	-1.496788633251043E7
208900	-1.4964498031814976E7
209000	-1.4966307765731553E7
209100	-1.4965770148150919E7
209200	-1.4968810905130805E7
209300	-1.4969154060987249E7
209400	-1.4970463439997861E7
209500	-1.4965080596081903E7
209600	-1.496528759848671E7
209700	-1.4962670614465535E7
209800	-1.496450989075497E7
209900	-1.4965834248544792E7
210000	-1.496453970867824E7
210100	-1.4963983298532596E7
210200	-1.4965105613727763E7
210300	-1.4967562621782355E7
210400	-1.4967811397741683E7
210500	-1.4965070978487996E7
210600	-1.4972005287442468E7
210700	-1.4976216607005123E7
210800	-1.4974878304861797E7
210900	-1.4969680391407201E7
211000	-1.497257414554338E7
211100	-1.49702245491756E7
211200	-1.497309367018887E7
211300	-1.496822792769092E7
211400	-1.4968657793436525E7
211500	-1.496912428222321E7
211600	-1.4971890859471198E7
211700	-1.4973404658342997E7
211800	-1.4970583927746842E7
211900	-1.4973055135520235E7
212000	-1.496706737698678E7
212100	-1.4968861415958269E7
212200	-1.4969677516508143E7
212300	-1.4970553991242727E7
212400	-1.4966475176095359E7
212500	-1.4969529368372267E7
212600	-1.497232421634502E7
212700	-1.4969134839851705E7
212800	-1.4971058908673212E7
212900	-1.4971655854802744E7
213000	-1.4965629681738244E7
213100	-1.4968952966355653E7
213200	-1.4967810772738121E7
213300	-1.4967280707830835E7
213400	-1.4967874234011602E7
213500	-1.4962633556637019E7
213600	-1.4971813778178686E7
213700	-1.4969414302543357E7
213800	-1.4969799734130958E7
213900	-1.496903914152965E7
214000	-1.4968930124650903E7
214100	-1.497248379586554E7
214200	-1.4965825909738151E7
214300	-1.4966653372341434E7
214400	-1.4967114524907982E7
214500	-1.4967040298980428E7
214600	-1.4965961113201283E7
214700	-1.4966528930964649E7
214800	-1.4972146996251147E7
214900	-1.496918665618226E7
215000	-1.4967965789184298E7
215100	-1.4967989271760365E7
215200	-1.4971379916765036E7
215300	-1.4970215959238753E7
215400	-1.4976037182177646E7
215500	-1.4974349497120986E7
215600	-1.4964944056638522E7
215700	-1.4965206847978618E7
215800	-1.4969633037571505E7
215900	-1.4968184473345462E7
216000	-1.4970460175900467E7
216100	-1.4973166647632733E7
216200	-1.4975892675281797E7
216300	-1.4976624067098424E7
216400	-1.4974646807505505E7
216500	-1.4973193709390268E7
216600	-1.4977370329513552E7
216700	-1.4975510147815324E7
216800	-1.4972872025131471E7
216900	-1.4968382741032071E7
217000	-1.4966826311788524E7
217100	-1.4971521477380943E7
217200	-1.4968715380410157E7
217300	-1.4967678069029257E7
217400	-1.4970787939546188E7
217500	-1.497694598060416E7
217600	-1.4972666001396937E7
217700	-1.496665642041823E7
217800	-1.4970846625399152E7
217900	-1.4968379661474606E7
218000	-1.497086610371813E7
218100	-1.4968496794796426E7
218200	-1.4967262286964219E7
218300	-1.4973922482449085E7
218400	-1.497726890249517E7
218500	-1.4971699686743034E7
218600	-1.4972893169092659E7
218700	-1.4976296499485571E7
218800	-1.4970678920405833E7
218900	-1.4973902354144443E7
219000	-1.4974946516648471E7
219100	-1.4974294776553761E7
219200	-1.497118791214366E7
219300	-1.4971086251052735E7
219400	-1.4970708778362576E7
219500	-1.4971542574475707E7
219600	-1.4971144306710288E7
219700	-1.496679928277012E7
219800	-1.4969769506598832E7
219900	-1.4971326979909081E7
220000	-1.4973526636710119E7
220100	-1.4971527968414087E7
220200	-1.4974213133317797E7
220300	-1.4972157365673311E7
220400	-1.4968455401084123E7
220500	-1.4971511795313194E7
220600	-1.4969127515153265E7
220700	-1.4970605404621283E7
220800	-1.4968673721504856E7
220900	-1.4973177609152908E7
221000	-1.496839134182132E7
221100	-1.4967535607347326E7
221200	-1.4970365813283762E7
221300	-1.4967216529503277E7
221400	-1.4965860365449805E7
221500	-1.4967497630826235E7
221600	-1.4967928267487856E7
221700	-1.4967693971158959E7
221800	-1.496478371894758E7
221900	-1.4970086913909629E7
222000	-1.4967954599621227E7
222100	-1.4963648741943011E7
222200	-1.496243378462264E7
222300	-1.496741501002142E7
222400	-1.4971712032772545E7
222500	-1.4964946546091186E7
222600	-1.4970308684682894E7
222700	-1.4967844894523757E7
222800	-1.4968841881716067E7
222900	-1.4966465295013087E7
223000	-1.4965386606176784E7
223100	-1.4964464589303356E7
223200	-1.4965610801204432E7
223300	-1.4963597121304035E7
223400	-1.4969099226615634E7
223500	-1.4967299407127835E7
223600	-1.4969149861154135E7
223700	-1.4966735822155211E7
223800	-1.496834283204953E7
223900	-1.4967947821852127E7
224000	-1.4968086099874616E7
224100	-1.4965902342038255E7
224200	-1.4963009347179454E7
224300	-1.4971456136857823E7
224400	-1.497342287980793E7
224500	-1.4971013918717515E7
224600	-1.4966396201785171E7
224700	-1.497069056487185E7
224800	-1.4971997127390627E7
224900	-1.496766779270316E7
225000	-1.496752996824023E7
225100	-1.4970365731298186E7
225200	-1.4969776214449313E7
225300	-1.4969907928577207E7
225400	-1.496844298667972E7
225500	-1.4968827463201305E7
225600	-1.49718123733589E7
225700	-1.4969053882754296E7
225800	-1.4970077859065026E7
225900	-1.496847914146998E7
226000	-1.4974256668150198E7
226100	-1.4972981977328E7
226200	-1.4969099908833092E7
226300	-1.4970106403573826E7
226400	-1.4974282813994313E7
226500	-1.4973091959192103E7
226600	-1.4972034245968204E7
226700	-1.4970149522624614E7
226800	-1.4967857568395872E7
226900	-1.4966312572457433E7
227000	-1.4974039380342724E7
227100	-1.4967502948559683E7
227200	-1.496879878614332E7
227300	-1.4971635548407512E7
227400	-1.4963868323081242E7
227500	-1.4969821164764175E7
227600	-1.4970129754202647E7
227700	-1.4970794349115822E7
227800	-1.4968310907875005E7
227900	-1.496836283018448E7
228000	-1.4970913240436023E7
228100	-1.4971213400283534E7
228200	-1.4966281538805153E7
228300	-1.4972024659134988E7
228400	-1.4971058165681656E7
228500	-1.4966767640576247E7
228600	-1.4971741708083605E7
228700	-1.4971030353139833E7
228800	-1.4967679865703851E7
228900	-1.4965929612471228E7
229000	-1.4972164237511873E7
229100	-1.4970372463088771E7
229200	-1.497306265369782E7
229300	-1.497201617449806E7
229400	-1.4971624289914392E7
229500	-1.4977731277453147E7
229600	-1.4974481378284622E7
229700	-1.4969926095317574E7
229800	-1.4974886749719214E7
229900	-1.4974274267438883E7
230000	-1.497672111036729E7
230100	-1.497425929145691E7
230200	-1.4972929871849025E7
230300	-1.4976036839673368E7
230400	-1.4972300338367628E7
230500	-1.4974701105509114E7
230600	-1.4967895261058293E7
230700	-1.4969450445222784E7
230800	-1.496863877315424E7
230900	-1.4966640254828757E7
231000	-1.4972798355227286E7
231100	-1.4969180175977396E7
231200	-1.4969703879131643E7
231300	-1.4967570885227341E7
231400	-1.4969607019048609E7
231500	-1.4973528780321332E7
231600	-1.497322345315555E7
231700	-1.4975314185165126E7
231800	-1.4969576257237775E7
231900	-1.4977104683844114E7
232000	-1.4973615354234822E7
232100	-1.4970358155593043E7
232200	-1.4973204549169753E7
232300	-1.4974189203763802E7
232400	-1.497289000485084E7
232500	-1.4972733090392277E7
232600	-1.4976908166622093E7
232700	-1.4976955190220146E7
232800	-1.497460033342747E7
232900	-1.4976002186846353E7
233000	-1.4983071318537554E7
233100	-1.4973030635034392E7
233200	-1.4971290077253742E7
233300	-1.4971031350771323E7
233400	-1.497623587236355E7
233500	-1.4974045344462203E7
233600	-1.4968287272049142E7
233700	-1.4968507236248555E7
233800	-1.497431681585574E7
233900	-1.4974325378858592E7
234000	-1.4976247894903501E7
234100	-1.4977110319268242E7
234200	-1.4977830149404395E7
234300	-1.4975516695657903E7
234400	-1.4970341895499937E7
234500	-1.4973168966585083E7
234600	-1.4971218453462766E7
234700	-1.4973311774015807E7
234800	-1.4972059286633683E7
234900	-1.4978265450931577E7
235000	-1.4970995200668138E7
235100	-1.4970952120770007E7
235200	-1.4969152456873912E7
235300	-1.4975961456252236E7
235400	-1.4976929104651395E7
235500	-1.4971789088063592E7
235600	-1.497040081399838E7
235700	-1.4973819440901075E7
235800	-1.4978091104133852E7
235900	-1.4979587948236154E7
236000	-1.4969472944829324E7
236100	-1.4970224082367249E7
236200	-1.4974065817234403E7
236300	-1.497301879030732E7
236400	-1.497425359450014E7
236500	-1.4980057310732534E7
236600	-1.497649225414631E7
236700	-1.4971285674630862E7
236800	-1.4973951190959388E7
236900	-1.497531288547766E7
237000	-1.4970627947403315E7
237100	-1.4973883362108137E7
237200	-1.497206045702388E7
237300	-1.4973419330098424E7
237400	-1.4970448793488648E7
237500	-1.4969346165705191E7
237600	-1.4975050047990702E7
237700	-1.4975774585669965E7
237800	-1.4974109191010667E7
237900	-1.4971031015293764E7
238000	-1.4971054966728196E7
238100	-1.4972919755730344E7
238200	-1.4970737552134445E7
238300	-1.4974651352656884E7
238400	-1.497097136964747E7
238500	-1.4966816530952746E7
238600	-1.4970874264788538E7
238700	-1.4967320585100051E7
238800	-1.4969158169326408E7
238900	-1.4965388575471135E7
239000	-1.4967762435906662E7
239100	-1.4965970304918123E7
239200	-1.4966502061694248E7
239300	-1.496093360827131E7
239400	-1.4959315371206291E7
239500	-1.4957628565243645E7
239600	-1.496128676412696E7
239700	-1.4965805923128365E7
239800	-1.4960234890288794E7
239900	-1.4962744030298118E7
240000	-1.4965588834268074E7
240100	-1.4965027820617974E7
240200	-1.4967167006024659E7
240300	-1.4970023833038291E7
240400	-1.4969237237585679E7
240500	-1.4964051496545626E7
240600	-1.4966161467731206E7
240700	-1.4969474057701597E7
240800	-1.4970988440070575E7
240900	-1.4964740313481918E7
241000	-1.4967625710799236E7
241100	-1.4969701012484595E7
241200	-1.4966092282014819E7
241300	-1.4962212335178997E7
241400	-1.4964472518664733E7
241500	-1.4969125831604108E7
241600	-1.4968561782407954E7
241700	-1.4964919874457972E7
241800	-1.4962280966021469E7
241900	-1.496541824586078E7
242000	-1.4963869499215426E7
242100	-1.4966469056527589E7
242200	-1.4966238631630141E7
242300	-1.4969238124004107E7
242400	-1.4969401806506857E7
242500	-1.4965636442203837E7
242600	-1.4967922810605075E7
242700	-1.4964706231515585E7
242800	-1.4968781730970824E7
242900	-1.4962690146861775E7
243000	-1.4967438448201768E7
243100	-1.4967184356635232E7
243200	-1.4970641011605265E7
243300	-1.4972120239976767E7
243400	-1.4969170473983686E7
243500	-1.496764174543066E7
243600	-1.4967910370551059E7
243700	-1.4967302948970905E7
243800	-1.4967864536232242E7
243900	-1.4969960443326715E7
244000	-1.4970541717000714E7
244100	-1.496840039185976E7
244200	-1.4969088149538988E7
244300	-1.4965371716996524E7
244400	-1.4964786483922571E7
244500	-1.496138543241844E7
244600	-1.4965568252932435E7
244700	-1.4963194060821477E7
244800	-1.4964385822190708E7
244900	-1.496342680914845E7
245000	-1.4964360783449167E7
245100	-1.4962227137927942E7
245200	-1.497052751482661E7
245300	-1.4966701879872024E7
245400	-1.4968837358214218E7
245500	-1.4966473660041768E7
245600	-1.4967673659511467E7
245700	-1.4971279170482006E7
245800	-1.4965138120813461E7
245900	-1.496612192789959E7
246000	-1.4965884257084632E7
246100	-1.4968326404023455E7
246200	-1.4964421931171196E7
246300	-1.496817204318178E7
246400	-1.4969635863863856E7
246500	-1.4966438168094123E7
246600	-1.4963056543563694E7
246700	-1.4971685236687696E7
246800	-1.4967444988663107E7
246900	-1.4968168904703975E7
247000	-1.4969216635412104E7
247100	-1.496336498559745E7
247200	-1.4970674382291099E7
247300	-1.4964274303142752E7
247400	-1.4963098430434583E7
247500	-1.496564868469462E7
247600	-1.4965773584540442E7
247700	-1.496120659225476E7
247800	-1.4969861211780477E7
247900	-1.4966854066004772E7
248000	-1.4965293211411009E7
248100	-1.4967457349503156E7
248200	-1.4967728839962931E7
248300	-1.4960758523616295E7
248400	-1.496641115458448E7
248500	-1.4966859911667226E7
248600	-1.4967089728438063E7
248700	-1.4969745355931776E7
248800	-1.4971288140632244E7
248900	-1.4966398372995833E7
249000	-1.4971017969558949E7
249100	-1.4969203756872788E7
249200	-1.4968414950096162E7
249300	-1.4970318694277832E7
249400	-1.4967656445151618E7
249500	-1.4970120991072357E7
249600	-1.4971269208304955E7
249700	-1.4968846674091958E7
249800	-1.4968466881642837E7
249900	-1.4967365537471505E7
250000	-1.49629463325035E7
250100	-1.496586479355388E7
250200	-1.4970608328114707E7
250300	-1.4963955976201518E7
250400	-1.4970584571061902E7
250500	-1.4961221633371249E7
250600	-1.4967442862798678E7
250700	-1.49680300525872E7
250800	-1.496347939257326E7
250900	-1.4963507200514365E7
251000	-1.4962819733893003E7
251100	-1.4966667970211536E7
251200	-1.4966213984334834E7
251300	-1.4966910241421135E7
251400	-1.4966718594708825E7
251500	-1.496926620644865E7
251600	-1.4965377138853528E7
251700	-1.4968190429638697E7
251800	-1.4970115001513233E7
251900	-1.4969661713781185E7
252000	-1.4970009026941642E7
252100	-1.4964572662219752E7
252200	-1.4967657112261273E7
252300	-1.4967523037312794E7
252400	-1.4966932408831675E7
252500	-1.4966508382546745E7
252600	-1.4966519301942287E7
252700	-1.4968061955706293E7
252800	-1.4973130550165812E7
252900	-1.4968051653297164E7
253000	-1.4968251620634489E7
253100	-1.497286509095314E7
253200	-1.496820836672844E7
253300	-1.4966617750694256E7
253400	-1.4972370795609418E7
253500	-1.4966789773583505E7
253600	-1.497133438827037E7
253700	-1.4967869352837628E7
253800	-1.4968097897502739E7
253900	-1.4968317435153177E7
254000	-1.4968655235248985E7
254100	-1.4962963207865939E7
254200	-1.4965232353048958E7
254300	-1.4964263999153938E7
254400	-1.496679180982993E7
254500	-1.4967627417004464E7
254600	-1.4965301770377025E7
254700	-1.4963142294557218E7
254800	-1.4960522479520103E7
254900	-1.4970038521418538E7
255000	-1.4964761282258132E7
255100	-1.4961428831244811E7
255200	-1.4956324208939621E7
255300	-1.4959075392518517E7
255400	-1.4957722768958233E7
