0	-1.5416781443024246E7
100	-1.5398113357615707E7
200	-1.5317550568410566E7
300	-1.5312000212187968E7
400	-1.5314227425039433E7
500	-1.5325923573106581E7
600	-1.5330748770623162E7
700	-1.5328907575941721E7
800	-1.5314053451244775E7
900	-1.5288411804891149E7
1000	-1.5263583928770626E7
1100	-1.5251764158558693E7
1200	-1.523620961480955E7
1300	-1.5222562713715456E7
1400	-1.5215868291371297E7
1500	-1.520666759921348E7
1600	-1.5198843087691592E7
1700	-1.5192050282650502E7
1800	-1.518448623058136E7
1900	-1.5183752932423564E7
2000	-1.5180275034650385E7
2100	-1.517546354665102E7
2200	-1.5171914945747053E7
2300	-1.5173476764103992E7
2400	-1.5170525939868044E7
2500	-1.5169873857660942E7
2600	-1.51649813950115E7
2700	-1.516007462549283E7
2800	-1.5155862803882482E7
2900	-1.5157354875604354E7
3000	-1.51508444691848E7
3100	-1.5147952796809195E7
3200	-1.5150272937139528E7
3300	-1.5149449966316082E7
3400	-1.51467662662373E7
3500	-1.514475916482722E7
3600	-1.514217465002068E7
3700	-1.514012719408908E7
3800	-1.5137733850232974E7
3900	-1.5140882707617238E7
4000	-1.514311435576272E7
4100	-1.5136533020897418E7
4200	-1.5134727004556533E7
4300	-1.513577903537963E7
4400	-1.5133856736366296E7
4500	-1.5132987521825558E7
4600	-1.5131227922378505E7
4700	-1.5131370225940641E7
4800	-1.5130225766458616E7
4900	-1.5125387205563726E7
5000	-1.5125160730972366E7
5100	-1.5126891297078785E7
5200	-1.5124291980862016E7
5300	-1.5119139128098147E7
5400	-1.5117729233390003E7
5500	-1.5114672603197467E7
5600	-1.5114207583264766E7
5700	-1.5111374605426285E7
5800	-1.5108392469666447E7
5900	-1.5111289117356693E7
6000	-1.5104409130119666E7
6100	-1.5104831970714075E7
6200	-1.5099306464088514E7
6300	-1.509959515746566E7
6400	-1.5095680304309046E7
6500	-1.5094342173541052E7
6600	-1.5094180941604977E7
6700	-1.5090975919388045E7
6800	-1.5089599607721223E7
6900	-1.508816130712546E7
7000	-1.50872431272825E7
7100	-1.508663861584157E7
7200	-1.5083748674191292E7
7300	-1.5082067608858375E7
7400	-1.5082261064359875E7
7500	-1.5086728479221102E7
7600	-1.5081238407721126E7
7700	-1.5081369086772405E7
7800	-1.5079737572126241E7
7900	-1.5075175576793604E7
8000	-1.5073775154132707E7
8100	-1.507077873096285E7
8200	-1.5067098260194436E7
8300	-1.5068895056056162E7
8400	-1.5067345973546468E7
8500	-1.5066333907348705E7
8600	-1.5064992794661261E7
8700	-1.5062746578178E7
8800	-1.5064015010181647E7
8900	-1.5060852163250633E7
9000	-1.505869607952636E7
9100	-1.5059706463064011E7
9200	-1.506006672909514E7
9300	-1.505424601751359E7
9400	-1.5052774785555147E7
9500	-1.5054851902868843E7
9600	-1.5056175668560589E7
9700	-1.5055552406334756E7
9800	-1.5060493016817689E7
9900	-1.505176608043052E7
10000	-1.5051501528678615E7
10100	-1.50475553208579E7
10200	-1.5051726819396058E7
10300	-1.504695523911359E7
10400	-1.5049620803393492E7
10500	-1.505059228266894E7
10600	-1.5041062375763033E7
10700	-1.504485891536738E7
10800	-1.5044321104860367E7
10900	-1.5046345591903944E7
11000	-1.504739799493521E7
11100	-1.5047840724689633E7
11200	-1.5045304546897128E7
11300	-1.5048609458825583E7
11400	-1.5046412637145437E7
11500	-1.5044242394171277E7
11600	-1.5050956984689787E7
11700	-1.5044261269447468E7
11800	-1.5044427965424215E7
11900	-1.5040266157700477E7
12000	-1.503878619369253E7
12100	-1.50415345870865E7
12200	-1.5040829886576634E7
12300	-1.5041866732192637E7
12400	-1.5038130078401947E7
12500	-1.5038804452945342E7
12600	-1.5042849459279582E7
12700	-1.5038003347688569E7
12800	-1.503650064924065E7
12900	-1.5038695662248949E7
13000	-1.50388313532959E7
13100	-1.5033866439693619E7
13200	-1.5037306042310053E7
13300	-1.5038362231817093E7
13400	-1.503263807988878E7
13500	-1.5033094226857485E7
13600	-1.5035753805611597E7
13700	-1.5031405050294483E7
13800	-1.5031336010898922E7
13900	-1.503683056371684E7
14000	-1.5031195103590434E7
14100	-1.5029935973814253E7
14200	-1.5032793579334976E7
14300	-1.5031984067522902E7
14400	-1.5031451970884318E7
14500	-1.5029913312041847E7
14600	-1.5026974166871956E7
14700	-1.5023234870437551E7
14800	-1.5028642630076816E7
14900	-1.5030311754300162E7
15000	-1.5031964616565565E7
15100	-1.5030203770492923E7
15200	-1.503443656620308E7
15300	-1.5033665391900081E7
15400	-1.5033089011425113E7
15500	-1.5028123070427286E7
15600	-1.5033485158843616E7
15700	-1.5034997435512366E7
15800	-1.5032891049001079E7
15900	-1.5029880210591143E7
16000	-1.5030991762980761E7
16100	-1.5030126326583084E7
16200	-1.5033255481642872E7
16300	-1.5028338739130557E7
16400	-1.5030481612442797E7
16500	-1.502840840001101E7
16600	-1.5027485274454767E7
16700	-1.5030087606069606E7
16800	-1.5030967599466886E7
16900	-1.5024242754922848E7
17000	-1.5028194837182276E7
17100	-1.5027125135858594E7
17200	-1.5028175292454023E7
17300	-1.5028271202982057E7
17400	-1.5027018335877443E7
17500	-1.502541942366774E7
17600	-1.5029257883709438E7
17700	-1.5025605834181473E7
17800	-1.5028612891604714E7
17900	-1.5030406064913394E7
18000	-1.5027513449116137E7
18100	-1.5028404500084205E7
18200	-1.5021730953191373E7
18300	-1.5024646289898468E7
18400	-1.5022912267945671E7
18500	-1.50182545945308E7
18600	-1.5017271780661928E7
18700	-1.5019812870411998E7
18800	-1.5020035316374939E7
18900	-1.5021520982069103E7
19000	-1.5021105101170326E7
19100	-1.5018854003742287E7
19200	-1.5015595567404568E7
19300	-1.5021601616958432E7
19400	-1.501731039176127E7
19500	-1.50186338374337E7
19600	-1.50145975850022E7
19700	-1.5018301379390346E7
19800	-1.5014748330743445E7
19900	-1.501779537164011E7
20000	-1.5018023867293846E7
20100	-1.5021160579993896E7
20200	-1.5020967838330625E7
20300	-1.5016949796550902E7
20400	-1.5020456857066888E7
20500	-1.5020006300889928E7
20600	-1.5017203035418905E7
20700	-1.5017225585171992E7
20800	-1.5019463055526495E7
20900	-1.501631198619429E7
21000	-1.5015104318006165E7
21100	-1.5013825136763478E7
21200	-1.501775533592439E7
21300	-1.5020463583752913E7
21400	-1.5020215305816112E7
21500	-1.501568186133798E7
21600	-1.5014728125044996E7
21700	-1.5011710540755594E7
21800	-1.5017221664629774E7
21900	-1.5013080700808426E7
22000	-1.501212353385316E7
22100	-1.5011277110442454E7
22200	-1.501413340471727E7
22300	-1.5008818415120866E7
22400	-1.5014342557688829E7
22500	-1.5016324249074407E7
22600	-1.5016858636278955E7
22700	-1.5014794574901737E7
22800	-1.5019863364753079E7
22900	-1.5013063797825553E7
23000	-1.501409695328832E7
23100	-1.5007390557521114E7
23200	-1.5006609873713646E7
23300	-1.5007980968448907E7
23400	-1.5013477294203194E7
23500	-1.501009188585254E7
23600	-1.5007581082125641E7
23700	-1.501086714480397E7
23800	-1.500649330579063E7
23900	-1.5004476095910681E7
24000	-1.5011616746407956E7
24100	-1.5012591062657254E7
24200	-1.5012497185821615E7
24300	-1.5012775840641465E7
24400	-1.5009514954277365E7
24500	-1.5007693669794502E7
24600	-1.5006588298211439E7
24700	-1.5005914374289162E7
24800	-1.500915101900228E7
24900	-1.500553297495243E7
25000	-1.5008159772055808E7
25100	-1.5006045482033411E7
25200	-1.5006753793661525E7
25300	-1.5007729582756152E7
25400	-1.5007159330180373E7
25500	-1.501215360249732E7
25600	-1.5010476747422814E7
25700	-1.5009321207943216E7
25800	-1.5007109765682017E7
25900	-1.5008233056716945E7
26000	-1.5005729581013266E7
26100	-1.5009952141607637E7
26200	-1.5012172992794223E7
26300	-1.501242196041094E7
26400	-1.501304962672619E7
26500	-1.5014537061747996E7
26600	-1.5015827510245759E7
26700	-1.501623006072241E7
26800	-1.501486797523353E7
26900	-1.501693999143027E7
27000	-1.5015697459215622E7
27100	-1.5018634552670939E7
27200	-1.5013805218471594E7
27300	-1.5012532998316132E7
27400	-1.5017307546886612E7
27500	-1.501685150268526E7
27600	-1.5013522693124235E7
27700	-1.5015506773223475E7
27800	-1.5010293538110955E7
27900	-1.5012997118554452E7
28000	-1.5012229619372625E7
28100	-1.5011251714584833E7
28200	-1.5015330642411526E7
28300	-1.5014295356613373E7
28400	-1.501431475676593E7
28500	-1.5014070954976883E7
28600	-1.5015918801483912E7
28700	-1.5011663988819193E7
28800	-1.5008720859155398E7
28900	-1.501560521643965E7
29000	-1.5012481039669482E7
29100	-1.5011478264022237E7
29200	-1.5009106819194939E7
29300	-1.5004447273394069E7
29400	-1.500646860800016E7
29500	-1.5008842462722821E7
29600	-1.5011647036082285E7
29700	-1.501263060524552E7
29800	-1.5008150271560678E7
29900	-1.5014867334221922E7
30000	-1.5007464895795625E7
30100	-1.5011313774930868E7
30200	-1.5011197489134463E7
30300	-1.500838026124521E7
30400	-1.5006199857493993E7
30500	-1.500589012886214E7
30600	-1.5007623305308778E7
30700	-1.5002903526924068E7
30800	-1.5003337389148831E7
30900	-1.5009287744951325E7
31000	-1.5012630767423164E7
31100	-1.5010369470446216E7
31200	-1.5009179740700679E7
31300	-1.500722982540186E7
31400	-1.500549454791435E7
31500	-1.5009249103705129E7
31600	-1.5004602390476461E7
31700	-1.5003595256858693E7
31800	-1.5006785272528369E7
31900	-1.5005641911260305E7
32000	-1.5005137540839475E7
32100	-1.5004481758442497E7
32200	-1.5000572034416238E7
32300	-1.499967806995629E7
32400	-1.5002796291452434E7
32500	-1.5002522197451195E7
32600	-1.5003092707117336E7
32700	-1.5003954619547835E7
32800	-1.5005002164493077E7
32900	-1.5007535108451767E7
33000	-1.500898024280332E7
33100	-1.5006438990131482E7
33200	-1.501223251285624E7
33300	-1.5007973982962042E7
33400	-1.5006867342621345E7
33500	-1.5005662843424542E7
33600	-1.500944486228376E7
33700	-1.5012020144338813E7
33800	-1.5010701832648098E7
33900	-1.5014599746524144E7
34000	-1.500841575957847E7
34100	-1.5005833687620105E7
34200	-1.5004625589909218E7
34300	-1.499960786073058E7
34400	-1.4999794545709418E7
34500	-1.4997180428704489E7
34600	-1.5001863296165762E7
34700	-1.500048656591116E7
34800	-1.4998730841749696E7
34900	-1.5005252703186022E7
35000	-1.5006225294039337E7
35100	-1.5001814519961836E7
35200	-1.499906006868605E7
35300	-1.4998478711734977E7
35400	-1.499943655745299E7
35500	-1.5002031978097934E7
35600	-1.50048708278708E7
35700	-1.5003542075038495E7
35800	-1.5001635798547164E7
35900	-1.5000402712073961E7
36000	-1.5001787846177805E7
36100	-1.5001925049770858E7
36200	-1.500369778863714E7
36300	-1.5004086105295414E7
36400	-1.5001563194123324E7
36500	-1.5001865305206552E7
36600	-1.5003959673396876E7
36700	-1.5008845455487968E7
36800	-1.5007856246291496E7
36900	-1.5001159060299091E7
37000	-1.500110191995895E7
37100	-1.4999997639622733E7
37200	-1.5004139077730715E7
37300	-1.5004154977278445E7
37400	-1.5002754302678596E7
37500	-1.5003593648375465E7
37600	-1.500554325160281E7
37700	-1.5003478136644289E7
37800	-1.5006572483484067E7
37900	-1.5002420792170692E7
38000	-1.5003188558208583E7
38100	-1.50055270489393E7
38200	-1.5007499988059903E7
38300	-1.5009023453948343E7
38400	-1.5008442751469865E7
38500	-1.5005740309303164E7
38600	-1.500313332143687E7
38700	-1.5010381186907977E7
38800	-1.500255861355584E7
38900	-1.499873571164605E7
39000	-1.5004138566774417E7
39100	-1.4998596084692987E7
39200	-1.4997981958061643E7
39300	-1.4997751342699843E7
39400	-1.4997383960839516E7
39500	-1.4995298537814476E7
39600	-1.500026239763605E7
39700	-1.500319413266786E7
39800	-1.4999631274754528E7
39900	-1.499626288285261E7
40000	-1.5001148132677065E7
40100	-1.4998963332380617E7
40200	-1.5007197415897677E7
40300	-1.5000261014715903E7
40400	-1.499971373874294E7
40500	-1.5000215512422545E7
40600	-1.5000991895363294E7
40700	-1.50026048949365E7
40800	-1.5002038918242633E7
40900	-1.5000563601944458E7
41000	-1.5000410708135715E7
41100	-1.5001544221276496E7
41200	-1.499941822661747E7
41300	-1.5001661862849401E7
41400	-1.5003393331888277E7
41500	-1.49960551383273E7
41600	-1.499994020815535E7
41700	-1.4999621575753126E7
41800	-1.5003005442994611E7
41900	-1.4999438538682684E7
42000	-1.4997766231227415E7
42100	-1.5000333909666993E7
42200	-1.5003724894651484E7
42300	-1.5001369130979324E7
42400	-1.500014978871636E7
42500	-1.5001989340896538E7
42600	-1.499874893019028E7
42700	-1.5002138692892484E7
42800	-1.5003784083117971E7
42900	-1.5001396023468455E7
43000	-1.500095548223277E7
43100	-1.4998749443320587E7
43200	-1.5002448393346058E7
43300	-1.5001335554884994E7
43400	-1.5004772903926035E7
43500	-1.500210444541849E7
43600	-1.5000038020302631E7
43700	-1.500202037846728E7
43800	-1.5002017470378373E7
43900	-1.5001064784941252E7
44000	-1.500327214033281E7
44100	-1.500362278018683E7
44200	-1.4999914845430631E7
44300	-1.4994246843324786E7
44400	-1.4997003008319149E7
44500	-1.5004942358991882E7
44600	-1.5005807331163945E7
44700	-1.5004819782398896E7
44800	-1.5000219605556993E7
44900	-1.5007911411019063E7
45000	-1.4998944802189479E7
45100	-1.4996934323801415E7
45200	-1.5000370831706036E7
45300	-1.5004642745360423E7
45400	-1.5004630091033645E7
45500	-1.5008591780439578E7
45600	-1.5005611513264157E7
45700	-1.5006520596118804E7
45800	-1.5010503872328267E7
45900	-1.5003320261713352E7
46000	-1.5004138921368323E7
46100	-1.5004362294803713E7
46200	-1.5005327298644193E7
46300	-1.500210692867749E7
46400	-1.5005392670820884E7
46500	-1.5001508293900995E7
46600	-1.500338248656607E7
46700	-1.4998785746832477E7
46800	-1.499919437369306E7
46900	-1.4999227214797575E7
47000	-1.499964219987529E7
47100	-1.500401019433934E7
47200	-1.5001622817352777E7
47300	-1.5004058171978561E7
47400	-1.5004145993393699E7
47500	-1.5003470160093224E7
47600	-1.4998665969919765E7
47700	-1.5000671833246998E7
47800	-1.4999590871302193E7
47900	-1.5002558630206328E7
48000	-1.500207429931724E7
48100	-1.4996800978485575E7
48200	-1.5003358546213936E7
48300	-1.5003436568676619E7
48400	-1.5000140876903487E7
48500	-1.4996398335200084E7
48600	-1.5000443251714343E7
48700	-1.5006525430911439E7
48800	-1.5003174276967742E7
48900	-1.500169250344596E7
49000	-1.500169231150846E7
49100	-1.5001951271691049E7
49200	-1.4999037843937166E7
49300	-1.5001996601196429E7
49400	-1.5003297124273019E7
49500	-1.5002374629749745E7
49600	-1.5003945240569176E7
49700	-1.5000873896846512E7
49800	-1.500395467078079E7
49900	-1.5001748366641903E7
50000	-1.4998103920158966E7
50100	-1.5000412145465514E7
50200	-1.500338567990539E7
50300	-1.5001746226333408E7
50400	-1.4997336862407893E7
50500	-1.4998218919835133E7
50600	-1.500176841753709E7
50700	-1.5000285465918057E7
50800	-1.49981646718073E7
50900	-1.499825526481611E7
51000	-1.5000378050796464E7
51100	-1.5000916705787336E7
51200	-1.499922606912092E7
51300	-1.4997502501773695E7
51400	-1.499929549336918E7
51500	-1.4996203877183665E7
51600	-1.5000106830341399E7
51700	-1.5000560968092274E7
51800	-1.4997410096580485E7
51900	-1.4999802335851004E7
52000	-1.499465805233545E7
52100	-1.5002199040961044E7
52200	-1.4998601186667323E7
52300	-1.4996676467287961E7
52400	-1.4990777267693892E7
52500	-1.4995445610858789E7
52600	-1.4997032486399675E7
52700	-1.4997456616704062E7
52800	-1.4994224459246697E7
52900	-1.4989075130450513E7
53000	-1.499275444894367E7
53100	-1.4992692171177257E7
53200	-1.499594980015223E7
53300	-1.4995815526983313E7
53400	-1.4996403411176173E7
53500	-1.4991435498977028E7
53600	-1.4994013649047913E7
53700	-1.5000417492306035E7
53800	-1.4995612006152052E7
53900	-1.49939513712964E7
54000	-1.4999111750241352E7
54100	-1.499126367908701E7
54200	-1.4994522581198366E7
54300	-1.499193694929121E7
54400	-1.499700955644543E7
54500	-1.499220451005527E7
54600	-1.499258336369381E7
54700	-1.4995215798757352E7
54800	-1.4995883114290476E7
54900	-1.4995894006109724E7
55000	-1.498805790953857E7
55100	-1.4989940000307133E7
55200	-1.4993162348055813E7
55300	-1.4994957996635597E7
55400	-1.4992394241845675E7
55500	-1.499552954070102E7
55600	-1.4997663328390842E7
55700	-1.4991379182073604E7
55800	-1.499706535630096E7
55900	-1.4997713729495857E7
56000	-1.4994158010706583E7
56100	-1.4998664405688627E7
56200	-1.4995613432854874E7
56300	-1.5000240865956103E7
56400	-1.5000526110278819E7
56500	-1.500030950675692E7
56600	-1.4995985501078472E7
56700	-1.4995279372615376E7
56800	-1.4993227958718766E7
56900	-1.4994946610819366E7
57000	-1.4999773308317767E7
57100	-1.4996316104201883E7
57200	-1.4996646513572594E7
57300	-1.4997446880039416E7
57400	-1.5001788265748423E7
57500	-1.4992730242967067E7
57600	-1.4992009064127596E7
57700	-1.4998635086164683E7
57800	-1.4996432730723143E7
57900	-1.4994908857769193E7
58000	-1.4993801072580315E7
58100	-1.4992624108087229E7
58200	-1.4993248802887931E7
58300	-1.4993380911307562E7
58400	-1.4992153935570115E7
58500	-1.499565440888481E7
58600	-1.4996324675027238E7
58700	-1.4994122078453511E7
58800	-1.499473009293062E7
58900	-1.4997184701451529E7
59000	-1.4995071043426128E7
59100	-1.4991982188184028E7
59200	-1.4992688896910354E7
59300	-1.4997477790288566E7
59400	-1.4997816163345974E7
59500	-1.4997479874717666E7
59600	-1.4991492190365648E7
59700	-1.4995056981894398E7
59800	-1.4992057441121176E7
59900	-1.4994846473478463E7
60000	-1.4991066613065172E7
60100	-1.4995925270239089E7
60200	-1.499576729229651E7
60300	-1.4994913558261028E7
60400	-1.499227025280236E7
60500	-1.4991282610341921E7
60600	-1.4994161305422766E7
60700	-1.4994825134168237E7
60800	-1.4992685728644785E7
60900	-1.499576310979277E7
61000	-1.4994685343283156E7
61100	-1.4999428069678316E7
61200	-1.4995203424642887E7
61300	-1.4999396359270712E7
61400	-1.499686902762155E7
61500	-1.499550045200531E7
61600	-1.4994490612219708E7
61700	-1.4995626866009714E7
61800	-1.4999399183842603E7
61900	-1.4998226784724347E7
62000	-1.499230318440198E7
62100	-1.4991825668501439E7
62200	-1.4991545652949788E7
62300	-1.4987003400775604E7
62400	-1.4993906083002528E7
62500	-1.4989595454573475E7
62600	-1.49875898392198E7
62700	-1.498993010918289E7
62800	-1.4990709982446708E7
62900	-1.4989199993624937E7
63000	-1.49891184894105E7
63100	-1.498859959906086E7
63200	-1.4990313150020422E7
63300	-1.4988378321337616E7
63400	-1.4984856119705595E7
63500	-1.4987431165931268E7
63600	-1.498653079563437E7
63700	-1.4987786268740887E7
63800	-1.4987925178674301E7
63900	-1.4995724244010257E7
64000	-1.4993460358507883E7
64100	-1.4994770102147704E7
64200	-1.4991687684233105E7
64300	-1.4991969609366892E7
64400	-1.4993095018905958E7
64500	-1.4990901109681651E7
64600	-1.49947563047736E7
64700	-1.4995462517644372E7
64800	-1.498869142110219E7
64900	-1.499604577240771E7
65000	-1.4990742070122499E7
65100	-1.4993599438322905E7
65200	-1.49886386013425E7
65300	-1.4990838107274724E7
65400	-1.4995103056183934E7
65500	-1.4997162837318521E7
65600	-1.4994495413585285E7
65700	-1.4993775124431934E7
65800	-1.4994669207095435E7
65900	-1.4995889882462056E7
66000	-1.499283333157399E7
66100	-1.4995081402958523E7
66200	-1.4993520818826117E7
66300	-1.499065441019222E7
66400	-1.4999157815209784E7
66500	-1.4997915153734071E7
66600	-1.4989359466995224E7
66700	-1.4989534708982607E7
66800	-1.4992543300529584E7
66900	-1.4994045428350197E7
67000	-1.4994670929284811E7
67100	-1.499783792717851E7
67200	-1.4995135250231322E7
67300	-1.4997975023406273E7
67400	-1.4991975729093025E7
67500	-1.4999510673941705E7
67600	-1.4997078667887354E7
67700	-1.4995261386825938E7
67800	-1.4995684188922556E7
67900	-1.4999197049195716E7
68000	-1.5000012363281105E7
68100	-1.4995696459468435E7
68200	-1.4995798262763942E7
68300	-1.4989594492486926E7
68400	-1.4994663317607652E7
68500	-1.4992435053444797E7
68600	-1.4994828819161464E7
68700	-1.4999486934029184E7
68800	-1.499832676078372E7
68900	-1.4992271110547297E7
69000	-1.4995970345710121E7
69100	-1.499419984940621E7
69200	-1.4993027408714455E7
69300	-1.4996370911551166E7
69400	-1.4996663718061121E7
69500	-1.4991161690728055E7
69600	-1.498974297609464E7
69700	-1.4994019791983671E7
69800	-1.498942574768025E7
69900	-1.4992483524326902E7
70000	-1.4994339041721674E7
70100	-1.4991154602431085E7
70200	-1.4992930043211443E7
70300	-1.4999715976705031E7
70400	-1.4994191594620585E7
70500	-1.4990597096063979E7
70600	-1.4992004389693126E7
70700	-1.499151588826683E7
70800	-1.4996979808275603E7
70900	-1.4994060435658172E7
71000	-1.4991952751564674E7
71100	-1.498967407313624E7
71200	-1.4993191095946314E7
71300	-1.4991199842489848E7
71400	-1.499436698298035E7
71500	-1.4994609471047658E7
71600	-1.4990532792700522E7
71700	-1.4997431140153384E7
71800	-1.4995261968605576E7
71900	-1.4989059148593364E7
72000	-1.4991840474592168E7
72100	-1.4987534069980444E7
72200	-1.4988693622949222E7
72300	-1.499098941194214E7
72400	-1.4992578492313609E7
72500	-1.4988477771372171E7
72600	-1.498834286516627E7
72700	-1.4989020310067197E7
72800	-1.4987857115940621E7
72900	-1.4990229233736414E7
73000	-1.499430719406049E7
73100	-1.4991293136994911E7
73200	-1.4987267409864781E7
73300	-1.498166510291885E7
73400	-1.4984698067125604E7
73500	-1.4985676643927732E7
73600	-1.4987334955299849E7
73700	-1.4984253887413643E7
73800	-1.498710835574532E7
73900	-1.4983700398518309E7
74000	-1.4983944061353175E7
74100	-1.4986474042012664E7
74200	-1.4989471678985285E7
74300	-1.4989378244848328E7
74400	-1.4989336967669712E7
74500	-1.4992062564730057E7
74600	-1.4985215965112481E7
74700	-1.499248354466133E7
74800	-1.4989225272396239E7
74900	-1.4987191629014365E7
75000	-1.4990951843312109E7
75100	-1.4987105676055815E7
75200	-1.4990434467385495E7
75300	-1.4987780869348554E7
75400	-1.4988533307201369E7
75500	-1.498633219908574E7
75600	-1.4986143135583138E7
75700	-1.4986383351120977E7
75800	-1.4986921681361457E7
75900	-1.4984738891795015E7
76000	-1.4993016649111269E7
76100	-1.4990969760817695E7
76200	-1.4992608397753797E7
76300	-1.4991714575228777E7
76400	-1.4989484986336134E7
76500	-1.4989688156888684E7
76600	-1.4987222309824377E7
76700	-1.4994205355387656E7
76800	-1.4995840151258543E7
76900	-1.4996568308225293E7
77000	-1.4989375792382773E7
77100	-1.4992592814193996E7
77200	-1.499342136559238E7
77300	-1.4989565115332026E7
77400	-1.498841813881134E7
77500	-1.4987888500416404E7
77600	-1.4991471431801897E7
77700	-1.4986427973194966E7
77800	-1.4986421386828892E7
77900	-1.4986127395816913E7
78000	-1.4986785025156317E7
78100	-1.4988106972201815E7
78200	-1.4983996429402575E7
78300	-1.4990712300657235E7
78400	-1.498638896208909E7
78500	-1.4986720879744845E7
78600	-1.4989267118643394E7
78700	-1.49886432951141E7
78800	-1.4982535012451913E7
78900	-1.4987989488919228E7
79000	-1.498786536775918E7
79100	-1.498823943449406E7
79200	-1.4986886846831307E7
79300	-1.4993347975857092E7
79400	-1.4986222159039445E7
79500	-1.4993273518083768E7
79600	-1.4992583452152776E7
79700	-1.498885092481752E7
79800	-1.4991735918850848E7
79900	-1.499053094579393E7
80000	-1.4990608215459097E7
80100	-1.4990682865087766E7
80200	-1.4991167509152396E7
80300	-1.4987400558110999E7
80400	-1.4982298695817752E7
80500	-1.499098119122146E7
80600	-1.4985288584661812E7
80700	-1.4989925169678492E7
80800	-1.4989227054822594E7
80900	-1.4992676571625946E7
81000	-1.4988709442814719E7
81100	-1.4988748406944785E7
81200	-1.4987201694247615E7
81300	-1.4988690217231067E7
81400	-1.4985403016809354E7
81500	-1.4989854883318061E7
81600	-1.4992977239794862E7
81700	-1.4994512393120453E7
81800	-1.4993796992434084E7
81900	-1.4989725591335908E7
82000	-1.498267610863255E7
82100	-1.498237781615606E7
82200	-1.4995038406509416E7
82300	-1.499094272659479E7
82400	-1.4992083338306809E7
82500	-1.4988732697878106E7
82600	-1.4992026301885152E7
82700	-1.4997654887006707E7
82800	-1.4994383288158454E7
82900	-1.4992205968718056E7
83000	-1.4993007583376065E7
83100	-1.4991879593682246E7
83200	-1.4997335757514644E7
83300	-1.4993185702080335E7
83400	-1.4993341105660984E7
83500	-1.4988213494363898E7
83600	-1.4987890639984699E7
83700	-1.4990352127712706E7
83800	-1.4985362951427743E7
83900	-1.4987287123244878E7
84000	-1.4983947610369354E7
84100	-1.498805522247481E7
84200	-1.498998525973811E7
84300	-1.4988152879211826E7
84400	-1.4991594673415005E7
84500	-1.499077145041716E7
84600	-1.49900813288837E7
84700	-1.4985860267887052E7
84800	-1.49880585792934E7
84900	-1.4989628521644825E7
85000	-1.4989014808677588E7
85100	-1.4985310158855423E7
85200	-1.4982167242703449E7
85300	-1.4985418424734036E7
85400	-1.4985536328944726E7
85500	-1.4985165803892765E7
85600	-1.4985608000625078E7
85700	-1.4982256360557143E7
85800	-1.4985306093723802E7
85900	-1.4985057757675368E7
86000	-1.4985584082655575E7
86100	-1.4986715102140257E7
86200	-1.4988376349036664E7
86300	-1.4984433433056757E7
86400	-1.4982848940477517E7
86500	-1.4986791287532447E7
86600	-1.4990618472084371E7
86700	-1.498920259304987E7
86800	-1.4986889282222295E7
86900	-1.498946675634574E7
87000	-1.4988786926860647E7
87100	-1.4986355591590425E7
87200	-1.4989348969545595E7
87300	-1.4989060037903996E7
87400	-1.4988355568936076E7
87500	-1.4988663688364638E7
87600	-1.499079221481151E7
87700	-1.4986673521672113E7
87800	-1.4988721384161422E7
87900	-1.499118756057305E7
88000	-1.4989146859918892E7
88100	-1.4995513107692579E7
88200	-1.498547389284674E7
88300	-1.4984062247668369E7
88400	-1.4989209984257368E7
88500	-1.4986264429500949E7
88600	-1.4988161010590069E7
88700	-1.4988014808813564E7
88800	-1.498777477007734E7
88900	-1.4982896678252196E7
89000	-1.4985327361292195E7
89100	-1.4988191353112925E7
89200	-1.4988682075169504E7
89300	-1.4984085330047822E7
89400	-1.4979507563040039E7
89500	-1.4983979439940352E7
89600	-1.4980260103782522E7
89700	-1.4982617556149561E7
89800	-1.497987502354553E7
89900	-1.4985037802921169E7
90000	-1.4982344194590993E7
90100	-1.497926087346939E7
90200	-1.4982410360999383E7
90300	-1.4980648760648303E7
90400	-1.4987010584113138E7
90500	-1.498538837142376E7
90600	-1.4982709409968652E7
90700	-1.4982150641424177E7
90800	-1.4984510110884242E7
90900	-1.49864219018648E7
91000	-1.4987047945345936E7
91100	-1.4987187051861804E7
91200	-1.4984044404434469E7
91300	-1.4982295668342734E7
91400	-1.4983864621811695E7
91500	-1.4981999799375717E7
91600	-1.4983521729024597E7
91700	-1.4981476845549922E7
91800	-1.498508218132732E7
91900	-1.4984019795973264E7
92000	-1.4983069258625742E7
92100	-1.4985712485905029E7
92200	-1.498584827585457E7
92300	-1.4986703745488442E7
92400	-1.4983387347466066E7
92500	-1.4985294338605314E7
92600	-1.4982252397257062E7
92700	-1.498188494183929E7
92800	-1.4983077645596875E7
92900	-1.4986777786425412E7
93000	-1.4987043559231784E7
93100	-1.4981706338361815E7
93200	-1.4984499845270576E7
93300	-1.4983829134477047E7
93400	-1.4982869962825611E7
93500	-1.497986723198211E7
93600	-1.4986845024088454E7
93700	-1.4983867556260878E7
93800	-1.4983856857467664E7
93900	-1.4983827588587275E7
94000	-1.4982172510809517E7
94100	-1.4976681319992986E7
94200	-1.4979510991480665E7
94300	-1.498544650910125E7
94400	-1.4979563834893996E7
94500	-1.4980664915113507E7
94600	-1.498442528292287E7
94700	-1.498708105729408E7
94800	-1.4982950037552843E7
94900	-1.4986124742690055E7
95000	-1.4981980431704188E7
95100	-1.4981097836455759E7
95200	-1.498248463872657E7
95300	-1.4985438468349798E7
95400	-1.4981671651987059E7
95500	-1.4982508953222137E7
95600	-1.4980085059339505E7
95700	-1.4980759337572891E7
95800	-1.4978505574814135E7
95900	-1.4978833212732412E7
96000	-1.4977718071343781E7
96100	-1.4981894184367219E7
96200	-1.4984759207836552E7
96300	-1.4979125305099424E7
96400	-1.4979658249487137E7
96500	-1.4981198678926699E7
96600	-1.4985235124935467E7
96700	-1.4984455224416262E7
96800	-1.4987661109784937E7
96900	-1.4984173602394478E7
97000	-1.4983470913097741E7
97100	-1.4985287902417213E7
97200	-1.4983970026712194E7
97300	-1.4986501640105236E7
97400	-1.498629782512839E7
97500	-1.4988165151278213E7
97600	-1.4987043373399101E7
97700	-1.4984375031579493E7
97800	-1.4985245817395583E7
97900	-1.4983373819242053E7
98000	-1.4986132626491306E7
98100	-1.4984078395695962E7
98200	-1.498522890127564E7
98300	-1.4985492141355695E7
98400	-1.4981088234714326E7
98500	-1.4982868889074486E7
98600	-1.4987006591707157E7
98700	-1.4982738827672752E7
98800	-1.4979601047513528E7
98900	-1.498161116430898E7
99000	-1.4978203294551916E7
99100	-1.4979074579011941E7
99200	-1.498062030531759E7
99300	-1.4978035406246513E7
99400	-1.498252980644223E7
99500	-1.4981880973943027E7
99600	-1.4983686640945194E7
99700	-1.4980832550185284E7
99800	-1.498157546250291E7
99900	-1.4989184575534191E7
100000	-1.4982624381875873E7
100100	-1.4982772720766848E7
100200	-1.4978889917335806E7
100300	-1.497398066102621E7
100400	-1.497993568934445E7
100500	-1.498028229000569E7
100600	-1.4982415613276348E7
100700	-1.4982187774692839E7
100800	-1.4981634716715392E7
100900	-1.4986239150411896E7
101000	-1.4978803930746965E7
101100	-1.4982927236264773E7
101200	-1.4981867225945E7
101300	-1.49818866067774E7
101400	-1.4978759320442E7
101500	-1.497735088106344E7
101600	-1.4980622442366106E7
101700	-1.4978877033032093E7
101800	-1.4974274762299241E7
101900	-1.4977471354358833E7
102000	-1.497919499889595E7
102100	-1.497701212987446E7
102200	-1.4973102211069452E7
102300	-1.4975518100614391E7
102400	-1.4976930313914746E7
102500	-1.497919837315626E7
102600	-1.4977831507065237E7
102700	-1.4977888523541264E7
102800	-1.4979749462723566E7
102900	-1.4975236938780142E7
103000	-1.4975330918426553E7
103100	-1.4978062277202649E7
103200	-1.4979090819715591E7
103300	-1.4974001539030723E7
103400	-1.497703144387667E7
103500	-1.4977708622432461E7
103600	-1.4981540136382867E7
103700	-1.498079545612125E7
103800	-1.4979954304968059E7
103900	-1.4985175934266642E7
104000	-1.497755256087074E7
104100	-1.4981460026319344E7
104200	-1.4978689981493004E7
104300	-1.4983626428891044E7
104400	-1.4981567438480968E7
104500	-1.4978845591046765E7
104600	-1.4983485385189088E7
104700	-1.4980780765888523E7
104800	-1.498042522730621E7
104900	-1.4983094555384105E7
105000	-1.4982589875516018E7
105100	-1.4988584155803327E7
105200	-1.4982484151252313E7
105300	-1.4986599065213386E7
105400	-1.4983978838379122E7
105500	-1.4987297870413378E7
105600	-1.4981478363962974E7
105700	-1.4987810722806245E7
105800	-1.4986329762286788E7
105900	-1.4987349040194485E7
106000	-1.497935195616878E7
106100	-1.498199717181325E7
106200	-1.4983921081131136E7
106300	-1.4975043782103673E7
106400	-1.4980881675146533E7
106500	-1.4980237745375048E7
106600	-1.4979300368147027E7
106700	-1.4978364494459432E7
106800	-1.4982237800027989E7
106900	-1.4982522799073134E7
107000	-1.4983409198903507E7
107100	-1.4982087541302815E7
107200	-1.498370110386213E7
107300	-1.4980427104993874E7
107400	-1.4982116831768323E7
107500	-1.4977368959195485E7
107600	-1.4980313514818247E7
107700	-1.4977147791797506E7
107800	-1.4978055063891597E7
107900	-1.497327341959932E7
108000	-1.4979392712883778E7
108100	-1.497883336930874E7
108200	-1.4984016139961386E7
108300	-1.4981313147649914E7
108400	-1.4981906832518484E7
108500	-1.497884606428061E7
108600	-1.4977434670417178E7
108700	-1.4978555498967368E7
108800	-1.4976992096106905E7
108900	-1.4975547746606458E7
109000	-1.4977361528005471E7
109100	-1.4979245065645443E7
109200	-1.4980422781816196E7
109300	-1.4979474937919032E7
109400	-1.4978159793201338E7
109500	-1.4980134436665922E7
109600	-1.497708739324275E7
109700	-1.4982381195390519E7
109800	-1.497546454559874E7
109900	-1.4982087012619777E7
110000	-1.4982361239923894E7
110100	-1.4977869876186403E7
110200	-1.4978631446665756E7
110300	-1.498127140719955E7
110400	-1.4980671291514147E7
110500	-1.4983036801109489E7
110600	-1.4978016255876109E7
110700	-1.4985744057653854E7
110800	-1.4981464138627468E7
110900	-1.4978057253300514E7
111000	-1.4985021443523088E7
111100	-1.4978293564399071E7
111200	-1.498195013625521E7
111300	-1.4983029374153368E7
111400	-1.4981040877720557E7
111500	-1.4979390901305493E7
111600	-1.4983532971741933E7
111700	-1.4979479860346468E7
111800	-1.4981936986840658E7
111900	-1.4980479125740044E7
112000	-1.497676643015267E7
112100	-1.4980468362737175E7
112200	-1.4978850745743975E7
112300	-1.4977912334647495E7
112400	-1.4978589622997068E7
112500	-1.497424119679024E7
112600	-1.4980016692938682E7
112700	-1.4978573439452564E7
112800	-1.4979567422111593E7
112900	-1.4976641238752164E7
113000	-1.4978546758720372E7
113100	-1.4982548608478533E7
113200	-1.4981109433765296E7
113300	-1.4981955758033535E7
113400	-1.4980605031324461E7
113500	-1.4982167476124384E7
113600	-1.4981165492973447E7
113700	-1.4977772288863873E7
113800	-1.4978878765357604E7
113900	-1.4974620464217957E7
114000	-1.49770712891023E7
114100	-1.4974023841295537E7
114200	-1.497463803209094E7
114300	-1.4982626647840355E7
114400	-1.4972762886827813E7
114500	-1.4980566950161064E7
114600	-1.4980652848085282E7
114700	-1.497930785497857E7
114800	-1.4977354247708514E7
114900	-1.4977801565328307E7
115000	-1.4984359414538806E7
115100	-1.4984667455122119E7
115200	-1.4976001086954935E7
115300	-1.4984873793906022E7
115400	-1.4985959496734891E7
115500	-1.4986647860509971E7
115600	-1.4982143429323113E7
115700	-1.4985999021631613E7
115800	-1.4981600427486738E7
115900	-1.497983697466897E7
116000	-1.4983774401886113E7
116100	-1.4973837998527551E7
116200	-1.498554360243673E7
116300	-1.49804061917838E7
116400	-1.4979589863757107E7
116500	-1.4980177048355859E7
116600	-1.49812469126438E7
116700	-1.4977792040957034E7
116800	-1.4980552862768747E7
116900	-1.497891724048783E7
117000	-1.4983710484182738E7
117100	-1.4980126793546889E7
117200	-1.497892429716664E7
117300	-1.4977423384580608E7
117400	-1.4979859858702876E7
117500	-1.4977694224868687E7
117600	-1.4973674229542576E7
117700	-1.4979829478099126E7
117800	-1.4980832291488264E7
117900	-1.4976820065483727E7
118000	-1.4980657769717246E7
118100	-1.497731305155636E7
118200	-1.4980682870903485E7
118300	-1.4977871438510677E7
118400	-1.4978961603661649E7
118500	-1.4980296244523944E7
118600	-1.4980367734211879E7
118700	-1.4975782629470292E7
118800	-1.4977784768180907E7
118900	-1.4972986685132878E7
119000	-1.4976044904908782E7
119100	-1.4975193824275231E7
119200	-1.4973089845508685E7
119300	-1.4971252522731224E7
119400	-1.4975891627943823E7
119500	-1.4973984681462072E7
119600	-1.4974339116901852E7
119700	-1.4977541992049595E7
119800	-1.4973374425453342E7
119900	-1.4976694490895018E7
120000	-1.4981113269404724E7
120100	-1.4977030311435252E7
120200	-1.4975337626392066E7
120300	-1.4977154973532215E7
120400	-1.497609308603388E7
120500	-1.497081816624008E7
120600	-1.497386248311274E7
120700	-1.4976642391309198E7
120800	-1.497586674372412E7
120900	-1.4973254998645727E7
121000	-1.4972468207493363E7
121100	-1.4974083543102272E7
121200	-1.497359677190231E7
121300	-1.497637549744824E7
121400	-1.4978071211893937E7
121500	-1.4974024414939646E7
121600	-1.4976168676553696E7
121700	-1.4978013402745012E7
121800	-1.4973345418811753E7
121900	-1.4976987384892369E7
122000	-1.4976707708791116E7
122100	-1.4974915438546335E7
122200	-1.4978663913185267E7
122300	-1.4977059911950214E7
122400	-1.4973624990088008E7
122500	-1.4973682350997437E7
122600	-1.4973672332078725E7
122700	-1.4972808179857315E7
122800	-1.4979785099489536E7
122900	-1.4977539415822407E7
123000	-1.4982291568453642E7
123100	-1.4976147926847707E7
123200	-1.4973759341204273E7
123300	-1.4973721940479979E7
123400	-1.4974085647372123E7
123500	-1.4976476110055113E7
123600	-1.4978010798369898E7
123700	-1.4976608473009638E7
123800	-1.497507803045614E7
123900	-1.4970862279969297E7
124000	-1.4973764957928654E7
124100	-1.4977808430094207E7
124200	-1.4974097343638742E7
124300	-1.4974609712356327E7
124400	-1.4980894070568815E7
124500	-1.4978700054142872E7
124600	-1.4979493580299096E7
124700	-1.4976168935292749E7
124800	-1.4980195418344678E7
124900	-1.4974979334362373E7
125000	-1.4974987041881897E7
125100	-1.4974321984158913E7
125200	-1.4978971411021851E7
125300	-1.4973221576252062E7
125400	-1.4974602687504472E7
125500	-1.4980798876389747E7
125600	-1.4973513529489016E7
125700	-1.4977641635058543E7
125800	-1.4976485385831974E7
125900	-1.4977264961500939E7
126000	-1.497416101685225E7
126100	-1.497403580853799E7
126200	-1.4973706660024023E7
126300	-1.4977674202907693E7
126400	-1.4978174362704938E7
126500	-1.4978612660497386E7
126600	-1.4977428943332547E7
126700	-1.4977185801784514E7
126800	-1.4976687223747944E7
126900	-1.4978044434030285E7
127000	-1.497993664397159E7
127100	-1.497642602499221E7
127200	-1.497767592720684E7
127300	-1.4981203864347009E7
127400	-1.4976682521792373E7
127500	-1.4983007740496928E7
127600	-1.4979258353620479E7
127700	-1.497943822597491E7
127800	-1.4977019252270626E7
127900	-1.4974633943818297E7
128000	-1.4971725456312982E7
128100	-1.4979482235335315E7
128200	-1.4978440661621138E7
128300	-1.4975584180888979E7
128400	-1.4974761233185576E7
128500	-1.4977368467165729E7
128600	-1.4971445139068576E7
128700	-1.4977303319064345E7
128800	-1.497895916463898E7
128900	-1.4979788094840819E7
129000	-1.4981957167132081E7
129100	-1.497528428678077E7
129200	-1.4981159442881111E7
129300	-1.4980491059906237E7
129400	-1.4984467835725982E7
129500	-1.4981009235503925E7
129600	-1.4982722401033275E7
129700	-1.4980130615997542E7
129800	-1.4979706280164925E7
129900	-1.4978944441113798E7
130000	-1.497627271599832E7
130100	-1.4980898120071732E7
130200	-1.4977943433874331E7
130300	-1.498035205427456E7
130400	-1.498047187241274E7
130500	-1.4977449539063297E7
130600	-1.498063173268199E7
130700	-1.4982353004729854E7
130800	-1.4973932511690123E7
130900	-1.4978929835567554E7
131000	-1.4974959563971153E7
131100	-1.497664841334678E7
131200	-1.4980619924613427E7
131300	-1.4979573691136792E7
131400	-1.4979845025263326E7
131500	-1.4979449961446913E7
131600	-1.498164961331791E7
131700	-1.4982959910825677E7
131800	-1.4978396181282325E7
131900	-1.4981969137598509E7
132000	-1.497866455438218E7
132100	-1.4975285256506523E7
132200	-1.4978282708176192E7
132300	-1.4978764553886034E7
132400	-1.4979169794827348E7
132500	-1.4975773198287208E7
132600	-1.4985039077232083E7
132700	-1.4980997698369931E7
132800	-1.4982701443570739E7
132900	-1.4981467784449806E7
133000	-1.4977337018584905E7
133100	-1.4978830268937353E7
133200	-1.4975856733304327E7
133300	-1.4978588180478148E7
133400	-1.498081603588551E7
133500	-1.4980676104652716E7
133600	-1.4973356764672777E7
133700	-1.4973681508099196E7
133800	-1.4979968358036207E7
133900	-1.4980954041660966E7
134000	-1.4979105422341127E7
134100	-1.4979790338025244E7
134200	-1.4978011314381136E7
134300	-1.4978835412356269E7
134400	-1.4980322950216558E7
134500	-1.498489850385482E7
134600	-1.4979903670571137E7
134700	-1.4977242143359339E7
134800	-1.4977535619039329E7
134900	-1.4984100999931727E7
135000	-1.4985208500552943E7
135100	-1.4977280390123604E7
135200	-1.4976015669080365E7
135300	-1.4979039191795914E7
135400	-1.4975403465834381E7
135500	-1.4976292896954278E7
135600	-1.4975205825176058E7
135700	-1.4972912913386036E7
135800	-1.4977712916697538E7
135900	-1.4978744026416438E7
136000	-1.4969502618969614E7
136100	-1.4978721735909391E7
136200	-1.4974117546783894E7
136300	-1.497559760783448E7
136400	-1.4974701027834868E7
136500	-1.4974148190785438E7
136600	-1.4970532849254172E7
136700	-1.496802933405085E7
136800	-1.497017558965581E7
136900	-1.49684733584412E7
137000	-1.4972019341231382E7
137100	-1.4971306249963466E7
137200	-1.4971082093032079E7
137300	-1.4970309651725091E7
137400	-1.4976061302131625E7
137500	-1.4976570204499593E7
137600	-1.4977520581181778E7
137700	-1.4970014206459312E7
137800	-1.4973820467044992E7
137900	-1.4974439713481272E7
138000	-1.4974465666038396E7
138100	-1.497236109546325E7
138200	-1.4971405596168544E7
138300	-1.4977170463078989E7
138400	-1.4972300132665642E7
138500	-1.497267529062951E7
138600	-1.4977173944376744E7
138700	-1.49797047231454E7
138800	-1.497885051419204E7
138900	-1.4976793880817775E7
139000	-1.4975924204233574E7
139100	-1.4972707546922922E7
139200	-1.497768500098892E7
139300	-1.4975140718605297E7
139400	-1.4977148385754406E7
139500	-1.4978446950004464E7
139600	-1.497798542268599E7
139700	-1.4976625645767462E7
139800	-1.4978782450692967E7
139900	-1.497866330852237E7
140000	-1.4980765812304206E7
140100	-1.4977307770467676E7
140200	-1.497768433639072E7
140300	-1.497743044576451E7
140400	-1.4979873891644891E7
140500	-1.4978989943993432E7
140600	-1.4975559022981336E7
140700	-1.4976993096462728E7
140800	-1.4982177250006095E7
140900	-1.4975994551277226E7
141000	-1.4976484806543063E7
141100	-1.4978382450591305E7
141200	-1.4980325720989894E7
141300	-1.4981601111675348E7
141400	-1.4979882144484274E7
141500	-1.49780914490773E7
141600	-1.4976996756501928E7
141700	-1.4975618584403776E7
141800	-1.4975428979276074E7
141900	-1.497830542448609E7
142000	-1.4977596110664982E7
142100	-1.4977405353526004E7
142200	-1.4976699615911108E7
142300	-1.4976165123837268E7
142400	-1.4974949889073258E7
142500	-1.4976914264830671E7
142600	-1.4977055662636159E7
142700	-1.4979246949881427E7
142800	-1.4977799446646124E7
142900	-1.4981576326711562E7
143000	-1.4977688346454076E7
143100	-1.4971542800625948E7
143200	-1.4974071620922754E7
143300	-1.497211736223351E7
143400	-1.4972681836467076E7
143500	-1.4978101932572268E7
143600	-1.4971370464188864E7
143700	-1.4972975005904835E7
143800	-1.4967918176810307E7
143900	-1.4976275379653126E7
144000	-1.4981637403914113E7
144100	-1.4974852006134754E7
144200	-1.4975157210171176E7
144300	-1.4970973124158487E7
144400	-1.4972453775156617E7
144500	-1.4967292837561188E7
144600	-1.4973375882809607E7
144700	-1.4967570225303572E7
144800	-1.49711261704275E7
144900	-1.496961812095829E7
145000	-1.4968760937516835E7
145100	-1.497460310575029E7
145200	-1.4971788175400969E7
145300	-1.4975340869581912E7
145400	-1.4975426569278494E7
145500	-1.4972633094245486E7
145600	-1.4974229388709119E7
145700	-1.4976765977134569E7
145800	-1.4970058024543941E7
145900	-1.4974348195572158E7
146000	-1.4979518829439733E7
146100	-1.4977229657048337E7
146200	-1.4976478964515196E7
146300	-1.4970248081845514E7
146400	-1.4971269769323561E7
146500	-1.4971616884676112E7
146600	-1.4973058344953623E7
146700	-1.4974686473529737E7
146800	-1.4983390151767408E7
146900	-1.4973303144432046E7
147000	-1.4976234281414898E7
147100	-1.4971421688856412E7
147200	-1.497470761114092E7
147300	-1.4971681796222268E7
147400	-1.4976808728057338E7
147500	-1.4973486380448163E7
147600	-1.4972571562046751E7
147700	-1.4972816760445882E7
147800	-1.4976771736142507E7
147900	-1.4975449946881568E7
148000	-1.4980668236532325E7
148100	-1.497465575145766E7
148200	-1.497921878184919E7
148300	-1.4971096137878329E7
148400	-1.4972241445120238E7
148500	-1.4968799909225844E7
148600	-1.4963345672843482E7
148700	-1.4969400990134383E7
148800	-1.4966366065414747E7
148900	-1.496789723712683E7
149000	-1.4969441896616228E7
149100	-1.497267609324215E7
149200	-1.4976532107774546E7
149300	-1.4974130749504374E7
149400	-1.4977734023960536E7
149500	-1.4973956090420026E7
149600	-1.4982155963830093E7
149700	-1.4973879532604963E7
149800	-1.4973849920509191E7
149900	-1.4972868128181577E7
150000	-1.4974166408783274E7
150100	-1.4971525155166104E7
150200	-1.4975973490672724E7
150300	-1.497135401495805E7
150400	-1.4973885891818795E7
150500	-1.497251339223401E7
150600	-1.4971099862981427E7
150700	-1.4969413279969249E7
150800	-1.4963655066810481E7
150900	-1.496616295574069E7
151000	-1.4967925864913922E7
151100	-1.4973313177328432E7
151200	-1.4968973416823655E7
151300	-1.4969622798501195E7
151400	-1.4973717737247473E7
151500	-1.4971866105611587E7
151600	-1.4971303018348448E7
151700	-1.4970956772496214E7
151800	-1.4975178749606626E7
151900	-1.4971349327645918E7
152000	-1.4974694134754745E7
152100	-1.497305299625472E7
152200	-1.4980014720720086E7
152300	-1.4972680103238162E7
152400	-1.4971641374515234E7
152500	-1.4972395361936346E7
152600	-1.4975847919140197E7
152700	-1.4974026902408566E7
152800	-1.4973800984554753E7
152900	-1.4970868280200668E7
153000	-1.497494742035112E7
153100	-1.497441695529043E7
153200	-1.4975696918542236E7
153300	-1.4969866152373465E7
153400	-1.4974766392786566E7
153500	-1.4973100029862104E7
153600	-1.497243022859715E7
153700	-1.4970708119433489E7
153800	-1.4967783734406272E7
153900	-1.4970799683073241E7
154000	-1.497453454986813E7
154100	-1.4971517228135146E7
154200	-1.4973424392140782E7
154300	-1.4972813478299854E7
154400	-1.497851271086467E7
154500	-1.4971902555660887E7
154600	-1.4969461125729313E7
154700	-1.4967728714326024E7
154800	-1.4969745776949378E7
154900	-1.4970825599010795E7
155000	-1.4972774574530428E7
155100	-1.4967939060383013E7
155200	-1.4968536231716381E7
155300	-1.4973210125175744E7
155400	-1.4974905925525256E7
155500	-1.4970825552085754E7
155600	-1.497679167835152E7
155700	-1.49725435248621E7
155800	-1.4971463064337846E7
155900	-1.4970246571775552E7
156000	-1.497224875255635E7
156100	-1.49750018488117E7
156200	-1.4974494198098248E7
156300	-1.4976616777185429E7
156400	-1.4974803050890459E7
156500	-1.4976242094089758E7
156600	-1.4977702955870107E7
156700	-1.4974940590510126E7
156800	-1.4970779820331633E7
156900	-1.4971936851149708E7
157000	-1.4975980111207278E7
157100	-1.4977165462148977E7
157200	-1.4974320684964176E7
157300	-1.4969244849583842E7
157400	-1.4971771504109273E7
157500	-1.4975664205725832E7
157600	-1.497981160484855E7
157700	-1.4977573520971581E7
157800	-1.4974758808433304E7
157900	-1.4976492706451057E7
158000	-1.4971367413488653E7
158100	-1.4977459342451151E7
158200	-1.4977596310242398E7
158300	-1.4977679483389119E7
158400	-1.4977916428762224E7
158500	-1.4973705082416585E7
158600	-1.4977420492012369E7
158700	-1.497814053634356E7
158800	-1.49762529939396E7
158900	-1.497994414870557E7
159000	-1.4981105313630782E7
159100	-1.4980321529522171E7
159200	-1.4973931351249602E7
159300	-1.4976433846385766E7
159400	-1.4972088118323542E7
159500	-1.497392758953193E7
159600	-1.4970601180875283E7
159700	-1.4968760282214336E7
159800	-1.4973139019431034E7
159900	-1.4969327246256217E7
160000	-1.4974427215869587E7
160100	-1.4973115022573309E7
160200	-1.4974590954442212E7
160300	-1.4974322748862507E7
160400	-1.4973785405354455E7
160500	-1.4975761337739022E7
160600	-1.4979036443890568E7
160700	-1.4977067210225737E7
160800	-1.497971354443434E7
160900	-1.4973750807179576E7
161000	-1.4976530609118428E7
161100	-1.4975879250369389E7
161200	-1.497886781066442E7
161300	-1.4975753382833183E7
161400	-1.497328515354712E7
161500	-1.4974334625315847E7
161600	-1.4971607279167425E7
161700	-1.4973196168963084E7
161800	-1.4972038446590522E7
161900	-1.4973681748707261E7
162000	-1.4967989653725931E7
162100	-1.4972109482807012E7
162200	-1.49701081610656E7
162300	-1.4972614834410686E7
162400	-1.4974311265244627E7
162500	-1.4974260889598288E7
162600	-1.4973550716061436E7
162700	-1.4973381192641594E7
162800	-1.4974237638261616E7
162900	-1.4971836621610548E7
163000	-1.496800254016499E7
163100	-1.4971533197879681E7
163200	-1.4967005121380588E7
163300	-1.4974567616642375E7
163400	-1.4968462807377074E7
163500	-1.497322297055621E7
163600	-1.497405993055453E7
163700	-1.4968322201556224E7
163800	-1.497315635313572E7
163900	-1.4975470214742703E7
164000	-1.4972942101387445E7
164100	-1.4970677980478441E7
164200	-1.4970023823882885E7
164300	-1.4974931209841525E7
164400	-1.4972107339841953E7
164500	-1.4973530352089396E7
164600	-1.4968191110086348E7
164700	-1.497346320850937E7
164800	-1.4979028812209485E7
164900	-1.4974397218686253E7
165000	-1.4976249303942338E7
165100	-1.4972487030462053E7
165200	-1.4976060253589088E7
165300	-1.4974376541618431E7
165400	-1.4974264362849358E7
165500	-1.4970470363226227E7
165600	-1.4970689610960187E7
165700	-1.497471797928821E7
165800	-1.498039912775271E7
165900	-1.4970939044258319E7
166000	-1.496569767610224E7
166100	-1.4969095579243217E7
166200	-1.4970329187915545E7
166300	-1.4971162537228344E7
166400	-1.497287996773837E7
166500	-1.4967228014608962E7
166600	-1.497566644875051E7
166700	-1.4974558655213289E7
166800	-1.4978113488526924E7
166900	-1.4976145334937835E7
167000	-1.497429519752143E7
167100	-1.4970028420519033E7
167200	-1.4974246007020611E7
167300	-1.497147398032559E7
167400	-1.4971807217709215E7
167500	-1.4974670161470657E7
167600	-1.4971521597147109E7
167700	-1.496860414766509E7
167800	-1.4969742616762735E7
167900	-1.49713396901682E7
168000	-1.4969408668330152E7
168100	-1.4970363155850146E7
168200	-1.4967803742889216E7
168300	-1.49675256692277E7
168400	-1.4972848209186649E7
168500	-1.497032710793607E7
168600	-1.4975846754652115E7
168700	-1.4972279544249423E7
168800	-1.497425394919788E7
168900	-1.496621056064935E7
169000	-1.4969696228825405E7
169100	-1.4971306720429232E7
169200	-1.4969052176727558E7
169300	-1.4969787807745894E7
169400	-1.4968982482020061E7
169500	-1.4974733326584961E7
169600	-1.4968640666923419E7
169700	-1.496960387368827E7
169800	-1.4971873857464721E7
169900	-1.497075292324746E7
170000	-1.4971991400622206E7
170100	-1.4972612308295047E7
170200	-1.4971845015524488E7
170300	-1.4973269391200012E7
170400	-1.4977925515061898E7
170500	-1.4977062222153328E7
170600	-1.4974842459396945E7
170700	-1.497283344330815E7
170800	-1.4978247122920236E7
170900	-1.497507909847092E7
171000	-1.4972954123376245E7
171100	-1.4974371598476676E7
171200	-1.4978492510157697E7
171300	-1.4972071365666267E7
171400	-1.4974106290826464E7
171500	-1.4971379866998889E7
171600	-1.4972589821604662E7
171700	-1.4975000360172687E7
171800	-1.4974565468136368E7
171900	-1.4977632985516984E7
172000	-1.49781882492976E7
172100	-1.4975944441891994E7
172200	-1.4973195210032642E7
172300	-1.4973660834671725E7
172400	-1.4978230597414892E7
172500	-1.4973384930436166E7
172600	-1.4971209585199125E7
172700	-1.4970915470059153E7
172800	-1.4968950415923638E7
172900	-1.497299743617865E7
173000	-1.4973354124461697E7
173100	-1.4973913696163544E7
173200	-1.497107311171871E7
173300	-1.4971186276714746E7
173400	-1.4975562415804394E7
173500	-1.497359283111007E7
173600	-1.4973388424569115E7
173700	-1.4970392882571883E7
173800	-1.4971289479457684E7
173900	-1.4971351174244534E7
174000	-1.4970496170995833E7
174100	-1.49728171345471E7
174200	-1.4967858007744573E7
174300	-1.4971739094374703E7
174400	-1.496951626296127E7
174500	-1.4972029150604008E7
174600	-1.4968279326367391E7
174700	-1.4968202786931626E7
174800	-1.496772478138248E7
174900	-1.4970057784573207E7
175000	-1.4973219789058894E7
175100	-1.4973018376602113E7
175200	-1.4973710196720622E7
175300	-1.4968794959821898E7
175400	-1.4971909622633982E7
175500	-1.4968853413852861E7
175600	-1.4969340688506436E7
175700	-1.4974656185820933E7
175800	-1.4972508998785384E7
175900	-1.4970159537232684E7
176000	-1.4968039497980665E7
176100	-1.4970909061061475E7
176200	-1.4969966752329746E7
176300	-1.497183687774231E7
176400	-1.4974087780281885E7
176500	-1.497492807179057E7
176600	-1.4972408944621304E7
176700	-1.4973911189339025E7
176800	-1.4971146943434196E7
176900	-1.4969320205454947E7
177000	-1.49749479594909E7
177100	-1.4976954032643752E7
177200	-1.4972692337261366E7
177300	-1.497713330502461E7
177400	-1.4971103555801783E7
177500	-1.4972569916868953E7
177600	-1.4973345079147141E7
177700	-1.4974361940444725E7
177800	-1.4974568456076877E7
177900	-1.4976711241831977E7
178000	-1.4972373341634601E7
178100	-1.4969965321594909E7
178200	-1.497013611580442E7
178300	-1.4967951438228143E7
178400	-1.496858699604715E7
178500	-1.4972159824174318E7
178600	-1.4972698868377903E7
178700	-1.4971751142763212E7
178800	-1.4973352079121936E7
178900	-1.4965041343188312E7
179000	-1.4975842562680487E7
179100	-1.4974392618905013E7
179200	-1.497298905818647E7
179300	-1.4971445145070381E7
179400	-1.4969287184253711E7
179500	-1.4966522264137147E7
179600	-1.4968800791240092E7
179700	-1.4968424583785754E7
179800	-1.497545959364396E7
179900	-1.4973053559855722E7
180000	-1.497454177281818E7
180100	-1.4971137745242963E7
180200	-1.4972721739832234E7
180300	-1.4976797352828836E7
180400	-1.4971641588446902E7
180500	-1.497307642578952E7
180600	-1.4969836777888065E7
180700	-1.497016262384989E7
180800	-1.4969056653194215E7
180900	-1.4968260951826876E7
181000	-1.496791941895451E7
181100	-1.4965195185008476E7
181200	-1.4965928292848881E7
181300	-1.4968205501805678E7
181400	-1.4970622875355393E7
181500	-1.4967101289761487E7
181600	-1.4968542033555662E7
181700	-1.4973170849625017E7
181800	-1.4972987055595126E7
181900	-1.4972869639149386E7
182000	-1.4969384431908933E7
182100	-1.4972119542267669E7
182200	-1.4969624963626394E7
182300	-1.4966975960682042E7
182400	-1.4968068685372408E7
182500	-1.4968505053990105E7
182600	-1.4966034178915618E7
182700	-1.4969277497586584E7
182800	-1.4966660155016487E7
182900	-1.4967652772017678E7
183000	-1.4969201458489884E7
183100	-1.4969895778869543E7
183200	-1.4969182918283297E7
183300	-1.4974750075884799E7
183400	-1.4971151357773956E7
183500	-1.4971283041428877E7
183600	-1.4971504230525244E7
183700	-1.4969077095806442E7
183800	-1.4969824683829498E7
183900	-1.4969096783736726E7
184000	-1.4966375038127465E7
184100	-1.4968429907484319E7
184200	-1.4971639567122845E7
184300	-1.496854718012227E7
184400	-1.4964255111423561E7
184500	-1.4966569344772208E7
184600	-1.496645843091112E7
184700	-1.496766093891406E7
184800	-1.4962805768667104E7
184900	-1.496957972017249E7
185000	-1.496708258599195E7
185100	-1.497251267210305E7
185200	-1.4964913677649057E7
185300	-1.4967496397144612E7
185400	-1.4968572325481676E7
185500	-1.496325308624562E7
185600	-1.4961382147284767E7
185700	-1.4962240855587875E7
185800	-1.4967280852687098E7
185900	-1.4963528795925194E7
186000	-1.4965673032520816E7
186100	-1.4969349120678741E7
186200	-1.4967154658481613E7
186300	-1.4968770240620311E7
186400	-1.4969337205751905E7
186500	-1.4970029464576429E7
186600	-1.4968644500087872E7
186700	-1.4964294142767094E7
186800	-1.4967508261220472E7
186900	-1.4961377990697946E7
187000	-1.4973737974376503E7
187100	-1.4964763525720146E7
187200	-1.4964097133784866E7
187300	-1.496641174492586E7
187400	-1.4961924754148649E7
187500	-1.496201486059491E7
187600	-1.4962676991618589E7
187700	-1.4961958820653912E7
187800	-1.4962619277146254E7
187900	-1.4966278893164996E7
188000	-1.4967160364270652E7
188100	-1.496734561889812E7
188200	-1.4967693065366708E7
188300	-1.4967629065758213E7
188400	-1.4970417668180918E7
188500	-1.4969241228375345E7
188600	-1.4967210888237124E7
188700	-1.4969622529502599E7
188800	-1.4968317129307196E7
188900	-1.4971695536714707E7
189000	-1.4975383999780545E7
189100	-1.4974569673565062E7
189200	-1.4971312643900722E7
189300	-1.4965410803870859E7
189400	-1.4970303239805603E7
189500	-1.49636628865126E7
189600	-1.4964319775059137E7
189700	-1.4966473243575826E7
189800	-1.4966422436623454E7
189900	-1.4969926939816112E7
190000	-1.4964452218887854E7
190100	-1.4962373670434471E7
190200	-1.4960902894209296E7
190300	-1.4962966238379862E7
190400	-1.4966295343974274E7
190500	-1.4961713732697478E7
190600	-1.4962094188650107E7
190700	-1.4968010005170101E7
190800	-1.4964447264784975E7
190900	-1.4968461921133129E7
191000	-1.4967074879142234E7
191100	-1.4962525528397962E7
191200	-1.4963477390745433E7
191300	-1.4964351665938837E7
191400	-1.4962810166658346E7
191500	-1.496727178168491E7
191600	-1.4964942934315456E7
191700	-1.4965562461958155E7
191800	-1.4967589442911666E7
191900	-1.4965456712059854E7
192000	-1.4967106353612218E7
192100	-1.4968217629519133E7
192200	-1.4964599921661891E7
192300	-1.497061410054802E7
192400	-1.496789817368181E7
192500	-1.4965908807640066E7
192600	-1.4964382374918839E7
192700	-1.4965678102606244E7
192800	-1.4963661401206078E7
192900	-1.4965547734548E7
193000	-1.4968829268448817E7
193100	-1.4967352573812146E7
193200	-1.4966804655424178E7
193300	-1.4963365819668004E7
193400	-1.4965337395175945E7
193500	-1.4962883164220477E7
193600	-1.4968414894169878E7
193700	-1.4972529247518256E7
193800	-1.4970571823368154E7
193900	-1.496517868062675E7
194000	-1.4963608572492132E7
194100	-1.496679767220186E7
194200	-1.496577897029558E7
194300	-1.4968333851928553E7
194400	-1.496981790918082E7
194500	-1.4972189491754707E7
194600	-1.496365021101383E7
194700	-1.4970568976339964E7
194800	-1.4967437077956265E7
194900	-1.4968218853861809E7
195000	-1.4969399135436628E7
195100	-1.4966554141020902E7
195200	-1.4964843017150799E7
195300	-1.4966057632688792E7
195400	-1.496742607748753E7
195500	-1.4970633108652543E7
195600	-1.4964824404989569E7
195700	-1.496927305268088E7
195800	-1.4968726702472033E7
195900	-1.4967082974670775E7
196000	-1.4969240677308429E7
196100	-1.4970212828040682E7
196200	-1.4971381908712205E7
196300	-1.4967178693172982E7
196400	-1.496780024515524E7
196500	-1.497258255220828E7
196600	-1.4963998050759092E7
196700	-1.496148785082622E7
196800	-1.4962325089084376E7
196900	-1.496552706233574E7
197000	-1.4970378617706245E7
197100	-1.4971089213709233E7
197200	-1.4970262213117002E7
197300	-1.4972836845294671E7
197400	-1.4974177216530763E7
197500	-1.4967675521075007E7
197600	-1.4974028447525822E7
197700	-1.496710785631491E7
197800	-1.4972029008990498E7
197900	-1.4969192658678578E7
198000	-1.4968988394473026E7
198100	-1.4975028187557636E7
198200	-1.4974025550678441E7
198300	-1.4971656423288953E7
198400	-1.4968260488134373E7
198500	-1.4969576473747E7
198600	-1.4970187284948524E7
198700	-1.4968698270381112E7
198800	-1.4972705675074521E7
198900	-1.4971912529012E7
199000	-1.4967826530700281E7
199100	-1.4966118909441892E7
199200	-1.4969594854973951E7
199300	-1.4967696431540368E7
199400	-1.4965587121311564E7
199500	-1.4967919297026917E7
199600	-1.4968591548343318E7
199700	-1.4969359959698716E7
199800	-1.4965277567154571E7
199900	-1.496851075377324E7
200000	-1.4973235280096853E7
200100	-1.4967567301456613E7
200200	-1.4977477405116774E7
200300	-1.4968215781034514E7
200400	-1.4967439156105561E7
200500	-1.4968163557287758E7
200600	-1.4966076009045018E7
200700	-1.4965263890005298E7
200800	-1.4972739004591873E7
200900	-1.496677321926718E7
201000	-1.4973090578244936E7
201100	-1.4967580153257161E7
201200	-1.4969752413186334E7
201300	-1.4964515998295113E7
201400	-1.4965722128741084E7
201500	-1.4970963642451497E7
201600	-1.4963216555733467E7
201700	-1.4966812777226184E7
201800	-1.4964963688085703E7
201900	-1.4961636427431561E7
202000	-1.496546256042236E7
202100	-1.496752206584193E7
202200	-1.4963198155999713E7
202300	-1.496193522189711E7
202400	-1.4963659760203646E7
202500	-1.4963831882423416E7
202600	-1.4959906067910993E7
202700	-1.4966282060800323E7
202800	-1.4969565139938554E7
202900	-1.4966739539007623E7
203000	-1.4965616832077298E7
203100	-1.496825134457884E7
203200	-1.4966225177223278E7
203300	-1.496709765287809E7
203400	-1.4970513487959487E7
203500	-1.4968226517717648E7
203600	-1.4973185174878731E7
203700	-1.4972251688205604E7
203800	-1.497295264182016E7
203900	-1.4973155648763908E7
204000	-1.4967971001710773E7
204100	-1.4968061672291381E7
204200	-1.4970744035543319E7
204300	-1.4970252174758997E7
204400	-1.496872421524327E7
204500	-1.4968433932350907E7
204600	-1.4970043692310998E7
204700	-1.4967907461110264E7
204800	-1.4969599884449974E7
204900	-1.497239125742516E7
205000	-1.4963029780884895E7
205100	-1.4970285845174827E7
205200	-1.496622870305002E7
205300	-1.4969079682776857E7
205400	-1.4965045045337355E7
205500	-1.4964096618729256E7
205600	-1.4965314654618677E7
205700	-1.4966418976954551E7
205800	-1.4964141754398476E7
205900	-1.4962399966659978E7
206000	-1.4966712314705964E7
206100	-1.4967585460284747E7
206200	-1.4966168194700021E7
206300	-1.4966915506767787E7
206400	-1.4966398428044695E7
206500	-1.4964974412982617E7
206600	-1.496767334201821E7
206700	-1.497010424518141E7
206800	-1.4968780196781872E7
206900	-1.496511926287461E7
207000	-1.4965466158003718E7
207100	-1.4966023806750653E7
207200	-1.496694557135642E7
207300	-1.4966487378152894E7
207400	-1.4968590718129775E7
207500	-1.4970345643574242E7
207600	-1.4971359082642281E7
207700	-1.4968855538883824E7
207800	-1.4966294321402978E7
207900	-1.4972958026908835E7
208000	-1.4968479106222056E7
208100	-1.4974668581094015E7
208200	-1.496564411976883E7
208300	-1.4968909608826324E7
208400	-1.497123345335254E7
208500	-1.4971870048658753E7
208600	-1.4964933148110317E7
208700	-1.4973140982156577E7
208800	-1.4966584317699037E7
208900	-1.4969387144216014E7
209000	-1.496882417833236E7
209100	-1.4963192893782148E7
209200	-1.4965495049272303E7
209300	-1.4969477430665191E7
209400	-1.496660433260857E7
209500	-1.497346496237136E7
209600	-1.4967502537140105E7
209700	-1.4969404622192072E7
209800	-1.4970212339704059E7
209900	-1.4962814934392072E7
210000	-1.4968591875509338E7
210100	-1.4966743579668464E7
210200	-1.4971521569015913E7
210300	-1.497337611770805E7
210400	-1.4965448916994693E7
210500	-1.4966411945486404E7
210600	-1.4965208527806368E7
210700	-1.4967899490703015E7
210800	-1.4966208994553119E7
210900	-1.4968306129451372E7
211000	-1.4970189762357496E7
211100	-1.4966108791708339E7
211200	-1.496574766422078E7
211300	-1.4970551421787761E7
211400	-1.49696185262421E7
211500	-1.4964438649162624E7
211600	-1.4967096453751551E7
211700	-1.4967305600102834E7
211800	-1.4963592018573288E7
211900	-1.496541489333495E7
212000	-1.4964630131852195E7
212100	-1.4967481995909179E7
212200	-1.496523377898775E7
212300	-1.4965962336906882E7
212400	-1.496595346012643E7
212500	-1.496617923927744E7
212600	-1.4968177384903725E7
212700	-1.496856234479048E7
212800	-1.4971385337331168E7
212900	-1.4969465841973577E7
213000	-1.4968664308835177E7
213100	-1.4964744848129833E7
213200	-1.4965436351476343E7
213300	-1.4966131418319607E7
213400	-1.4965955852391802E7
213500	-1.4960745118161846E7
213600	-1.4965180802469619E7
213700	-1.4963467205343435E7
213800	-1.4963838769624202E7
213900	-1.4963496488708008E7
214000	-1.496074794262195E7
214100	-1.4964766762570258E7
214200	-1.4968662961618729E7
214300	-1.4963818436127946E7
214400	-1.496457915141852E7
214500	-1.4962270720421938E7
214600	-1.4964148639260124E7
214700	-1.4965520054797163E7
214800	-1.495977151898292E7
214900	-1.4958857648397222E7
215000	-1.4966860755576756E7
215100	-1.4968348547292247E7
215200	-1.4965207477760168E7
215300	-1.4968251921862703E7
215400	-1.4967586960213503E7
215500	-1.496656287456373E7
215600	-1.4965350987807265E7
215700	-1.4966202506979614E7
215800	-1.4969692505924407E7
215900	-1.497433173915194E7
216000	-1.4967038856243437E7
216100	-1.4967925174952378E7
216200	-1.4969828459130365E7
216300	-1.4967206209786111E7
216400	-1.4965167321920909E7
216500	-1.4970944423586365E7
216600	-1.4968660845863635E7
216700	-1.4966965105825966E7
216800	-1.4964726615182761E7
216900	-1.4968846327122314E7
217000	-1.4970396485294681E7
217100	-1.4969974898530466E7
217200	-1.4966822760727381E7
217300	-1.4961650008226318E7
217400	-1.4966797174480742E7
217500	-1.4966241635437898E7
217600	-1.4967195335246626E7
217700	-1.496661638064087E7
217800	-1.496408721212678E7
217900	-1.4970147727007275E7
218000	-1.4962586563245885E7
218100	-1.4965203593592817E7
218200	-1.4965131273215178E7
218300	-1.4970179965208704E7
218400	-1.4971428583166985E7
218500	-1.497171998001268E7
218600	-1.4966941642712811E7
218700	-1.4967922975100486E7
218800	-1.4965519154134486E7
218900	-1.4974429423363829E7
219000	-1.496741315197054E7
219100	-1.4971038411737083E7
219200	-1.496647634161152E7
219300	-1.4968530490022356E7
219400	-1.4972320639077859E7
219500	-1.4969639084379684E7
219600	-1.4971225468660474E7
219700	-1.4968164932214085E7
219800	-1.4968031089667387E7
219900	-1.4969051755495714E7
220000	-1.4968811890700072E7
220100	-1.4968225530816143E7
220200	-1.496939830357143E7
220300	-1.4971319974765273E7
220400	-1.4970924473145531E7
220500	-1.4965060993279802E7
220600	-1.4965587564269494E7
220700	-1.496922833846293E7
220800	-1.4967329578580474E7
220900	-1.496482512521849E7
221000	-1.496800865329543E7
221100	-1.4968940121450385E7
221200	-1.4968874069083137E7
221300	-1.4966275531584403E7
221400	-1.4970704309571676E7
221500	-1.4972251246791756E7
221600	-1.4969057172227407E7
221700	-1.49733807173982E7
221800	-1.4969325796417188E7
221900	-1.4969185484780999E7
222000	-1.4964805394332085E7
222100	-1.496490744229132E7
222200	-1.4965902099514285E7
222300	-1.4967384465130782E7
222400	-1.4963168187907137E7
222500	-1.4967333734343352E7
222600	-1.4968445673567243E7
222700	-1.4966817613691414E7
222800	-1.4970296556149568E7
222900	-1.4968643860162878E7
223000	-1.497002049041543E7
223100	-1.4967295795685256E7
223200	-1.496519644365547E7
223300	-1.4967508317154557E7
223400	-1.4966758287580684E7
223500	-1.4965185308653032E7
223600	-1.4969397308728822E7
223700	-1.4965411030518556E7
223800	-1.496913783807771E7
223900	-1.496875347486591E7
224000	-1.4966824493078697E7
224100	-1.496802498679917E7
224200	-1.4966028169982783E7
224300	-1.4969785434630765E7
224400	-1.4966037636755444E7
224500	-1.4976373971011076E7
224600	-1.496910710787512E7
224700	-1.4975041809462287E7
224800	-1.49748676529545E7
224900	-1.497379875249622E7
225000	-1.4967753273133906E7
225100	-1.4966734657708462E7
225200	-1.4967969584428659E7
225300	-1.4966066028517567E7
225400	-1.4964910983724587E7
225500	-1.496824359566482E7
225600	-1.4968274162078159E7
225700	-1.4967055006718896E7
225800	-1.496913123496679E7
225900	-1.4964434347219944E7
226000	-1.4965647372860387E7
226100	-1.4965603787390951E7
226200	-1.49687693100183E7
226300	-1.4970499653608575E7
226400	-1.4970593266315008E7
226500	-1.4974109355056059E7
226600	-1.4975192733712552E7
226700	-1.497067645004293E7
226800	-1.4971822523545636E7
226900	-1.4973191537402589E7
227000	-1.4978868643950883E7
227100	-1.497463033821445E7
227200	-1.4971551109638298E7
227300	-1.4967769712502325E7
227400	-1.4967946862690808E7
227500	-1.4969795104309337E7
227600	-1.4970331738749975E7
227700	-1.496652254455307E7
227800	-1.4965647284585662E7
227900	-1.4962473050178718E7
228000	-1.4965638811834913E7
228100	-1.4969240537781268E7
228200	-1.4970076516617153E7
228300	-1.4967355547380649E7
228400	-1.4968352078535337E7
228500	-1.4962562468123948E7
228600	-1.497152713105507E7
228700	-1.4966733209710667E7
228800	-1.4966157404026607E7
228900	-1.4967385716880754E7
229000	-1.4965768300589183E7
229100	-1.4963360773713656E7
229200	-1.4962866346995048E7
229300	-1.4969282584066411E7
229400	-1.4965666470520426E7
229500	-1.4967558319546087E7
229600	-1.4961534648484588E7
229700	-1.4962006214682393E7
229800	-1.4968313021936314E7
229900	-1.496710021494822E7
230000	-1.4968641280753536E7
230100	-1.4966281017994126E7
230200	-1.4963349300806537E7
230300	-1.4965208645474598E7
230400	-1.4967333610324387E7
230500	-1.4966070292150985E7
230600	-1.4965067445648741E7
230700	-1.4963976717637401E7
230800	-1.496956538846997E7
230900	-1.4966751458468314E7
231000	-1.4964666501619764E7
231100	-1.4967904048061635E7
231200	-1.496371957105635E7
231300	-1.4968402312496118E7
231400	-1.4969608141465925E7
231500	-1.4962219636392348E7
231600	-1.496536321578763E7
231700	-1.4962976541267633E7
231800	-1.4967021743973415E7
231900	-1.4964627095813647E7
232000	-1.4966756356035287E7
232100	-1.4968550871045705E7
232200	-1.4967206215882156E7
232300	-1.4962004185130868E7
232400	-1.4966277431296397E7
232500	-1.4963339654641947E7
232600	-1.4964754278226279E7
232700	-1.496228386248425E7
232800	-1.4966418525536729E7
232900	-1.4969370552523423E7
233000	-1.4966020803453824E7
233100	-1.495901677428417E7
233200	-1.4965453378248246E7
233300	-1.4967764939573428E7
233400	-1.496835257722452E7
233500	-1.4962720406215636E7
233600	-1.4965139533217406E7
233700	-1.4960808130369458E7
233800	-1.4965801940707259E7
233900	-1.4968330649917856E7
234000	-1.49632439302022E7
234100	-1.4961913816994153E7
234200	-1.4968530514737701E7
234300	-1.496737279471919E7
234400	-1.496059915655626E7
234500	-1.4960183603926439E7
234600	-1.4963182638735143E7
234700	-1.4965880564681996E7
234800	-1.4968538407173159E7
234900	-1.4958717231038205E7
235000	-1.496187794692129E7
235100	-1.4966877224043468E7
235200	-1.4966048339641685E7
235300	-1.4965413099906696E7
235400	-1.4963629085415453E7
235500	-1.495890394934503E7
235600	-1.4955247430398835E7
235700	-1.4960002212373389E7
235800	-1.496263349149774E7
235900	-1.4960758447286924E7
236000	-1.4963952580897588E7
236100	-1.4962889688115235E7
236200	-1.4957952256337056E7
236300	-1.4962027133655747E7
236400	-1.4964688919666799E7
236500	-1.4966480478193328E7
236600	-1.4961075795839109E7
236700	-1.4965899067814138E7
236800	-1.4962959815618865E7
236900	-1.4960327100558769E7
237000	-1.4961530315340716E7
237100	-1.4962186019726276E7
237200	-1.495771151248537E7
237300	-1.4959735180761743E7
237400	-1.496384582160407E7
237500	-1.4964567707327306E7
237600	-1.4964099347086133E7
237700	-1.4965200714019476E7
237800	-1.4967265131248692E7
237900	-1.4970214361287814E7
238000	-1.4966513999984317E7
238100	-1.4966746164464697E7
238200	-1.4962416687380303E7
238300	-1.4960988038074574E7
238400	-1.4958480012742953E7
238500	-1.4958900939340003E7
238600	-1.4962438920984717E7
238700	-1.496441324984746E7
238800	-1.4968569900020355E7
238900	-1.4964960279892601E7
239000	-1.4967075515085107E7
239100	-1.4961279837025147E7
239200	-1.4962690573562136E7
239300	-1.496583577502076E7
239400	-1.4970360848660318E7
239500	-1.4964245219804563E7
239600	-1.4965147447559865E7
239700	-1.496614244812312E7
239800	-1.4969009273132794E7
239900	-1.4969276903299982E7
240000	-1.4968497529586691E7
240100	-1.4967597455873927E7
240200	-1.4968334232009998E7
240300	-1.4969219935477693E7
240400	-1.4962208928428043E7
240500	-1.4966978099815715E7
240600	-1.4971205740619006E7
240700	-1.4970948677874872E7
240800	-1.4965277000197368E7
240900	-1.4967338063417422E7
241000	-1.4969405495114978E7
241100	-1.4969358124990072E7
241200	-1.496568481842087E7
241300	-1.4970086477944903E7
241400	-1.4965375370474612E7
241500	-1.4965227282492856E7
241600	-1.4968107209021814E7
241700	-1.4966657595674451E7
241800	-1.4964795459283525E7
241900	-1.497097672746892E7
242000	-1.4967420683431324E7
242100	-1.4963597054473273E7
242200	-1.496717451861539E7
242300	-1.4958311154120408E7
242400	-1.4958758902546179E7
242500	-1.4957576653504925E7
242600	-1.4962607077430032E7
242700	-1.4962091137891294E7
242800	-1.4963903262235763E7
242900	-1.4967513172243929E7
243000	-1.4972432552439883E7
243100	-1.4970962264223633E7
243200	-1.4965592944529144E7
243300	-1.4963294778233593E7
243400	-1.4960847286223918E7
243500	-1.4962559035889456E7
243600	-1.4966349180370925E7
243700	-1.4961815198023332E7
243800	-1.4961895618268965E7
243900	-1.4957755420048784E7
244000	-1.4957915907369005E7
244100	-1.496341466902591E7
244200	-1.4963179779160436E7
244300	-1.496488285320875E7
244400	-1.4963530790551174E7
244500	-1.4960657283040544E7
244600	-1.496577523026778E7
244700	-1.4959852966183795E7
244800	-1.496285067768258E7
244900	-1.4961073479358291E7
245000	-1.4964385450374028E7
245100	-1.4961062810687011E7
245200	-1.4965018861058457E7
245300	-1.4962035715287745E7
245400	-1.4957709250464838E7
245500	-1.4966375272183908E7
245600	-1.496617723162588E7
245700	-1.496662146882057E7
245800	-1.4957558239974951E7
245900	-1.4962154890517375E7
246000	-1.4960679194729816E7
246100	-1.4957515227430677E7
246200	-1.495937751055983E7
246300	-1.496221746934933E7
246400	-1.4962036534077633E7
246500	-1.4965466733204456E7
246600	-1.4963551775366686E7
246700	-1.4962098898031764E7
246800	-1.4960075036896097E7
246900	-1.4961456253882915E7
247000	-1.4962395031879375E7
247100	-1.495876126526126E7
247200	-1.4960470527613416E7
247300	-1.496168205344915E7
247400	-1.4960230104319923E7
247500	-1.4963718247623174E7
247600	-1.4967007318687538E7
247700	-1.496425532340084E7
247800	-1.4963831840506399E7
247900	-1.4962995384301383E7
248000	-1.4963599555092487E7
248100	-1.4963211650040176E7
248200	-1.4964728958590966E7
248300	-1.4965229007562973E7
248400	-1.496528263335074E7
248500	-1.496525247412408E7
248600	-1.4964487539613267E7
248700	-1.4966387682542311E7
248800	-1.4962501162133072E7
248900	-1.4962307334202444E7
249000	-1.4969589169240866E7
249100	-1.4962026368417699E7
249200	-1.4966611063402267E7
249300	-1.4962887565763615E7
249400	-1.4963436211433763E7
249500	-1.495885241761073E7
249600	-1.4971008013151929E7
249700	-1.496837844968828E7
249800	-1.4968446520553553E7
249900	-1.4965082261345115E7
250000	-1.4970656060019333E7
250100	-1.4968113374844458E7
250200	-1.4969010815827966E7
250300	-1.4970839327289566E7
250400	-1.4963185274226205E7
250500	-1.4961889763183584E7
250600	-1.4962429409244454E7
250700	-1.496321017628592E7
250800	-1.4960714645316657E7
250900	-1.4960659675550459E7
251000	-1.496750810174499E7
251100	-1.4962296097719284E7
251200	-1.4968184379976371E7
251300	-1.4963468603727983E7
251400	-1.4966027840500332E7
251500	-1.496891731632927E7
251600	-1.4971095556078289E7
251700	-1.4971380960998613E7
251800	-1.496666660787106E7
251900	-1.4963933907989405E7
252000	-1.497151479506824E7
252100	-1.4971609574281987E7
252200	-1.4969600535458867E7
252300	-1.4970395954229288E7
252400	-1.496708591616777E7
252500	-1.4968477007056033E7
252600	-1.496925851742672E7
252700	-1.4968177820222463E7
252800	-1.4968748360490661E7
252900	-1.4970078832638854E7
253000	-1.497198238485917E7
253100	-1.4968644273443725E7
253200	-1.4972392684848707E7
253300	-1.4969476556041513E7
253400	-1.4966187198492238E7
253500	-1.497065436540847E7
253600	-1.496829444493413E7
253700	-1.496622347666103E7
253800	-1.4966320333104461E7
253900	-1.4970278116847051E7
254000	-1.4969617116006553E7
254100	-1.4970196129241716E7
254200	-1.4965263200559242E7
254300	-1.4967521057537312E7
254400	-1.4969460546351489E7
254500	-1.4965230977883065E7
254600	-1.4965447098907886E7
254700	-1.4961889823221631E7
254800	-1.4965083544519462E7
254900	-1.4965075327731665E7
255000	-1.4967191145569729E7
255100	-1.4971093168065447E7
255200	-1.4970577280159516E7
255300	-1.49710125305117E7
255400	-1.4972352460501354E7
255500	-1.4966508590374298E7
