iteration	timestamp	zTotalTime	phiTotalTime	typeTokenDensity	documentDensity	z-0	countUpdate-0	phiDensity
0	1601296221015	0	0	0.001	0.0	0	0	0.9890783149561776
100	1601296232613	24	20	0.0011068702290076336	0.0011613780598368087	6	18	0.9889522193949675
200	1601296242853	20	6	0.0013313542550183772	0.0017175883952855848	6	13	0.9887130336443314
300	1601296253432	20	8	0.0016354255018377155	0.002770625566636446	7	12	0.9884387899349731
400	1601296264321	23	15	0.0019427480916030535	0.003981414324569356	9	13	0.988171048911507
500	1601296275040	19	9	0.0021088493073225896	0.004810063463281959	8	11	0.9880667232117614
600	1601296285899	30	8	0.002232824427480916	0.0054252039891205805	17	13	0.9879158891716143
700	1601296296891	28	23	0.002321882951653944	0.005890299184043517	11	13	0.9878461973423805
800	1601296308150	24	18	0.002365281311846197	0.006180870353581142	11	13	0.9878190556969183
900	1601296319540	30	8	0.0024345490528696638	0.006359020852221215	11	18	0.9877643483177835
1000	1601296330920	27	12	0.0024570257280180944	0.006573436083408884	12	14	0.987717133163698
1100	1601296342159	26	10	0.002509471303364433	0.006714868540344515	12	14	0.9877254735651683
1200	1601296353628	25	6	0.002502827254735652	0.006832275611967361	10	14	0.9876837715578174
1300	1601296365053	28	10	0.0025470737913486003	0.006839075249320036	11	17	0.9877206672321176
1400	1601296376239	26	16	0.0025513146734520782	0.006970534904805078	12	14	0.9875651682216567
1500	1601296387458	23	23	0.002580859485439638	0.007047144152311877	12	10	0.9875394402035623
1600	1601296398735	32	13	0.002601922533220243	0.007175883952855848	18	14	0.9876567712750919
1700	1601296409880	27	11	0.0026154933559513712	0.007240707162284679	13	13	0.9875831212892282
1800	1601296421055	32	11	0.0026453208934124964	0.0072665457842248414	11	20	0.98753251342946
1900	1601296432623	29	7	0.002650268589199887	0.007320036264732548	12	17	0.9876284987277354
2000	1601296444096	36	9	0.0026368391292055414	0.007303263825929284	21	15	0.9875255866553576
2100	1601296455242	32	8	0.002648996324568844	0.007302357207615595	14	17	0.9875517387616625
2200	1601296466580	28	12	0.0026785411365564038	0.007300543970988214	12	16	0.9875701159174441
2300	1601296477975	29	19	0.002697907831495618	0.007395738893925658	12	16	0.9875267175572519
2400	1601296489607	25	12	0.0026969182923381398	0.007386219401631913	12	13	0.9875254452926209
2500	1601296500990	25	8	0.002711337291489963	0.007432910244786944	12	13	0.9874626802374894
2600	1601296512205	26	13	0.002718970879276223	0.00741341795104261	11	14	0.9874710206389595
2700	1601296523512	23	14	0.0027196776929601357	0.007375339981867634	12	11	0.9874643765903308
2800	1601296534995	29	14	0.002741023466214306	0.00748821396192203	11	18	0.9874901046084252
2900	1601296546578	25	15	0.0027417302798982187	0.007576155938349955	11	13	0.9875320893412497
3000	1601296557856	37	15	0.0027602487984167375	0.007512239347234813	11	26	0.9875103194797852
3100	1601296569454	27	16	0.0027414475544246535	0.007553943789664552	14	12	0.987503251342946
3200	1601296580839	34	12	0.00274399208368674	0.007597461468721669	11	22	0.9874290359061352
3300	1601296592415	26	22	0.0027465366129488266	0.007540344514959202	11	14	0.987448685326548
3400	1601296603293	29	7	0.002782584110828386	0.007529918404351768	12	16	0.9873787107718406
3500	1601296614843	32	11	0.0027900763358778627	0.007597461468721669	12	20	0.9874783715012723
3600	1601296626453	29	23	0.0027876731693525585	0.0076137805983680865	15	13	0.987416737348035
3700	1601296638137	25	15	0.0027806050325134292	0.007608340888485947	12	13	0.9874923664122137
3800	1601296649368	22	17	0.0028022335312411647	0.007656844968268358	11	11	0.987468758835171
3900	1601296660819	29	15	0.0028013853548204694	0.007646418857660924	13	15	0.9874502403166525
4000	1601296672181	28	24	0.0028088775798699463	0.00763871260199456	13	15	0.9874318631608708
4100	1601296683857	26	15	0.0028213175007068135	0.007733000906618315	12	14	0.9874361040429743
4200	1601296695417	33	13	0.002815380265761945	0.007723028105167724	12	21	0.9874358213175007
4300	1601296707043	26	15	0.002817783432287249	0.007702175883952856	12	14	0.9874205541419282
4400	1601296718274	35	15	0.002842945999434549	0.007749320036264732	14	20	0.9874165959852983
4500	1601296729669	34	15	0.0028013853548204694	0.007777425203989121	18	15	0.987456460277071
4600	1601296741286	30	22	0.0028399773819621148	0.007753853127833182	13	17	0.9873867684478371
4700	1601296753068	31	13	0.002840966921119593	0.007715775158658205	12	18	0.9873936952219395
4800	1601296764600	25	13	0.0028347469607011592	0.007712148685403446	11	13	0.9873483177834322
4900	1601296776113	32	17	0.002839270568278202	0.00772529465095195	12	19	0.9873204693242861
5000	1601296787616	26	10	0.0028657054000565453	0.007754759746146872	14	11	0.9873375742154368
5100	1601296798925	25	14	0.002856234096692112	0.007761559383499547	12	13	0.987445433983602
5200	1601296810111	35	14	0.0028678258411082838	0.007833182230281052	20	15	0.9874218264065592
5300	1601296821471	34	15	0.002863302233531241	0.007837262012692657	20	13	0.9873336160588069
5400	1601296833054	26	26	0.0028784280463669777	0.00792067089755213	13	13	0.9873945433983602
5500	1601296844772	33	9	0.00286598812553011	0.007844514959202176	14	18	0.9874116482895109
5600	1601296856547	36	15	0.0028713599095278484	0.007873073436083408	22	14	0.9873840825558383
5700	1601296868172	26	15	0.002881679389312977	0.007912058023572076	12	13	0.9873514277636415
5800	1601296879885	34	21	0.0028938365846762795	0.007907524932003626	15	18	0.987371925360475
5900	1601296891236	29	19	0.0028958156629912356	0.007958748866727107	15	14	0.9873757421543681
6000	1601296902722	35	13	0.0028996324568843655	0.00793699002719855	21	14	0.9873904438789936
6100	1601296914623	33	9	0.0029120723777212327	0.007931097008159565	15	18	0.987362171331637
6200	1601296926263	38	16	0.0028941193101498443	0.007921577515865821	23	15	0.9873158043539723
6300	1601296937567	27	15	0.002901046084252191	0.007959202175883954	13	13	0.9874045801526717
6400	1601296949038	31	13	0.0029187164263500143	0.007946056210335449	19	11	0.9873873338987843
6500	1601296960346	28	17	0.002925925925925926	0.007955122393472349	14	14	0.9873261238337574
6600	1601296972102	30	13	0.0028996324568843655	0.007956482320942882	13	16	0.9873221656771275
6700	1601296983498	29	23	0.002919140514560362	0.007968268359020852	13	16	0.9873404014701724
6800	1601296995265	25	13	0.002941899915182358	0.007976881233000907	12	13	0.9872810291207238
6900	1601297006851	23	22	0.002931014984450099	0.008012692656391658	11	11	0.9873344642352276
7000	1601297018276	30	16	0.0029386485722363584	0.00795330915684497	12	18	0.9873822448402602
7100	1601297030094	33	14	0.002952784845914617	0.007972801450589302	13	19	0.9873635849590048
7200	1601297041575	24	12	0.0029509471303364432	0.007993653671804171	13	11	0.9873249929318632
7300	1601297052798	29	24	0.002935114503816794	0.008043970988213963	13	15	0.9873864857223635
7400	1601297064464	33	10	0.002955753463387051	0.007995920217588395	12	20	0.9873261238337574
7500	1601297076131	31	18	0.0029597116200169634	0.007974161378059837	13	18	0.9872930449533504
7600	1601297087719	32	9	0.002951795306757139	0.007949229374433365	13	19	0.9873142493638677
7700	1601297099414	32	16	0.002947978512864009	0.00793608340888486	21	11	0.9873338987842805
7800	1601297110935	30	17	0.0029533502968617474	0.008054397098821397	12	17	0.9873204693242861
7900	1601297122359	26	13	0.0029573084534916597	0.00808839528558477	14	11	0.9872845631891434
8000	1601297134048	26	24	0.00296607294317218	0.008049410698096102	12	13	0.9873026576194515
8100	1601297145882	30	8	0.0029345490528696633	0.008018585675430644	12	18	0.9873225897653378
8200	1601297157250	29	12	0.0029529262086513994	0.008051677243880326	12	16	0.9872882386202997
8300	1601297168758	26	16	0.0029512298558100085	0.008080689029918405	12	13	0.9872986994628216
8400	1601297180044	29	12	0.002968758835171049	0.008089301903898458	12	16	0.9872851286400904
8500	1601297191629	27	14	0.0029611252473847895	0.008110154125113327	13	13	0.9873521345773254
8600	1601297203657	26	21	0.0029773819621147866	0.008089301903898458	14	12	0.9872835736499859
8700	1601297215168	31	13	0.002976816511167656	0.008029011786038077	13	18	0.9873059089623976
8800	1601297226665	25	11	0.0029797851286400903	0.008108340888485948	12	13	0.9873360192253322
8900	1601297238186	40	15	0.0030014136273678257	0.008151405258386219	21	19	0.9873052021487136
9000	1601297249673	30	17	0.002981340118744699	0.008111967361740706	12	17	0.9872972858354537
9100	1601297261404	28	15	0.002999010460842522	0.008142339075249319	14	14	0.987331636980492
9200	1601297272988	26	14	0.002984308736217133	0.008125113327289211	14	11	0.9872651964942041
9300	1601297284639	38	9	0.002969041560644614	0.008133726201269266	21	17	0.987248374328527
9400	1601297296163	29	25	0.0029821882951653945	0.008102901178603808	12	16	0.9873074639525021
9500	1601297307438	30	10	0.0029967486570540007	0.008117860380779692	12	18	0.9872790500424088
9600	1601297319093	29	13	0.00299618320610687	0.008101541251133272	13	16	0.9872495052304212
9700	1601297330761	48	14	0.002992931863160871	0.008112420670897553	26	21	0.9872847045518801
9800	1601297342136	26	20	0.002986429177268872	0.008134632819582956	12	14	0.9873006785411366
9900	1601297353649	26	15	0.002978512864009047	0.008142339075249319	13	13	0.9872253322024315
10000	1601297365381	31	8	0.002984026010743568	0.008110154125113327	14	16	0.9872718405428329
10100	1601297377389	28	14	0.002977806050325134	0.008131006346328197	14	13	0.9873258411082838
10200	1601297388905	29	13	0.002982612383375742	0.008124660018132366	14	14	0.9873156629912355
10300	1601297400547	38	14	0.0029898218829516538	0.008104714415231189	21	17	0.9873392705682782
10400	1601297412256	28	24	0.003005371783997738	0.00808476881233001	13	15	0.9872661860333616
10500	1601297423752	29	12	0.003001837715578174	0.008094741613780598	13	15	0.9873432287249081
10600	1601297435515	26	14	0.0029916595985298275	0.008130099728014505	13	12	0.987253604749788
10700	1601297447178	27	13	0.002978936952219395	0.008123753399818676	14	12	0.9872707096409387
10800	1601297458707	26	15	0.0029967486570540007	0.008125566636446056	14	11	0.987297144472717
10900	1601297470804	39	13	0.0029878428046366977	0.00815684496826836	19	19	0.9872342380548488
11000	1601297482631	30	23	0.003002827254735652	0.008151858567543064	14	15	0.9872685891998869
11100	1601297494357	29	24	0.003016256714729997	0.008125566636446056	15	13	0.9872465366129488
11200	1601297506005	32	13	0.002999010460842522	0.008100634632819584	13	19	0.9873616058806899
11300	1601297517660	30	8	0.00300381679389313	0.008227561196736174	13	16	0.9872307039864292
11400	1601297529293	29	9	0.0030274243709358215	0.008198096101541251	15	13	0.9872374893977948
11500	1601297540448	28	8	0.0030182357930449532	0.008190389845874887	15	12	0.9872540288379983
11600	1601297552147	27	11	0.003009612666101216	0.008201722574796011	13	13	0.9873300819903873
11700	1601297563936	35	15	0.003031947978512864	0.008228921124206708	14	20	0.9872649137687306
11800	1601297575727	30	17	0.0030251625671473	0.008154578422484135	13	16	0.9871709075487701
11900	1601297587325	32	12	0.003010178117048346	0.008168631006346329	13	19	0.9873183488832343
12000	1601297599172	36	13	0.0030251625671473	0.008190389845874887	20	16	0.9872602487984168
12100	1601297610912	34	25	0.003014984450098954	0.008203989120580235	13	20	0.9872974271981906
12200	1601297622116	27	24	0.0030359061351427764	0.008190843155031732	14	13	0.9872217981340119
12300	1601297633690	27	14	0.0030487701441899917	0.008157298277425205	13	14	0.9872201017811705
12400	1601297645616	33	13	0.003018377155781736	0.008187669990933817	14	18	0.9872550183771558
12500	1601297657211	24	19	0.003034351145038168	0.008151858567543064	11	13	0.9872311280746395
12600	1601297668458	29	13	0.0030277070964093867	0.008159111514052584	13	15	0.9872927622278768
12700	1601297679749	28	14	0.003023042126095561	0.00821350861287398	14	14	0.9872465366129488
12800	1601297691419	27	13	0.003034633870511733	0.008230281051677243	13	13	0.9872660446706248
12900	1601297702920	27	7	0.00302572801809443	0.008188123300090661	13	13	0.9872704269154651
13000	1601297714587	35	12	0.003038450664404863	0.008228014505893019	19	15	0.9872668928470455
13100	1601297726194	31	20	0.003063189143341815	0.008186310063463282	13	17	0.987280180944303
13200	1601297737782	28	20	0.0030466497031382527	0.008237080689029919	14	14	0.9872577042691546
13300	1601297749449	29	22	0.003032372066723212	0.008257026291931096	14	15	0.9872629346904156
13400	1601297761016	26	14	0.003048628781453209	0.008242067089755212	13	12	0.9872155781735934
13500	1601297772065	27	13	0.0030224766751484307	0.008213055303717135	13	14	0.9872912072377721
13600	1601297783537	26	14	0.003052586938083121	0.008312783318223028	13	13	0.987156064461408
13700	1601297795313	33	15	0.0030470737913486003	0.00827742520398912	14	18	0.9872584110828385
13800	1601297806739	25	12	0.003057110545660164	0.008242067089755212	13	11	0.9872940344925077
13900	1601297818029	46	13	0.0030501837715578173	0.008298730734360833	24	21	0.9873258411082838
14000	1601297829684	27	20	0.003060361888606163	0.00829555757026292	13	13	0.9872359344076901
14100	1601297841300	25	12	0.0030637545942889454	0.008253399818676338	13	11	0.9871942324003393
14200	1601297852696	28	9	0.003038026576194515	0.00826835902085222	13	14	0.9872692960135708
14300	1601297864312	33	13	0.0030756290641786826	0.0082792384406165	15	18	0.987178117048346
14400	1601297876088	30	13	0.0030606446140797284	0.008291024478694469	13	17	0.9872227876731694
14500	1601297887735	29	13	0.003055414192818773	0.008255213055303717	16	12	0.9872657619451513
14600	1601297899371	34	10	0.003049052869663557	0.008270172257479601	14	20	0.9872920554141928
14700	1601297910996	37	13	0.0030606446140797284	0.008266092475067996	22	15	0.9872338139666383
14800	1601297922574	35	12	0.0030763358778625955	0.0082883046237534	23	11	0.9872544529262086
14900	1601297934125	26	19	0.0030723777212326832	0.008332728921124207	13	13	0.9872519083969465
15000	1601297945765	34	21	0.003063613231552163	0.008386672710788759	14	20	0.9871962114786542
15100	1601297957164	26	10	0.0030470737913486003	0.00828921124206709	12	14	0.9872202431439072
15200	1601297968836	27	13	0.003064178682499293	0.008315049864007253	11	16	0.987253604749788
15300	1601297980274	33	14	0.0030532937517670344	0.008282864913871259	13	20	0.9872721232683065
15400	1601297991935	24	12	0.003085383093016681	0.00827289211242067	12	12	0.9871730279898219
15500	1601298003499	28	20	0.003057534633870512	0.00829374433363554	14	13	0.9872271699180096
15600	1601298015231	30	13	0.003052586938083121	0.008322302810516774	14	15	0.9872350862312694
15700	1601298026865	32	17	0.003066157760814249	0.00829555757026292	16	15	0.9871979078314956
15800	1601298038486	27	12	0.0030752049759683346	0.008257026291931096	15	11	0.9872285835453775
15900	1601298050228	29	14	0.0030552728300819905	0.008377153218495014	13	16	0.9871991800961266
16000	1601298061701	37	11	0.003091461690698332	0.008395738893925657	22	15	0.9872869663556686
16100	1601298073082	37	13	0.0030702572801809443	0.00834768812330009	23	13	0.987313401187447
16200	1601298084283	45	13	0.0030733672603901613	0.008332275611967362	23	21	0.9871966355668645
16300	1601298095764	28	19	0.0030783149561775516	0.008310516772438803	12	15	0.9872923381396664
16400	1601298106831	25	25	0.003075911789652248	0.008313236627379872	13	11	0.9871474413344642
16500	1601298118349	31	10	0.0030752049759683346	0.008277878513145966	12	19	0.9871819338422392
16600	1601298129976	30	13	0.003084676279332768	0.008294197642792385	14	15	0.987197625106022
16700	1601298141487	26	13	0.003081566299123551	0.008375339981867633	13	13	0.9872345207803223
16800	1601298153017	27	15	0.0030867967203845065	0.008297824116047145	13	14	0.987183347469607
16900	1601298164250	25	10	0.003078597681651117	0.00837035358114234	13	11	0.9872222222222222
17000	1601298175883	27	14	0.0030870794458580718	0.00827833182230281	14	12	0.9871576194515126
17100	1601298187352	27	12	0.0030913203279615492	0.008321396192203082	13	14	0.9871966355668645
17200	1601298199256	30	9	0.0030801526717557253	0.008324569356300998	14	16	0.9871832061068703
17300	1601298210924	27	11	0.0030927339553293754	0.00829827742520399	13	14	0.9871857506361323
17400	1601298222570	26	14	0.0030712468193384223	0.008303263825929283	12	13	0.9872010178117049
17500	1601298234331	26	17	0.0030964093864857224	0.008305530371713507	15	10	0.9872277353689567
17600	1601298245882	29	11	0.0030817076618603334	0.008354487760652765	15	14	0.9871620016963528
17700	1601298257268	26	12	0.0030896239751201583	0.008329102447869446	13	13	0.9871474413344642
17800	1601298268810	28	11	0.0030877862595419846	0.008270625566636446	13	14	0.9872167090754878
17900	1601298280564	26	13	0.0030851003675431156	0.008368540344514959	12	13	0.9872739609838846
18000	1601298292258	31	9	0.00308368674017529	0.008340888485947415	14	16	0.9871528131184619
18100	1601298303803	26	12	0.0030848176420695504	0.008335448776065277	13	13	0.9872408821034775
18200	1601298315421	35	15	0.0031048911506926773	0.008324116047144153	15	19	0.9871309018942607
18300	1601298327084	27	13	0.0031089906700593724	0.0082883046237534	13	14	0.9871492790500425
18400	1601298338523	30	14	0.003090189426067289	0.008320036264732548	12	18	0.9872415889171614
18500	1601298350299	33	12	0.0030887757986994627	0.00828921124206709	14	18	0.9872135990952785
18600	1601298361811	29	15	0.0031174724342663274	0.008334088848594743	14	14	0.9871945151258128
18700	1601298373367	28	15	0.003105315238903025	0.008285131459655485	13	15	0.9871598812553011
18800	1601298385040	27	21	0.0031128074639525023	0.008309610154125114	13	14	0.9871461690698332
18900	1601298396763	27	20	0.0030986711902742437	0.008387579329102448	13	14	0.9872531806615776
19000	1601298408277	27	22	0.003111393836584676	0.008367633726201269	12	15	0.9871355668645745
19100	1601298419828	32	19	0.003085665818490246	0.008346328195829556	13	18	0.9872404580152672
19200	1601298431197	40	9	0.003111535199321459	0.008294650951949228	24	16	0.9872147299971727
19300	1601298442911	31	8	0.0030886344359626803	0.008383952855847688	14	16	0.987277636415041
19400	1601298454709	30	10	0.00311761379700311	0.008321396192203082	12	18	0.987169069833192
19500	1601298466230	28	12	0.0031235510319479786	0.008291477787851314	13	14	0.9871335877862596
19600	1601298477755	28	14	0.0031292055414192817	0.008327742520398912	13	14	0.9872222222222222
19700	1601298489050	32	11	0.003118320610687023	0.008354487760652765	12	20	0.9871347186881538
19800	1601298500592	32	9	0.0031357082273112805	0.008342248413417951	13	19	0.9871816511167656
19900	1601298512342	31	21	0.0031068702290076335	0.008402991840435177	17	13	0.9872087927622278
20000	1601298524205	29	24	0.003115351993214589	0.008445602901178604	13	16	0.9872090754877014
20100	1601298536058	31	26	0.0030955612100650267	0.008341795104261106	12	19	0.9872688719253605
20200	1601298547623	39	11	0.0030865139949109413	0.008379873073436083	20	19	0.9872261803788521
20300	1601298559308	26	13	0.003104042974271982	0.008316409791477788	12	14	0.9872042691546509
20400	1601298571006	32	14	0.003096974837432853	0.008336355394378967	13	19	0.9872373480350579
20500	1601298582823	38	11	0.0031218546791065877	0.008323662737987307	13	24	0.987206106870229
20600	1601298594187	31	13	0.003094854396381114	0.00833952855847688	12	18	0.9871518235793045
20700	1601298605744	31	10	0.0031023466214305908	0.008362647325475975	12	18	0.9872046932428612
20800	1601298617716	31	12	0.0030896239751201583	0.00834950135992747	14	16	0.9871478654226746
20900	1601298629223	29	19	0.0031088493073225896	0.008266999093381685	13	16	0.9872307039864292
21000	1601298640966	31	23	0.0031013570822731127	0.008279691749773346	14	17	0.987277636415041
21100	1601298652580	36	13	0.0031065875035340682	0.008359020852221215	21	15	0.9872372066723212
21200	1601298664324	25	12	0.003102629346904156	0.008379419764279238	14	10	0.9872155781735934
21300	1601298676246	27	15	0.0031005089058524175	0.008326835902085222	14	13	0.9872157195363302
21400	1601298688038	28	13	0.003102770709640939	0.008319582955575703	15	12	0.9872355103194798
21500	1601298699471	31	12	0.003114503816793893	0.008290571169537625	13	17	0.9872109132032796
21600	1601298711111	33	14	0.0031014984450098955	0.008337262012692656	14	19	0.9871823579304495
21700	1601298723048	28	14	0.003096126661012157	0.008348141432456936	13	14	0.9872292903590614
21800	1601298734650	31	21	0.003098812553011026	0.00835856754306437	12	19	0.9872206672321177
21900	1601298746280	29	24	0.0031088493073225896	0.00843880326382593	15	14	0.9871499858637264
22000	1601298758070	46	8	0.003090754877014419	0.00835040797824116	24	22	0.9871615776081425
22100	1601298769665	32	14	0.003104608425219112	0.008333635539437896	14	18	0.9871675148430874
22200	1601298780926	30	15	0.0031020638959570255	0.008309156844968267	14	15	0.9871516822165677
22300	1601298792456	33	19	0.0031139383658467627	0.008266545784224841	14	19	0.9872274526434832
22400	1601298804218	30	12	0.003140090472151541	0.008327742520398912	14	16	0.9872083686740175
22500	1601298815834	31	12	0.003092027141645462	0.008382592928377154	13	17	0.9872089341249647
22600	1601298827406	29	22	0.0031359909527848458	0.008441976427923844	14	15	0.98719508057676
22700	1601298839010	38	13	0.0031293469041560646	0.008403445149592022	23	15	0.9871998869098105
22800	1601298850744	27	15	0.0031191687871077183	0.008402538531278333	13	13	0.987174300254453
22900	1601298862156	33	12	0.0031041843370087645	0.008401631912964641	13	20	0.9872342380548488
23000	1601298873779	27	13	0.0031070115917444163	0.008399818676337262	13	13	0.9871468758835171
23100	1601298885656	32	13	0.0031160588068985017	0.008402991840435177	14	18	0.9872148713599095
23200	1601298897088	27	19	0.00311817924795024	0.00835766092475068	13	13	0.987121571953633
23300	1601298908537	41	12	0.003104042974271982	0.008405711695376246	23	17	0.9872066723211761
23400	1601298919941	28	11	0.003125671472999717	0.008335902085222122	15	13	0.9871372632174159
23500	1601298931437	31	18	0.0031222787673169353	0.00837488667271079	13	18	0.9871785411365565
23600	1601298943068	26	13	0.003110828385637546	0.008380779691749773	13	13	0.9872092168504383
23700	1601298954741	26	12	0.003097823013853548	0.008367180417044423	12	13	0.9871981905569692
23800	1601298966179	27	27	0.003143765903307888	0.008465095194922938	13	13	0.987078032230704
23900	1601298977817	26	15	0.003130619168787108	0.008399818676337262	12	14	0.987171614362454
24000	1601298989277	32	7	0.003143200452360758	0.008412511332728922	13	18	0.9870817076618603
24100	1601299000994	28	13	0.0031494204127791915	0.00842701722574796	12	16	0.9872044105173876
24200	1601299013024	30	13	0.0031448968052021488	0.00843064369900272	13	16	0.9871448968052021
24300	1601299024659	33	20	0.003116906983319197	0.008467815049864007	14	18	0.9871834888323437
24400	1601299036104	31	13	0.0031263782866836304	0.008364460562103356	16	14	0.9872280180944303
24500	1601299047669	25	14	0.0031245405711054566	0.008397098821396193	13	11	0.987108566581849
24600	1601299059420	31	11	0.0031129488266892847	0.008375793291024478	13	17	0.9871909810573932
24700	1601299071118	29	21	0.0030913203279615492	0.00834950135992747	13	16	0.9872192536047498
24800	1601299082986	31	13	0.003107718405428329	0.008397098821396193	13	17	0.9872141645462256
24900	1601299094798	33	14	0.003137687305626237	0.008341795104261106	15	18	0.9872400339270568
25000	1601299106585	28	14	0.0031419281877297146	0.0083558476881233	13	14	0.987131325982471
25100	1601299117893	30	24	0.0031487135990952786	0.008308250226654578	15	15	0.9871405145603619
25200	1601299129653	28	14	0.003124823296579022	0.008382592928377154	13	14	0.9872380548487418
25300	1601299141207	32	11	0.0031348600508905853	0.008371260199456028	14	17	0.9871967769296014
25400	1601299152983	33	13	0.0031147865422674584	0.008305530371713507	13	19	0.9872058241447554
25500	1601299164714	31	25	0.0031139383658467627	0.008371713508612873	13	18	0.9871448968052021
25600	1601299176480	30	13	0.003129770992366412	0.008399818676337262	13	17	0.9871730279898219
25700	1601299188041	26	12	0.003119310149844501	0.008368087035358114	12	13	0.987171048911507
25800	1601299199581	26	12	0.0031081424936386767	0.008369900271985493	14	12	0.9872312694373763
25900	1601299211093	30	21	0.0031133729148996323	0.00835766092475068	14	15	0.987221656771275
26000	1601299222899	39	13	0.003124823296579022	0.008394378966455123	24	14	0.9871622844218264
26100	1601299234632	39	14	0.0031245405711054566	0.008386219401631914	13	26	0.9871887192536047
26200	1601299246149	24	13	0.0031347186881538025	0.008460562103354488	12	11	0.9871721798134012
26300	1601299257542	28	12	0.003130901894260673	0.008408431550317317	13	15	0.9871579021769862
26400	1601299269292	30	20	0.0031139383658467627	0.008391659111514052	12	17	0.9871523890302516
26500	1601299281004	32	14	0.0031405145603618885	0.008429283771532185	14	18	0.9871871642635002
26600	1601299292689	28	19	0.0031208651399491096	0.008317316409791477	14	14	0.9872069550466497
26700	1601299304095	24	15	0.0031494204127791915	0.008469174977334543	13	11	0.987148289510885
26800	1601299315626	31	20	0.003132456884365281	0.008395285584768812	13	18	0.9872079445858072
26900	1601299327301	28	14	0.0031717557251908397	0.00840979147778785	14	13	0.9871621430590897
27000	1601299338873	31	9	0.003118320610687023	0.00835856754306437	13	17	0.9872025728018095
27100	1601299350763	32	14	0.0031187446988973706	0.008408431550317317	14	17	0.987176844783715
27200	1601299362286	28	19	0.0031137970031099803	0.00835675430643699	13	14	0.9871915465083404
27300	1601299373846	31	8	0.0031290641786824993	0.00841613780598368	15	15	0.9871005089058524
27400	1601299385027	27	13	0.003120016963528414	0.008396645512239348	13	14	0.98719508057676
27500	1601299396670	29	13	0.00311761379700311	0.008436536718041704	13	15	0.9872046932428612
27600	1601299408171	29	22	0.0031215719536330224	0.008408884859474162	13	16	0.9871984732824427
27700	1601299419853	43	13	0.0031214305908962396	0.00849274705349048	22	20	0.9872404580152672
27800	1601299431742	33	13	0.0031424936386768446	0.008475974614687217	13	19	0.9871952219394967
27900	1601299443539	32	14	0.0031653944020356233	0.008402991840435177	15	17	0.9871940910376025
28000	1601299455114	29	24	0.0031446140797285835	0.008421124206708977	14	15	0.9871972010178117
28100	1601299467161	42	13	0.003137263217415889	0.008431097008159565	21	20	0.987197625106022
28200	1601299478494	27	13	0.0031570540005654507	0.008476881233000907	13	13	0.9871366977664687
28300	1601299490351	25	14	0.0031300537178399774	0.008472348141432457	13	11	0.9871519649420413
28400	1601299501881	28	18	0.003150551314673452	0.008471441523118767	13	15	0.9871279332767883
28500	1601299513301	30	16	0.0031436245405711055	0.008489120580235722	16	13	0.9871156347186881
28600	1601299525194	42	14	0.0031417868249929318	0.008532638259292838	15	26	0.9871935255866554
28700	1601299537065	27	14	0.003158467627933277	0.008459202175883954	14	13	0.9871677975685609
28800	1601299548845	38	13	0.0031465931580435397	0.008532184950135992	23	14	0.9871699180096126
28900	1601299560399	33	8	0.00313839411931015	0.00851178603807797	16	16	0.987141786824993
29000	1601299571987	32	13	0.0031354255018377158	0.008476881233000907	16	16	0.9871382527565734
29100	1601299583651	36	13	0.0031252473847893695	0.008468268359020852	23	13	0.9871543681085666
29200	1601299595536	31	12	0.00313839411931015	0.008442883046237535	12	19	0.9871752897936104
29300	1601299607268	25	13	0.00315154085383093	0.008450135992747052	13	11	0.9871405145603619
29400	1601299619042	40	14	0.003123126943737631	0.008411604714415231	20	20	0.9871967769296014
29500	1601299630740	34	14	0.0031228442182640657	0.008407524932003627	14	19	0.9872309867119028
29600	1601299642570	30	12	0.0031303364433135426	0.008407071622846781	13	17	0.9871970596550749
29700	1601299654214	38	13	0.003145462256149279	0.008387579329102448	23	15	0.987186598812553
29800	1601299665803	27	14	0.0031292055414192817	0.008341795104261106	13	13	0.9871759966072943
29900	1601299677780	27	12	0.003137687305626237	0.008359474161378059	14	13	0.9870954198473283
30000	1601299689245	31	15	0.0031286400904721517	0.00842248413417951	21	10	0.9871094147582697
30100	1601299700361	32	15	0.003142352275940062	0.008381233000906619	16	15	0.987171048911507
30200	1601299712100	34	18	0.0031618603336160587	0.008410244786944696	14	20	0.9871412213740458
30300	1601299724003	30	14	0.0031598812553011025	0.008400271985494107	13	17	0.9871595985298275
30400	1601299735716	26	13	0.003136980491942324	0.008389392565729828	13	13	0.9872359344076901
30500	1601299747187	33	14	0.0031528131184619733	0.008373073436083409	19	14	0.9871515408538309
30600	1601299758626	26	13	0.0031463104325699745	0.008373073436083409	15	10	0.9871457449816229
30700	1601299770202	26	21	0.0031453208934124964	0.008370806890299185	12	14	0.9872092168504383
30800	1601299781960	31	12	0.00314715860899067	0.008413871260199456	13	18	0.9872217981340119
30900	1601299793566	29	15	0.003148572236358496	0.008426563916591115	15	14	0.9871860333616059
31000	1601299805374	25	15	0.003157760814249364	0.008423844061650044	13	11	0.987188577890868
31100	1601299817037	30	13	0.0031347186881538025	0.008451042611060744	13	16	0.9871936669493921
31200	1601299828785	29	20	0.0031426350014136274	0.008431097008159565	15	13	0.9871023466214306
31300	1601299840636	31	14	0.003145744981622844	0.00851178603807797	14	17	0.9871713316369805
31400	1601299852416	28	13	0.003148148148148148	0.008406618313689938	14	14	0.9871967769296014
31500	1601299864110	25	12	0.0031666666666666666	0.008442883046237535	14	10	0.9871293469041561
31600	1601299875919	28	13	0.0031543681085665818	0.008461015412511333	15	13	0.9871874469889738
31700	1601299887473	43	14	0.003144755442465366	0.008457842248413418	23	19	0.987185326547922
31800	1601299899431	34	12	0.003163839411931015	0.008489120580235722	15	18	0.987139807746678
31900	1601299911195	29	20	0.0031570540005654507	0.008507706255666365	14	14	0.9871750070681369
32000	1601299922944	28	8	0.003156347186881538	0.008495013599274705	14	13	0.98722363584959
32100	1601299934733	25	18	0.0031467345207803225	0.00841613780598368	12	13	0.9871446140797285
32200	1601299946189	30	14	0.003156771275091886	0.008480507706255665	13	16	0.9871296296296296
32300	1601299957707	28	15	0.0031513994910941476	0.00842611060743427	13	14	0.9871029120723778
32400	1601299969397	31	15	0.0031545094713033646	0.008411604714415231	15	15	0.9871764206955047
32500	1601299980766	31	11	0.003159457167090755	0.008391205802357207	13	17	0.9871111111111112
32600	1601299992454	34	13	0.003132456884365281	0.00843517679057117	23	11	0.9871925360474979
32700	1601300004209	29	8	0.0031434831778343227	0.008411151405258386	14	14	0.9871400904721516
32800	1601300015692	31	24	0.00312199604184337	0.008455575702629193	14	17	0.9871696352841391
32900	1601300027447	26	10	0.0031477240599378006	0.008419310970081596	14	12	0.9871603053435114
33000	1601300039061	32	22	0.0031426350014136274	0.008383499546690843	13	19	0.9871410800113091
33100	1601300050691	30	18	0.003145038167938931	0.008422937443336356	13	16	0.9871533785694091
33200	1601300062439	28	23	0.003163839411931015	0.008438349954669083	13	14	0.9871246819338423
33300	1601300074166	27	13	0.0031823579304495336	0.008448322756119673	15	12	0.987134577325417
33400	1601300085955	30	21	0.003135284139100933	0.008407524932003627	16	14	0.9871759966072943
33500	1601300097613	29	13	0.0031579021769861464	0.008348141432456936	13	15	0.9871330223353124
33600	1601300109527	28	27	0.0031456036188860616	0.008428377153218494	14	14	0.9871198756007916
33700	1601300121051	24	13	0.0031570540005654507	0.0084143245693563	13	11	0.9871595985298275
33800	1601300132644	27	22	0.0031465931580435397	0.008489120580235722	13	14	0.9871631325982471
33900	1601300144389	30	16	0.003163415323720667	0.008438349954669083	14	15	0.9871287814532089
34000	1601300156059	43	15	0.003160446706248233	0.008403898458748867	22	20	0.9871539440203563
34100	1601300167738	32	15	0.0031620016963528415	0.008417497733454215	14	17	0.9871403731976252
34200	1601300178968	29	13	0.0031792479502403166	0.008427470534904806	13	16	0.9870836867401753
34300	1601300190582	28	13	0.003170907548770144	0.0083961922030825	14	14	0.9871628498727736
34400	1601300201886	28	14	0.003178117048346056	0.008406165004533091	13	14	0.9871413627367825
34500	1601300213780	30	20	0.0031615776081424934	0.008407524932003627	13	17	0.9871622844218264
34600	1601300225546	31	9	0.0031680802940344927	0.008443789664551223	13	18	0.9871057393271133
34700	1601300237118	33	15	0.003175007068136839	0.008432910244786946	21	11	0.9871210065026859
34800	1601300248952	26	13	0.0031603053435114506	0.008415684496826836	13	13	0.9871454622561493
34900	1601300260472	34	9	0.0031704834605597964	0.008432456935630099	15	18	0.9871050325134295
35000	1601300272320	26	21	0.003176420695504665	0.008471441523118767	13	13	0.9871293469041561
35100	1601300283913	27	8	0.003173027989821883	0.008459202175883954	13	13	0.9870810008481764
35200	1601300295807	43	13	0.0031752897936104044	0.008418404351767906	21	21	0.9871644048628782
35300	1601300307385	30	12	0.003177692960135708	0.008408884859474162	12	17	0.987122278767317
35400	1601300318991	29	12	0.0031857506361323154	0.008421124206708977	13	15	0.9870797285835454
35500	1601300330726	25	23	0.0031809443030817075	0.008454669084315502	12	13	0.9871270851003675
35600	1601300342176	29	14	0.0031885778908679672	0.008474614687216681	14	15	0.9870899067005937
35700	1601300353722	32	13	0.0031731693525586654	0.008403445149592022	16	15	0.9871344359626802
35800	1601300365388	27	20	0.003190274243709358	0.008447869446962828	14	13	0.9870937234944869
35900	1601300377279	25	13	0.0031802374893977947	0.008468721668177696	13	11	0.9871751484308736
36000	1601300389065	26	14	0.003177127509188578	0.008415231187669991	12	13	0.9871286400904722
36100	1601300400761	28	19	0.0031850438224484026	0.00849818676337262	14	13	0.9871506926774102
36200	1601300412521	33	12	0.00315535764772406	0.008414777878513146	15	17	0.9871836301950806
36300	1601300424139	38	15	0.003177410234662143	0.008432910244786946	25	13	0.9871177551597399
36400	1601300435648	28	14	0.003186598812553011	0.008406165004533091	13	15	0.9870439638111393
36500	1601300447426	29	13	0.0031668080294034494	0.00841885766092475	12	16	0.9870941475826972
36600	1601300459136	26	24	0.003190981057393271	0.00842973708068903	13	13	0.9870588068985016
36700	1601300470678	31	12	0.003197766468758835	0.008468721668177696	14	16	0.98720737913486
36800	1601300482573	28	15	0.0031550749222504946	0.00843789664551224	12	15	0.9871570540005654
36900	1601300493842	24	23	0.0031543681085665818	0.008396645512239348	13	11	0.987168363019508
37000	1601300505363	28	13	0.003177834322872491	0.008397098821396193	14	14	0.9871091320327962
37100	1601300517150	32	15	0.0031785411365564038	0.008490480507706255	13	19	0.9870641786824993
37200	1601300528866	28	14	0.003163839411931015	0.008516319129646418	14	13	0.9871880124399208
37300	1601300540577	33	15	0.003184478371501272	0.00842520398912058	16	17	0.9871266610121572
37400	1601300552074	30	20	0.00315973989256432	0.008463735267452402	13	17	0.9870940062199605
37500	1601300563456	28	14	0.003190981057393271	0.008392565729827743	14	13	0.9871171897087928
37600	1601300575285	34	14	0.0031918292338139666	0.008459655485040797	13	20	0.9871522476675149
37700	1601300586987	29	14	0.0031796720384506642	0.008528105167724388	16	12	0.9871720384506644
37800	1601300598436	29	14	0.003191122420130054	0.008472801450589302	15	13	0.9871692111959287
37900	1601300609973	29	19	0.0031854679106587502	0.008449682683590209	15	14	0.9871553576477241
38000	1601300621553	33	13	0.003190274243709358	0.008531731640979149	15	17	0.9871891433418151
38100	1601300633174	40	11	0.0031765620582414477	0.008475974614687217	23	17	0.9871410800113091
38200	1601300644898	33	12	0.003152671755725191	0.008519492293744334	14	19	0.9871530958439355
38300	1601300656475	30	12	0.0031711902742437093	0.008537171350861286	13	16	0.9871013570822731
38400	1601300668321	35	23	0.00318490245971162	0.008445149592021759	15	20	0.987136556403732
38500	1601300680155	37	12	0.0031906983319197058	0.008446509519492293	13	18	0.9871634153237206
38600	1601300692151	28	13	0.0031803788521345775	0.008463735267452402	14	14	0.9870829799264914
38700	1601300703769	28	25	0.0031751484308736215	0.00842611060743427	13	15	0.9870934407690133
38800	1601300715292	33	10	0.0031915465083404014	0.00850997280145059	13	19	0.9871219960418434
38900	1601300727068	29	15	0.003190274243709358	0.008434723481414325	14	14	0.9871824992931864
39000	1601300738913	34	14	0.003160729431721798	0.008532638259292838	16	18	0.9871451795306757
39100	1601300750710	28	14	0.0031707661860333617	0.00849002719854941	13	14	0.9871096974837433
39200	1601300762351	47	13	0.003174017528979361	0.008524478694469628	23	24	0.987102063895957
39300	1601300774048	26	13	0.0031874469889737063	0.008469628286491388	14	12	0.9870999434549053
39400	1601300785580	28	13	0.0031936669493921404	0.008503173164097915	13	15	0.9871467345207803
39500	1601300797238	28	21	0.003189426067288663	0.008467815049864007	14	14	0.9870597964376591
39600	1601300808698	30	14	0.0031802374893977947	0.008445602901178604	15	15	0.9871382527565734
39700	1601300820290	32	15	0.0031925360474978795	0.008529465095194923	14	17	0.9871391009329941
39800	1601300832074	31	13	0.00317670342097823	0.008500453309156844	16	15	0.9870875035340684
39900	1601300843879	29	13	0.003194797851286401	0.00843336355394379	13	16	0.9871427763641504
40000	1601300855547	24	24	0.0032038450664404862	0.008509519492293744	13	11	0.9870993780039582
40100	1601300867100	27	13	0.0031871642635001416	0.008482774252039891	13	14	0.9871310432569974
40200	1601300878773	28	12	0.003177834322872491	0.008513599274705349	13	14	0.9871108283856376
40300	1601300890395	34	21	0.0031925360474978795	0.008478241160471441	13	20	0.9870740740740741
40400	1601300902041	30	17	0.0031810856658184903	0.008432003626473254	13	16	0.9871277919140514
40500	1601300913913	36	13	0.0031733107152954482	0.008478241160471441	19	17	0.9872110545660164
40600	1601300925443	30	13	0.0031608707944585806	0.008412511332728922	15	14	0.9871693525586656
40700	1601300937348	30	13	0.0031964942041277917	0.008467815049864007	14	16	0.9871057393271133
40800	1601300949308	27	19	0.003191405145603619	0.00842611060743427	14	13	0.9871282160022617
40900	1601300961119	28	16	0.0031603053435114506	0.00841885766092475	13	14	0.987120299689002
41000	1601300972760	38	13	0.0031946564885496184	0.008522212148685404	21	16	0.9871519649420413
41100	1601300984420	29	12	0.00320186598812553	0.00850271985494107	14	15	0.9870882103477523
41200	1601300996090	30	14	0.003175855244557535	0.008492293744333636	15	15	0.9871200169635285
41300	1601301007494	29	23	0.003183488832343794	0.008439256572982775	14	15	0.9871352841391009
41400	1601301018989	27	13	0.0031918292338139666	0.008479147778785131	14	13	0.9871576194515126
41500	1601301030448	37	13	0.003183206106870229	0.0084909338168631	16	20	0.9871352841391009
41600	1601301042097	31	22	0.0031939496748657056	0.008470081595648231	13	18	0.9871359909527848
41700	1601301053774	31	12	0.0031850438224484026	0.00849274705349048	15	15	0.9871395250212044
41800	1601301065541	31	13	0.0031792479502403166	0.008486854034451496	14	16	0.9870911789652248
41900	1601301077410	33	21	0.0031955046649703137	0.00842973708068903	14	18	0.9871344359626802
42000	1601301089089	29	17	0.003177127509188578	0.00850362647325476	14	14	0.9871427763641504
42100	1601301100840	39	13	0.003199180096126661	0.008516772438803263	21	18	0.9870866553576477
42200	1601301112728	27	14	0.00318928470455188	0.008491387126019946	13	13	0.9871432004523607
42300	1601301124568	32	13	0.003153661294882669	0.008527198549410697	15	16	0.9870986711902743
42400	1601301136472	30	22	0.0031782584110828386	0.008473708068902993	13	16	0.9871166242578456
42500	1601301148072	27	14	0.003186174724342663	0.008479147778785131	14	13	0.9872022900763359
42600	1601301159956	31	9	0.003202572801809443	0.008461015412511333	15	16	0.9871133729148996
42700	1601301171642	30	20	0.0031823579304495336	0.008503173164097915	14	15	0.9871798134011874
42800	1601301183249	27	13	0.0031827820186598813	0.008573889392565731	13	13	0.9871091320327962
42900	1601301194711	38	13	0.0032021487135990953	0.00849909338168631	24	14	0.9871598812553011
43000	1601301206282	31	13	0.0031908396946564886	0.00856663644605621	13	17	0.9870932994062765
43100	1601301218061	30	13	0.003152530392988408	0.008496826835902084	15	14	0.9871433418150976
43200	1601301229502	37	14	0.003162425784563189	0.008478241160471441	21	15	0.9872024314390727
43300	1601301240975	30	12	0.0031867401752897935	0.008443789664551223	15	14	0.9870764772405993
43400	1601301252472	28	15	0.003192111959287532	0.008420670897552131	15	13	0.9871146451795306
43500	1601301264209	36	16	0.0031952219394967485	0.008402538531278333	24	12	0.9871246819338423
43600	1601301275627	35	13	0.0032000282725473564	0.008399818676337262	16	19	0.987163839411931
43700	1601301287431	29	13	0.003170624823296579	0.008440616500453309	14	15	0.9871529544811988
43800	1601301299099	42	13	0.0031812270285552727	0.008440616500453309	20	22	0.9871528131184619
43900	1601301310798	30	15	0.0031959287531806617	0.008460108794197643	16	13	0.9871102629346904
44000	1601301322393	28	13	0.0031885778908679672	0.008423844061650044	14	14	0.9872011591744416
44100	1601301333789	35	15	0.003185609273395533	0.008482774252039891	23	12	0.9870554141928187
44200	1601301345157	26	26	0.003192111959287532	0.008494106980961015	13	13	0.987064320045236
44300	1601301356829	27	12	0.003199886909810574	0.008543517679057118	13	14	0.9870992366412213
44400	1601301368612	29	15	0.003197907831495618	0.008478241160471441	14	15	0.9871060220525869
44500	1601301380365	28	24	0.003174017528979361	0.008480054397098822	14	13	0.9871646875883517
44600	1601301392309	27	13	0.003216850438224484	0.008448322756119673	13	14	0.9871171897087928
44700	1601301404070	25	12	0.0031800961266610123	0.008488667271078875	13	11	0.9871839129205542
44800	1601301415826	34	23	0.003186598812553011	0.008436083408884859	15	19	0.9871612948826689
44900	1601301427312	29	13	0.0031761379700310996	0.008427470534904806	14	14	0.9871501272264631
45000	1601301439104	27	15	0.0032079445858071813	0.008483227561196736	13	13	0.9871162001696353
45100	1601301450648	26	25	0.003166101215719536	0.008468721668177696	14	11	0.9871617189708792
45200	1601301462272	31	13	0.0031717557251908397	0.008468721668177696	13	17	0.9871659598529827
45300	1601301474057	33	13	0.0032184054283290924	0.008518132366273799	14	19	0.987064320045236
45400	1601301485786	34	20	0.003202572801809443	0.008459202175883954	13	20	0.9870603618886061
45500	1601301497496	33	14	0.003191970596550749	0.00848458748866727	13	19	0.9871197342380549
45600	1601301509755	34	14	0.0031943737630760532	0.008483227561196736	15	19	0.9871320327961549
45700	1601301521599	33	19	0.0031629912355103196	0.008468721668177696	13	19	0.9872363584959005
45800	1601301533357	29	12	0.0031905569691829234	0.008513599274705349	13	15	0.9871759966072943
45900	1601301544909	32	13	0.0031942324003392704	0.008485947416137805	13	18	0.9870808594854397
46000	1601301556696	33	22	0.0032089341249646594	0.008491387126019946	14	18	0.9871290641786825
46100	1601301568377	32	14	0.003191122420130054	0.00855485040797824	14	17	0.9870995193666949
46200	1601301580296	29	12	0.0031806615776081423	0.008521305530371713	14	14	0.9870658750353407
46300	1601301591945	44	14	0.0032225049476957875	0.008488667271078875	24	20	0.9870949957591179
46400	1601301603850	29	14	0.0031755725190839696	0.008530371713508613	14	14	0.9871279332767883
46500	1601301615647	30	13	0.003219960418433701	0.008555757026291931	16	14	0.9871446140797285
46600	1601301627259	45	10	0.00320186598812553	0.008560290117860381	23	22	0.9871529544811988
46700	1601301639008	34	13	0.003189426067288663	0.008598368087035358	16	17	0.9870613514277636
46800	1601301650723	26	11	0.003186598812553011	0.00857479601087942	14	11	0.9871385354820469
46900	1601301662130	25	14	0.0032062482329657904	0.008597008159564823	13	11	0.9871685043822448
47000	1601301673816	31	24	0.003216850438224484	0.008564369900271986	13	17	0.9871205824144755
47100	1601301685549	30	15	0.00319748374328527	0.008548957388939257	13	17	0.9871033361605881
47200	1601301697450	24	16	0.0032222222222222222	0.008582048957388939	13	11	0.9871809443030817
47300	1601301709052	28	16	0.0032007350862312696	0.008507706255666365	12	16	0.9870556969182923
47400	1601301720554	29	24	0.00320186598812553	0.008521305530371713	15	14	0.9870575346338705
47500	1601301732175	30	25	0.0032302798982188296	0.008591568449682683	13	17	0.9870271416454622
47600	1601301743843	33	13	0.003212468193384224	0.008552583862194017	14	18	0.9871145038167939
47700	1601301755603	30	15	0.003164263500141363	0.008608340888485947	14	16	0.9871327396098388
47800	1601301767515	32	16	0.0032251908396946564	0.008622846781504986	15	16	0.9870825558382811
47900	1601301779147	26	15	0.0032092168504382246	0.008546237533998188	13	13	0.987126802374894
48000	1601301790971	38	14	0.003197907831495618	0.008593834995466908	22	15	0.9871386768447837
48100	1601301802725	33	20	0.0031986146451795307	0.008502266545784225	14	19	0.9871444727169918
48200	1601301814216	31	14	0.003191405145603619	0.008552583862194017	13	18	0.987127509188578
48300	1601301825863	31	13	0.0032085100367543118	0.008590661831368994	19	12	0.9870998020921685
48400	1601301837461	31	14	0.003191263782866836	0.008549864007252947	14	17	0.9871502685891999
48500	1601301849383	40	12	0.003209640938648572	0.008532638259292838	23	16	0.9871293469041561
48600	1601301861158	28	13	0.0031963528413910093	0.008513145965548504	13	14	0.9871352841391009
48700	1601301872408	38	15	0.0031885778908679672	0.008610607434270173	22	16	0.9871145038167939
48800	1601301884237	28	14	0.003196776929601357	0.008543970988213962	15	12	0.9871693525586656
48900	1601301895766	29	28	0.003195080576759966	0.008499546690843155	16	12	0.9872217981340119
49000	1601301907587	32	12	0.003164263500141363	0.008494106980961015	13	18	0.9871368391292056
49100	1601301919362	27	23	0.003201583262651965	0.008569809610154126	14	12	0.9871472999717275
49200	1601301931203	31	13	0.0032116200169635283	0.008533091568449683	13	18	0.9871252473847894
49300	1601301942979	27	23	0.0032254735651682217	0.008577062556663644	15	12	0.9871130901894261
49400	1601301954662	27	13	0.00320568278201866	0.008558023572076157	13	14	0.9871048911506927
49500	1601301966334	28	21	0.0032157195363302234	0.008534451495920218	14	13	0.9870581000848176
49600	1601301977745	33	16	0.003192960135708227	0.008607434270172257	14	19	0.9871347186881538
49700	1601301989534	27	21	0.003218970879276223	0.008522212148685404	13	14	0.9871529544811988
49800	1601302000815	31	14	0.0031799547639242295	0.008555303717135086	16	14	0.9871897087927622
49900	1601302012502	27	16	0.0032258976533785693	0.008495013599274705	14	12	0.9871625671473
50000	1601302023974	29	12	0.0032054000565450947	0.008563463281958296	16	13	0.9871303364433135
50100	1601302035692	41	13	0.0032069550466497032	0.008485947416137805	20	21	0.9871094147582697
50200	1601302047192	33	12	0.0032072377721232685	0.008483227561196736	14	18	0.9871017811704834
50300	1601302059058	39	15	0.0031928187729714447	0.008584315503173165	24	15	0.9871474413344642
50400	1601302070685	26	10	0.00321826406559231	0.008563463281958296	13	13	0.9870966921119593
50500	1601302082587	38	14	0.003234520780322307	0.008551223934723481	22	16	0.9871186033361606
50600	1601302094359	27	14	0.003224625388747526	0.008592475067996373	14	13	0.9870911789652248
50700	1601302106160	29	13	0.0032242013005371784	0.008532638259292838	15	14	0.9870989539157478
50800	1601302117937	27	13	0.003221232683064744	0.008574342701722575	13	13	0.9870583828102912
50900	1601302129758	34	13	0.003224908114221091	0.008565276518585675	13	20	0.9871153519932145
51000	1601302141540	29	10	0.0032068136839129204	0.008556210335448776	14	15	0.9871453208934124
51100	1601302153299	29	12	0.003210489115069268	0.008527198549410697	14	14	0.9870969748374329
51200	1601302165017	31	10	0.0032127509188577892	0.008564369900271986	14	16	0.9870272830081991
51300	1601302176670	39	13	0.0032069550466497032	0.008634179510426112	19	20	0.9872011591744416
51400	1601302188632	32	10	0.0032157195363302234	0.008568902991840434	15	16	0.9871024879841673
51500	1601302200320	41	16	0.003203562340966921	0.008629193109700816	23	18	0.9870890585241731
51600	1601302211825	30	16	0.003199886909810574	0.008581595648232094	16	13	0.9871030534351145
51700	1601302223597	33	14	0.0032061068702290076	0.008590661831368994	21	11	0.9870982471020638
51800	1601302235157	31	13	0.0032222222222222222	0.008527651858567544	13	18	0.9871065875035341
51900	1601302246985	42	14	0.003202855527283008	0.008562556663644605	24	17	0.9870954198473283
52000	1601302258742	32	13	0.003232541702007351	0.008619220308250226	13	18	0.9871351427763642
52100	1601302270621	32	13	0.0032290076335877863	0.008635539437896645	13	19	0.9871194515125813
52200	1601302282532	29	11	0.003226745829799265	0.008612420670897552	14	14	0.9871229855810009
52300	1601302294402	26	12	0.003213457732541702	0.008549410698096102	13	13	0.9871419281877297
52400	1601302306057	24	13	0.0032411648289510887	0.008548957388939257	13	11	0.9870835453774385
52500	1601302318102	31	12	0.0032014418999151825	0.008489573889392567	13	17	0.9871101215719537
52600	1601302329603	26	15	0.003215436810856658	0.008533091568449683	13	13	0.9870217698614645
52700	1601302341203	27	12	0.0032072377721232685	0.008577062556663644	13	14	0.9871552162849873
52800	1601302352575	30	24	0.003207661860333616	0.00850362647325476	16	14	0.9871111111111112
52900	1601302364498	30	13	0.0032203845066440485	0.008503173164097915	16	13	0.9870472151540853
53000	1601302376328	29	24	0.0031928187729714447	0.008495013599274705	14	14	0.9870684195646028
53100	1601302388098	31	13	0.0032339553293751766	0.00856663644605621	13	17	0.9870961266610122
53200	1601302399535	40	12	0.003233531241164829	0.008520398912058023	24	15	0.9870501837715578
53300	1601302411267	30	12	0.0032217981340118746	0.008605621033544878	14	15	0.9870691263782867
53400	1601302423117	31	13	0.0032273112807463954	0.008551223934723481	13	18	0.987141786824993
53500	1601302435026	27	22	0.003225049476957874	0.008521305530371713	13	14	0.9870894826123834
53600	1601302446630	33	9	0.003234238054848742	0.008520398912058023	14	18	0.9871204410517388
53700	1601302458497	33	17	0.0031738761662425783	0.00850634632819583	13	19	0.9871974837432853
53800	1601302470010	25	13	0.0032038450664404862	0.008535358114233909	13	12	0.9871543681085666
53900	1601302481646	43	12	0.003215436810856658	0.008552130553037171	22	21	0.987095561210065
54000	1601302493518	30	12	0.003215295448119876	0.00854125113327289	13	17	0.9870875035340684
54100	1601302505173	29	12	0.0032417302798982187	0.008529011786038078	14	14	0.9871754311563472
54200	1601302517007	33	12	0.003221232683064744	0.00850634632819583	14	19	0.9871115351993215
54300	1601302529010	28	13	0.0032445575346338705	0.008587488667271078	15	12	0.987038309301668
54400	1601302540587	36	12	0.003226745829799265	0.0085675430643699	13	22	0.9871563471868815
54500	1601302552136	26	10	0.0032135990952784845	0.00857842248413418	13	13	0.9871000848176421
54600	1601302563692	28	23	0.0032295730845349167	0.008488667271078875	13	14	0.9870718122702855
54700	1601302575642	27	12	0.0032090754877014418	0.008452855847688123	14	13	0.9871229855810009
54800	1601302587222	39	14	0.0032343794175855247	0.008510879419764278	23	16	0.9870787390443879
54900	1601302598928	36	14	0.0032184054283290924	0.00849818676337262	12	24	0.9870931580435397
55000	1601302610660	30	14	0.0031888606163415325	0.008535811423390752	15	14	0.9870463669776647
55100	1601302622547	30	12	0.0032196776929601357	0.008532638259292838	13	16	0.986994769578739
55200	1601302634282	32	13	0.003224625388747526	0.008567996373526746	14	17	0.9871029120723778
55300	1601302646241	31	22	0.003236499858637263	0.0085675430643699	13	17	0.9871130901894261
55400	1601302657751	26	12	0.00321882951653944	0.008598368087035358	13	13	0.9871318914334182
55500	1601302669546	29	20	0.0032054000565450947	0.00857116953762466	15	14	0.9870540005654509
55600	1601302681000	33	13	0.0032011591744416173	0.008573889392565731	14	19	0.9871058806898502
55700	1601302692807	28	16	0.003211478654226746	0.008498640072529465	14	14	0.9871424936386769
55800	1601302704446	29	13	0.00320186598812553	0.008547144152311876	14	14	0.9871012157195364
55900	1601302716114	31	14	0.0032261803788521345	0.008590661831368994	12	19	0.9870380265761945
56000	1601302727975	30	13	0.0032213740458015266	0.008509519492293744	16	14	0.9870817076618603
56100	1601302739590	32	16	0.0032205258693808313	0.008516319129646418	13	18	0.9871087079445858
56200	1601302751385	32	23	0.003217133163698049	0.008556210335448776	15	17	0.9870978230138535
56300	1601302762967	27	14	0.003213175007068137	0.008627379873073436	14	13	0.9872110545660164
56400	1601302774584	29	14	0.0032014418999151825	0.008543970988213962	13	15	0.9871354255018377
56500	1601302786258	27	14	0.0031964942041277917	0.008498640072529465	13	14	0.9871362736782584
56600	1601302798151	31	14	0.0032319762510602205	0.008536718041704442	13	18	0.987074780887758
56700	1601302810069	34	23	0.0032106304778060503	0.00850634632819583	15	18	0.9870828385637546
56800	1601302821910	27	16	0.0032225049476957875	0.008580689029918404	13	14	0.9870788804071247
56900	1601302833502	35	10	0.0032227876731693527	0.008519492293744334	15	19	0.9871197342380549
57000	1601302845018	32	13	0.0032332485156912638	0.008579329102447868	13	19	0.9871782584110829
57100	1601302856745	26	13	0.003230703986429177	0.008564369900271986	13	13	0.9872360757704269
57200	1601302868287	30	22	0.0032227876731693527	0.00855303717135086	13	16	0.9871625671473
57300	1601302879703	30	12	0.003218970879276223	0.008558476881233	14	16	0.9871238337574215
57400	1601302891577	40	15	0.003217133163698049	0.008519038984587488	21	18	0.9870590896239751
57500	1601302903353	27	12	0.0032225049476957875	0.008567089755213055	14	13	0.9871133729148996
57600	1601302915257	31	14	0.003224342663273961	0.00857842248413418	13	18	0.9871132315521628
57700	1601302927082	28	17	0.0032164263500141363	0.008514959202175883	13	15	0.9871091320327962
57800	1601302938554	33	13	0.003225049476957874	0.008494106980961015	13	19	0.9871538026576194
57900	1601302950081	44	14	0.0032140231834888325	0.008487307343608341	21	23	0.987117048346056
58000	1601302961884	27	13	0.0032223635849590046	0.008546690843155031	14	12	0.9870489115069268
58100	1601302973841	27	13	0.0032253322024314393	0.008565729827742521	14	13	0.9870081990387334
58200	1601302985620	28	12	0.003218546791065875	0.00856935630099728	14	13	0.9870732258976533
58300	1601302997216	29	14	0.0032111959287531807	0.008540344514959202	15	13	0.987112524738479
58400	1601303008917	27	13	0.0031925360474978795	0.008562103354487762	13	14	0.9871051738761663
58500	1601303020605	24	15	0.0032062482329657904	0.008592475067996373	13	10	0.9870819903873339
58600	1601303032402	31	21	0.00323141080011309	0.00855031731640979	14	16	0.9870692677410234
58700	1601303044302	30	16	0.003231834888323438	0.008591568449682683	15	14	0.9871016398077467
58800	1601303055976	30	14	0.0032031382527565734	0.008577515865820489	15	14	0.9870856658184902
58900	1601303067729	46	12	0.0032193949674865704	0.008555757026291931	25	21	0.9870968334746961
59000	1601303079492	40	12	0.0032054000565450947	0.008543970988213962	12	17	0.9871692111959287
59100	1601303091380	34	16	0.0032130336443313545	0.008563463281958296	13	20	0.9870824144755442
59200	1601303103162	32	13	0.0032274526434831778	0.00856844968268359	14	17	0.9871601639807747
59300	1601303114990	31	15	0.003219960418433701	0.008557570262919312	13	18	0.9871171897087928
59400	1601303126786	27	14	0.0032116200169635283	0.008585222121486854	14	13	0.987122278767317
59500	1601303138424	29	13	0.0032223635849590046	0.008538077969174978	15	13	0.9871065875035341
59600	1601303150173	32	13	0.0032301385354820467	0.008524932003626473	13	18	0.9871235510319479
59700	1601303161734	27	18	0.003215860899067006	0.008567089755213055	13	14	0.9870641786824993
59800	1601303173571	27	13	0.003239185750636132	0.008573436083408884	13	13	0.9870654509471304
59900	1601303185368	31	14	0.0032133163698049192	0.008478694469628286	13	18	0.9871186033361606
60000	1601303196968	33	19	0.003217839977381962	0.008537171350861286	14	18	0.9870742154368108
60100	1601303208838	34	13	0.003244416171897088	0.008533091568449683	15	18	0.9870972575629064
60200	1601303220409	35	14	0.0032332485156912638	0.008517679057116954	16	19	0.9870944303081708
60300	1601303232033	30	21	0.00318928470455188	0.008548957388939257	15	14	0.9871201583262652
60400	1601303243633	25	13	0.0032116200169635283	0.00844333635539438	13	12	0.9871207237772123
60500	1601303255263	30	9	0.003228724908114221	0.008514959202175883	13	17	0.9871173310715295
60600	1601303267373	30	21	0.003223918575063613	0.008527651858567544	15	14	0.9870802940344925
60700	1601303279214	33	15	0.003243143907266045	0.008525385312783318	14	19	0.9870549901046084
60800	1601303291095	30	13	0.0032167090754877015	0.008499546690843155	13	17	0.9870688436528131
60900	1601303302910	27	18	0.003217274526434832	0.00849546690843155	14	13	0.9871210065026859
61000	1601303314435	27	15	0.0032384789369522193	0.008555303717135086	13	14	0.9870443878993498
61100	1601303326394	32	12	0.0032452643483177833	0.008534451495920218	13	19	0.9870202148713599
61200	1601303338306	29	21	0.003246819338422392	0.00849909338168631	13	16	0.9871084252191122
61300	1601303350156	31	12	0.0032201017811704833	0.008519492293744334	13	18	0.9871350014136274
61400	1601303361735	30	13	0.0032418716426350015	0.008504986400725294	12	18	0.9870825558382811
61500	1601303373611	33	20	0.0032523324851569126	0.008519492293744334	13	20	0.9871935255866554
61600	1601303385455	32	15	0.0032261803788521345	0.008513145965548504	15	17	0.9870380265761945
61700	1601303397497	31	13	0.0032343794175855247	0.008534904805077062	15	15	0.9870790217698615
61800	1601303408921	29	22	0.003232824427480916	0.00849365367180417	14	15	0.9870689850155498
61900	1601303420579	28	14	0.0032418716426350015	0.008600634632819583	14	14	0.9871227028555273
62000	1601303432530	29	13	0.0032268871925360473	0.008617407071622847	14	14	0.987090330788804
62100	1601303444168	39	14	0.0032469607011591742	0.008665004533091568	23	16	0.9870982471020638
62200	1601303455962	27	10	0.0032544529262086516	0.008621033544877607	13	14	0.987172321176138
62300	1601303467533	28	14	0.0032684478371501273	0.008674524025385313	14	14	0.9870549901046084
62400	1601303479240	41	16	0.0032176986146451795	0.008595648232094287	24	17	0.9871006502685892
62500	1601303490689	32	15	0.0032340966921119594	0.008610154125113328	18	14	0.9870783149561776
62600	1601303502363	29	14	0.0032605315238903023	0.00865231187669991	15	13	0.9871146451795306
62700	1601303514196	39	12	0.003236499858637263	0.008625566636446055	24	14	0.9871174724342663
62800	1601303525723	28	14	0.0032263217415889173	0.00857207615593835	12	16	0.9871677975685609
62900	1601303537854	34	15	0.0032384789369522193	0.008603354487760652	13	20	0.9870654509471304
63000	1601303549880	38	13	0.0032357930449533503	0.00854125113327289	22	15	0.9871506926774102
63100	1601303561589	28	15	0.00322264631043257	0.008561650045330917	17	11	0.9870924512298558
63200	1601303573487	28	13	0.0032456884365281314	0.008555303717135086	13	14	0.9871629912355103
63300	1601303585323	31	29	0.0032455470737913486	0.008716681776971895	13	18	0.9870173876166243
63400	1601303597049	32	13	0.0032275940062199606	0.00857207615593835	14	17	0.9871063047780605
63500	1601303608772	26	13	0.0032126095561210064	0.008597914777878513	12	13	0.9870921685043822
63600	1601303620506	27	19	0.003256714729997173	0.008628739800543971	13	14	0.9870203562340967
63700	1601303632410	28	14	0.003264065592309867	0.008598368087035358	13	14	0.9870708227311281
63800	1601303644084	28	15	0.0032463952502120442	0.00864687216681777	15	13	0.9871106870229007
63900	1601303656043	34	22	0.003257986994628216	0.00865049864007253	13	20	0.987126802374894
64000	1601303667597	29	13	0.003218970879276223	0.008702175883952855	15	14	0.987177551597399
64100	1601303679377	29	15	0.0032462538874752614	0.008661378059836808	15	14	0.9870425501837715
64200	1601303691166	29	25	0.003267458297992649	0.008670897552130553	15	14	0.987119592875318
64300	1601303703040	29	14	0.0032581283573649986	0.008638259292837716	13	16	0.9870853830930166
64400	1601303714504	25	12	0.0032469607011591742	0.008655485040797824	13	11	0.9870983884648007
64500	1601303725941	33	18	0.00321826406559231	0.008570716228467815	14	18	0.9871095561210065
64600	1601303737736	28	13	0.0032421543681085668	0.008616500453309157	13	14	0.9870836867401753
64700	1601303749360	31	12	0.0032244840260107436	0.008611967361740708	14	16	0.9871718970879276
64800	1601303761284	41	14	0.003224059937800396	0.008622846781504986	22	18	0.9871037602487984
64900	1601303773215	32	9	0.0032290076335877863	0.008608340888485947	14	18	0.9870894826123834
65000	1601303785068	34	16	0.0032137404580152673	0.008587035358114234	14	19	0.987063754594289
65100	1601303796988	35	18	0.003229714447271699	0.008571622846781505	21	13	0.9870349165959853
65200	1601303808787	30	9	0.0032184054283290924	0.008621033544877607	13	17	0.987087079445858
65300	1601303820339	27	21	0.003244981622844218	0.008566183136899365	13	13	0.9870907548770144
65400	1601303832242	27	13	0.0032404580152671754	0.008599274705349047	13	13	0.9870723777212327
65500	1601303843936	25	13	0.0032196776929601357	0.008577969174977334	13	12	0.9871424936386769
65600	1601303855770	31	20	0.003213457732541702	0.008622393472348142	14	17	0.9871484308736217
65700	1601303867705	32	14	0.0032427198190556968	0.00862148685403445	15	17	0.987089765337857
65800	1601303879624	28	13	0.003234238054848742	0.00857116953762466	13	14	0.9870339270568278
65900	1601303891162	28	24	0.003232400339270568	0.008589755213055305	14	13	0.9871200169635285
66000	1601303903145	27	14	0.0032254735651682217	0.008605167724388033	13	13	0.9871112524738479
66100	1601303914903	31	11	0.0032466779756856095	0.008629193109700816	15	15	0.9871050325134295
66200	1601303926902	42	14	0.003236217133163698	0.008638259292837716	23	19	0.9871447554424654
66300	1601303938599	31	16	0.0032531806615776083	0.008626019945602902	13	17	0.9871361323155217
66400	1601303950446	35	13	0.0032283008199038734	0.008581142339075249	14	20	0.9871293469041561
66500	1601303962517	29	13	0.0032448402601074357	0.008686763372620128	13	16	0.9870995193666949
66600	1601303974165	28	12	0.003241023466214306	0.00864777878513146	13	14	0.9871017811704834
66700	1601303985903	28	21	0.003236217133163698	0.008606980961015412	13	14	0.987091037602488
66800	1601303997840	31	14	0.0032438507209499577	0.00864052583862194	17	14	0.9871406559230986
66900	1601304009421	31	13	0.0032405993780039583	0.008535358114233909	13	17	0.9871108283856376
67000	1601304021102	40	14	0.0032627933276788237	0.0086350861287398	24	15	0.9871265196494204
67100	1601304032928	31	14	0.003252897936104043	0.008536264732547597	13	18	0.9870805767599661
67200	1601304044562	28	23	0.0032465366129488266	0.008553490480507707	14	14	0.9870951371218547
67300	1601304056251	33	12	0.003231552162849873	0.00862148685403445	14	18	0.9870530110262935
67400	1601304067887	33	13	0.0032360757704269156	0.008597008159564823	14	18	0.9870769013288098
67500	1601304079476	39	12	0.0032119027424370936	0.008592928377153218	23	16	0.9871232683064745
67600	1601304091303	25	14	0.0032448402601074357	0.008568902991840434	13	11	0.9870620582414475
67700	1601304103059	28	14	0.0032263217415889173	0.00851541251133273	13	14	0.9870606446140797
67800	1601304114969	26	12	0.003254877014418999	0.008510879419764278	15	11	0.9870236075770427
67900	1601304126683	29	12	0.0032208085948543966	0.008530371713508613	14	14	0.9870824144755442
68000	1601304138231	37	14	0.003226745829799265	0.008514052583862194	25	11	0.9871437659033079
68100	1601304149592	29	13	0.003220949957591179	0.008486854034451496	13	15	0.9871266610121572
68200	1601304161133	30	20	0.0032408821034775235	0.00850725294650952	14	15	0.9870932994062765
68300	1601304173058	32	13	0.0032408821034775235	0.008548050770625567	14	18	0.9870400056545094
68400	1601304184793	33	12	0.003232541702007351	0.008538984587488667	13	19	0.9871119592875318
68500	1601304196763	43	13	0.0032421543681085668	0.008592928377153218	21	21	0.9870826972010178
68600	1601304208503	26	13	0.003235510319479785	0.00856663644605621	14	11	0.9870753463387051
68700	1601304220097	26	13	0.0032428611817924796	0.008548050770625567	14	11	0.9870465083404014
68800	1601304231715	29	13	0.003245405711054566	0.008532184950135992	14	15	0.9871453208934124
68900	1601304243325	32	12	0.0032626519649420413	0.0085675430643699	14	17	0.9870719536330224
69000	1601304255111	43	14	0.0032533220243143907	0.008589755213055305	23	19	0.9870767599660729
69100	1601304266920	30	14	0.003242013005371784	0.00856663644605621	16	14	0.987063047780605
69200	1601304278606	30	24	0.0032321176137970033	0.008596101541251134	15	15	0.987034492507775
69300	1601304290247	32	13	0.003243143907266045	0.008466908431550318	14	17	0.9870660163980775
69400	1601304302056	28	15	0.0032465366129488266	0.008497280145058931	14	13	0.9871429177268872
69500	1601304313818	27	13	0.0032551597398925644	0.00849818676337262	15	12	0.987095561210065
69600	1601304325172	25	13	0.00324342663273961	0.008671804170444242	14	11	0.9870711054566016
69700	1601304336907	27	14	0.003241306191687871	0.008621940163191297	13	14	0.9870540005654509
69800	1601304348736	30	14	0.003235510319479785	0.008560743427017226	14	15	0.987108566581849
69900	1601304360500	35	15	0.003250494769578739	0.00856482320942883	20	15	0.9870578173593441
70000	1601304372348	30	12	0.003226745829799265	0.008597914777878513	14	15	0.9870971162001696
70100	1601304384166	30	24	0.003242295730845349	0.008593834995466908	13	17	0.9871441899915182
70200	1601304396161	26	11	0.0032242013005371784	0.00859202175883953	12	13	0.98714631043257
70300	1601304407648	29	15	0.0032370653095843936	0.008586128739800544	13	16	0.9871201583262652
70400	1601304419459	26	13	0.003244416171897088	0.008535358114233909	13	13	0.9870541419281877
70500	1601304431203	28	12	0.003256714729997173	0.008590208522212149	15	12	0.9871277919140514
70600	1601304442691	37	14	0.0032502120441051737	0.008586128739800544	22	14	0.9871126661012157
70700	1601304454337	31	14	0.003237348035057959	0.008591115140525839	16	14	0.9870540005654509
70800	1601304466267	31	21	0.0032405993780039583	0.008542157751586583	14	16	0.9870573932711337
70900	1601304477963	32	13	0.0032697201017811706	0.008648232094288305	15	17	0.9870315238903025
71000	1601304489977	33	11	0.0032673169352558664	0.008594741613780599	16	17	0.9870968334746961
71100	1601304501996	32	15	0.003264065592309867	0.00864324569356301	16	16	0.9871197342380549
71200	1601304513756	24	13	0.0032485156912637828	0.008605621033544878	12	12	0.9870797285835454
71300	1601304525426	36	15	0.0032438507209499577	0.008575249320036265	22	14	0.9871316087079446
71400	1601304536993	28	14	0.0032568560927339553	0.008618766999093383	13	14	0.9870196494204128
71500	1601304548842	30	21	0.0032278767316935254	0.008601994560290118	15	15	0.987031806615776
71600	1601304560631	28	17	0.0032456884365281314	0.008596101541251134	14	13	0.9871258128357365
71700	1601304572781	29	22	0.0032530392988408255	0.008619673617407071	13	16	0.9870684195646028
71800	1601304584325	33	12	0.00324780887757987	0.00856391659111514	14	18	0.9870452360757704
71900	1601304596155	27	17	0.003245405711054566	0.008626473254759747	13	13	0.9871219960418434
72000	1601304607677	26	14	0.0032463952502120442	0.008665457842248413	14	11	0.987104042974272
72100	1601304619066	25	14	0.003264348317783432	0.008627833182230281	13	11	0.9870326547921968
72200	1601304630848	30	15	0.003248798416737348	0.008582048957388939	15	15	0.987063047780605
72300	1601304642823	31	14	0.003249081142210913	0.008651858567543063	15	15	0.9870679954763925
72400	1601304654743	32	14	0.0032527565733672602	0.00860970081595648	19	12	0.9870787390443879
72500	1601304666939	32	13	0.0032513429459994346	0.00857570262919311	15	17	0.9870469324286119
72600	1601304678635	29	19	0.0032442748091603053	0.008584315503173165	15	13	0.9871003675431156
72700	1601304690340	35	13	0.003244698897370653	0.008623753399818676	17	17	0.9871061634153238
72800	1601304702072	24	24	0.003237913486005089	0.008601541251133273	13	11	0.9871084252191122
72900	1601304713683	33	13	0.003267882386202997	0.00862964641885766	14	18	0.9870388747526152
73000	1601304725563	28	14	0.0032618037885213456	0.008590661831368994	14	13	0.9870900480633306
73100	1601304737233	25	13	0.0032675996607294316	0.008606074342701723	13	12	0.9869908114221091
73200	1601304748988	28	14	0.003266186033361606	0.008665004533091568	13	14	0.9870407124681934
73300	1601304760439	32	12	0.0032599660729431723	0.008599728014505892	13	19	0.9870537178399774
73400	1601304772081	32	14	0.0032578456318914334	0.008510426110607434	13	18	0.9870750636132316
73500	1601304784062	27	20	0.0032445575346338705	0.008596554850407978	13	14	0.9871536612948827
73600	1601304795801	31	14	0.0032448402601074357	0.008551677243880326	14	16	0.9870390161153519
73700	1601304807467	25	22	0.0032462538874752614	0.008570716228467815	14	11	0.9870672886627085
73800	1601304819101	30	12	0.0032253322024314393	0.008550770625566636	14	16	0.9871159174441617
73900	1601304830905	31	13	0.0032462538874752614	0.008581595648232094	15	15	0.9870333616058807
74000	1601304842848	30	14	0.003252615210630478	0.008610607434270173	13	16	0.987019508057676
74100	1601304854658	26	13	0.003265196494204128	0.008617860380779692	13	12	0.9869640938648572
74200	1601304866138	30	12	0.0032465366129488266	0.008567996373526746	16	13	0.9870501837715578
74300	1601304878092	31	14	0.00324780887757987	0.008625566636446055	13	18	0.9871010743567995
74400	1601304890192	44	14	0.003254594288945434	0.008626019945602902	23	21	0.9871057393271133
74500	1601304901829	28	19	0.0032684478371501273	0.008597008159564823	14	14	0.9870575346338705
74600	1601304913630	31	25	0.003211761379700311	0.00857026291931097	14	17	0.9871027707096409
74700	1601304925468	27	17	0.00323960983884648	0.008566183136899365	12	14	0.9870319479785129
74800	1601304937449	29	20	0.003259683347469607	0.008579782411604715	14	14	0.9871662425784563
74900	1601304949206	31	8	0.0032527565733672602	0.008557570262919312	13	17	0.9870381679389313
75000	1601304961039	32	19	0.00324399208368674	0.008643699002719855	14	18	0.9870674300254453
75100	1601304972874	31	15	0.003271557817359344	0.008596101541251134	15	16	0.9870573932711337
75200	1601304984655	31	13	0.003250777495052304	0.008646418857660926	16	15	0.9871173310715295
75300	1601304996504	30	12	0.0032657619451512583	0.00862692656391659	14	15	0.9870947130336444
75400	1601305008318	31	14	0.0032462538874752614	0.008665004533091568	15	15	0.9871081424936387
75500	1601305020059	27	11	0.003264348317783432	0.008671350861287399	14	13	0.9869943454905287
75600	1601305031676	26	13	0.0032823013853548206	0.008651858567543063	13	13	0.9870564037319762
75700	1601305043385	32	12	0.00326039016115352	0.008656391659111515	14	17	0.9870798699462822
75800	1601305055011	25	12	0.0032435679954763924	0.008586582048957389	13	11	0.9870761945151258
75900	1601305066547	40	13	0.003255301102629347	0.008586582048957389	24	16	0.9870692677410234
76000	1601305078157	25	15	0.003273678258411083	0.0086350861287398	14	11	0.9871191687871077
76100	1601305089764	36	14	0.0032415889171614363	0.008649592021758839	21	14	0.9870482046932428
76200	1601305101474	32	14	0.0032530392988408255	0.008615593834995466	13	18	0.9870534351145038
76300	1601305113212	29	23	0.003252473847893695	0.008619673617407071	13	16	0.9870842521911224
76400	1601305125163	26	11	0.0032465366129488266	0.008556210335448776	15	11	0.9870725190839694
76500	1601305136769	27	23	0.0032810291207237773	0.008585222121486854	15	12	0.9870708227311281
76600	1601305148570	33	8	0.003274950523042126	0.008522212148685404	14	18	0.9870182357930449
76700	1601305160463	34	25	0.0032707096409386486	0.008573436083408884	15	18	0.9870719536330224
76800	1601305172243	28	14	0.003252615210630478	0.008543064369900271	14	14	0.9870958439355386
76900	1601305184114	31	17	0.0032465366129488266	0.008612420670897552	15	16	0.9870400056545094
77000	1601305195877	27	14	0.0032302798982188296	0.008489573889392567	14	12	0.9871092733955329
77100	1601305207424	28	12	0.0032622278767316937	0.008577062556663644	14	14	0.9870947130336444
77200	1601305219437	28	12	0.0032569974554707377	0.00857116953762466	14	13	0.9870499010460843
77300	1601305230974	30	14	0.0032482329657902175	0.008534904805077062	15	14	0.9870347752332486
77400	1601305242998	32	13	0.0032721232683064743	0.008557116953762465	14	17	0.9870876448968052
77500	1601305254490	29	13	0.003269296013570823	0.008610607434270173	14	14	0.9871006502685892
77600	1601305266428	33	13	0.003245405711054566	0.008595194922937442	14	18	0.9870589482612383
77700	1601305277933	30	14	0.003258693808312129	0.008529011786038078	15	15	0.987086513994911
77800	1601305289788	27	12	0.0032547356516822164	0.008596101541251134	15	11	0.9870976816511168
77900	1601305301338	45	13	0.003273254170200735	0.00857207615593835	25	19	0.9870120158326265
78000	1601305313329	32	15	0.0032510602205258693	0.008618313689936537	14	18	0.9871051738761663
78100	1601305325167	31	20	0.0032589765337856943	0.008631912964641886	13	18	0.9870787390443879
78200	1601305336792	33	12	0.0032615210630477804	0.008631912964641886	15	17	0.9870766186033362
78300	1601305348564	28	25	0.003262086513994911	0.008562556663644605	14	13	0.9870767599660729
78400	1601305360239	28	8	0.003245829799264914	0.008611060743427016	14	14	0.987061775515974
78500	1601305371905	29	12	0.003268871925360475	0.00864596554850408	15	14	0.9870689850155498
78600	1601305383666	31	15	0.0032820186598812554	0.008612420670897552	15	16	0.9870761945151258
78700	1601305395186	33	15	0.003240316652530393	0.008631006346328195	13	20	0.9870476392422958
78800	1601305406905	27	13	0.0032486570540005656	0.008604714415231187	15	11	0.9870901894260673
78900	1601305418615	25	13	0.003252473847893695	0.008577062556663644	13	11	0.9870185185185185
79000	1601305429981	39	16	0.003254594288945434	0.008554397098821396	23	16	0.9871504099519367
79100	1601305441686	27	15	0.0032435679954763924	0.008612873980054397	15	11	0.9871239751201584
79200	1601305453675	30	22	0.0032299971727452643	0.008597461468721668	15	14	0.9870602205258694
79300	1601305465286	30	13	0.003278060503251343	0.008608794197642792	16	14	0.9871293469041561
79400	1601305477109	30	13	0.003258552445575346	0.00862964641885766	14	16	0.9870595137121855
79500	1601305489267	27	15	0.0032649137687305626	0.008679510426110607	14	13	0.987050042408821
79600	1601305501242	34	13	0.003266186033361606	0.008622393472348142	14	19	0.9870306757138818
79700	1601305512744	31	13	0.003270992366412214	0.008572982774252039	17	13	0.9870491942324003
79800	1601305524563	28	11	0.0032492225049476956	0.00864052583862194	13	14	0.9870364715860899
79900	1601305536284	33	19	0.003279756856092734	0.00864505893019039	14	18	0.9870696918292338
80000	1601305548321	31	15	0.0032667514843087364	0.008596101541251134	13	17	0.9870971162001696
80100	1601305560083	29	12	0.003249081142210913	0.008637352674524024	14	15	0.9871297709923664
80200	1601305571797	29	14	0.003254877014418999	0.008619673617407071	14	14	0.9870749222504948
80300	1601305583559	28	12	0.003241023466214306	0.008660924750679965	12	16	0.9871207237772123
80400	1601305595120	27	13	0.003244416171897088	0.008680870353581142	13	14	0.9870558382810292
80500	1601305606933	28	14	0.003275657336726039	0.008701722574796011	13	15	0.9870376024879842
80600	1601305618818	31	25	0.0032513429459994346	0.008603354487760652	15	16	0.9870517387616624
80700	1601305630545	33	12	0.0032496465931580436	0.008619673617407071	13	19	0.9871113938365846
80800	1601305642200	28	21	0.003275940062199604	0.008577062556663644	13	14	0.9870412779191405
80900	1601305654127	29	14	0.003265479219677693	0.008601541251133273	12	17	0.9870547073791348
81000	1601305665587	28	14	0.0032716991800961267	0.008624206708975521	13	14	0.9870506078597682
81100	1601305677193	27	14	0.0032418716426350015	0.00864868540344515	14	12	0.9870777495052304
81200	1601305688871	27	14	0.003243002544529262	0.008587941976427925	13	13	0.9871368391292056
81300	1601305700380	32	12	0.003251767034209782	0.008619220308250226	12	19	0.9870173876166243
81400	1601305712371	31	13	0.0032791914051456036	0.008689483227561197	14	16	0.9870306757138818
81500	1601305723820	30	15	0.003258552445575346	0.008598368087035358	15	14	0.9870196494204128
81600	1601305735487	28	13	0.0032810291207237773	0.008573889392565731	13	14	0.987013712185468
81700	1601305747298	28	15	0.003258693808312129	0.008616953762466002	15	12	0.9870626236923947
81800	1601305759121	29	12	0.003270144189991518	0.008520852221214868	15	14	0.9870739327113373
81900	1601305770976	29	12	0.003258411082838564	0.008596554850407978	13	16	0.9870121571953633
82000	1601305782742	31	14	0.0032581283573649986	0.008592475067996373	15	15	0.9870914616906983
82100	1601305794504	34	17	0.0032500706813683913	0.008489120580235722	15	19	0.9870306757138818
82200	1601305806357	33	13	0.003271840542832909	0.008545784224841342	14	18	0.9870069267741024
82300	1601305818182	29	14	0.00324780887757987	0.008603807796917499	14	15	0.9871489963245689
82400	1601305829827	27	13	0.003267458297992649	0.008667271078875794	13	14	0.987035764772406
82500	1601305841443	43	13	0.003265196494204128	0.008674977334542158	23	20	0.9871159174441617
82600	1601305853150	30	14	0.0032697201017811706	0.008601541251133273	16	13	0.9870651682216568
82700	1601305865136	32	22	0.0032595419847328243	0.008648232094288305	12	20	0.9870818490245972
82800	1601305876723	30	19	0.0032363584959004808	0.008612873980054397	15	15	0.9871070115917444
82900	1601305888709	27	22	0.003255725190839695	0.008627379873073436	13	14	0.9870817076618603
83000	1601305900535	33	12	0.003243143907266045	0.008750679963735266	13	19	0.987108566581849
83100	1601305912389	28	19	0.003270992366412214	0.008669990933816863	13	14	0.9870343511450381
83200	1601305924050	28	12	0.0032537461125247383	0.008655938349954668	13	15	0.987137828668363
83300	1601305935714	29	22	0.003254594288945434	0.00870716228467815	15	14	0.9871024879841673
83400	1601305947660	33	13	0.003266468758835171	0.008663644605621032	14	19	0.9871000848176421
83500	1601305959099	29	21	0.003253887475261521	0.00864324569356301	14	14	0.9870316652530393
83600	1601305970703	24	13	0.0032469607011591742	0.008626019945602902	13	11	0.9870482046932428
83700	1601305982486	28	15	0.0032516256714729998	0.008608794197642792	13	15	0.9870982471020638
83800	1601305994156	30	14	0.003272830081990387	0.008696736174070716	13	16	0.9870750636132316
83900	1601306005983	32	14	0.003275940062199604	0.008652765185856755	15	16	0.9870012722646311
84000	1601306017713	27	12	0.0032721232683064743	0.008577062556663644	13	14	0.9871065875035341
84100	1601306029359	30	13	0.0032564320045236077	0.008616500453309157	15	14	0.98709358213175
84200	1601306041025	28	13	0.003280746395250212	0.008592928377153218	14	14	0.9871089906700594
84300	1601306052631	30	14	0.0032683064744133444	0.008538077969174978	13	17	0.9869778060503251
84400	1601306064670	41	13	0.003271275091885779	0.008544424297370807	21	19	0.9870523042126096
84500	1601306076763	27	14	0.0032605315238903023	0.008581142339075249	13	13	0.987145603618886
84600	1601306088677	45	13	0.003266044670624823	0.008684950135992747	24	21	0.9870651682216568
84700	1601306100559	33	14	0.0032397512015832626	0.008582048957388939	15	18	0.9870730845349166
84800	1601306112060	24	19	0.0032475261521063047	0.008593381686310063	13	11	0.9871099802092168
84900	1601306123610	25	13	0.003268165111676562	0.008605621033544878	14	10	0.9870917444161719
85000	1601306135337	34	19	0.0032595419847328243	0.008595648232094287	13	20	0.9870759117896523
85100	1601306147009	30	15	0.0032500706813683913	0.008597914777878513	13	16	0.9870966921119593
85200	1601306158708	29	13	0.003278625954198473	0.008611967361740708	14	14	0.9869919423240034
85300	1601306170484	27	12	0.003273678258411083	0.008598368087035358	14	13	0.9870836867401753
85400	1601306182367	26	11	0.0032581283573649986	0.008551677243880326	12	14	0.9871012157195364
85500	1601306193882	30	14	0.0032148713599095277	0.00856663644605621	13	16	0.9870449533502968
85600	1601306205102	29	12	0.0032359344076901327	0.008581142339075249	15	13	0.9870395815662991
85700	1601306216896	33	18	0.0032656205824144755	0.008623753399818676	14	18	0.9871471586089907
85800	1601306228689	35	13	0.003267175572519084	0.008594288304623754	16	19	0.987003251342946
85900	1601306240370	25	20	0.0032486570540005656	0.008548050770625567	13	11	0.9871102629346904
86000	1601306252220	29	12	0.003276646875883517	0.008566183136899365	15	13	0.9870887757986995
86100	1601306264004	29	20	0.0032629346904156065	0.00858295557570263	15	14	0.9871041843370087
86200	1601306275842	28	12	0.003278625954198473	0.00864143245693563	13	14	0.9870769013288098
86300	1601306287768	27	14	0.0032479502403166527	0.008548050770625567	13	14	0.9870404297427198
86400	1601306299134	28	12	0.0032263217415889173	0.008617407071622847	14	13	0.9871547921967769
86500	1601306310802	31	13	0.0032695787390443877	0.008618766999093383	15	16	0.9870131467345208
86600	1601306322605	30	13	0.00322208085948544	0.00857207615593835	14	16	0.9871126661012157
86700	1601306334439	29	15	0.003250918857789087	0.00851994560290118	13	15	0.9870767599660729
86800	1601306346202	35	13	0.003264065592309867	0.0084818676337262	20	14	0.9870566864574498
86900	1601306357833	26	14	0.0032598247102063895	0.008525838621940163	13	13	0.9870706813683913
87000	1601306369275	27	26	0.0032475261521063047	0.00851722574796011	14	13	0.9870277070964094
87100	1601306380738	30	13	0.0032554424653661296	0.008610154125113328	15	14	0.9870740740740741
87200	1601306392489	32	22	0.0032609556121006504	0.008606527651858568	13	19	0.9871150692677411
87300	1601306404431	29	10	0.0032510602205258693	0.008610607434270173	15	14	0.9870446706248233
87400	1601306416142	28	22	0.0032598247102063895	0.008635539437896645	15	12	0.9870653095843935
87500	1601306427960	27	13	0.0032684478371501273	0.008579329102447868	13	13	0.9870035340684196
87600	1601306439640	32	14	0.0032598247102063895	0.008619220308250226	14	17	0.9870472151540853
87700	1601306451684	31	14	0.0032742437093582133	0.008564369900271986	13	17	0.9870476392422958
87800	1601306463402	35	12	0.0032397512015832626	0.008513145965548504	14	20	0.9870559796437659
87900	1601306475156	28	14	0.003254877014418999	0.008617860380779692	14	14	0.9870995193666949
88000	1601306486924	31	13	0.0032725473565168224	0.008641885766092474	16	14	0.9870206389595703
88100	1601306498744	32	14	0.003241023466214306	0.00866047144152312	21	10	0.9871229855810009
88200	1601306510611	27	14	0.00323522759400622	0.008655938349954668	14	13	0.9871325982471021
88300	1601306522461	28	22	0.0032540288379983035	0.008593381686310063	15	13	0.9870822731128075
88400	1601306534000	31	12	0.003276646875883517	0.008543064369900271	13	18	0.9870753463387051
88500	1601306545898	31	23	0.0032735368956743004	0.008582502266545784	14	16	0.9870972575629064
88600	1601306557578	26	13	0.003242013005371784	0.008510879419764278	15	10	0.9871453208934124
88700	1601306569337	33	20	0.003238620299689002	0.008601994560290118	15	18	0.9870887757986995
88800	1601306581308	34	13	0.0032448402601074357	0.008543064369900271	14	20	0.9870757704269154
88900	1601306593062	31	19	0.003251908396946565	0.008576155938349955	13	18	0.9870483460559797
89000	1601306604934	34	12	0.00324399208368674	0.008642792384406165	14	19	0.9870883517104891
89100	1601306616707	29	14	0.0032551597398925644	0.008641885766092474	14	14	0.9870859485439638
89200	1601306628671	30	12	0.003244133446423523	0.008614233907524933	13	17	0.98709754028838
89300	1601306640515	27	12	0.0032735368956743004	0.008558023572076157	13	13	0.9870545660163981
89400	1601306651951	25	13	0.003257562906417868	0.008597461468721668	14	10	0.9871224201300537
89500	1601306663662	29	13	0.003253887475261521	0.008591568449682683	15	13	0.9870530110262935
89600	1601306675383	50	14	0.0032733955329375176	0.008564369900271986	25	25	0.9870313825275657
89700	1601306687316	31	13	0.003256714729997173	0.008592475067996373	15	15	0.9870028272547356
89800	1601306699049	29	23	0.00323960983884648	0.00857842248413418	15	13	0.9870719536330224
89900	1601306710768	30	14	0.003263076053152389	0.008607434270172257	16	13	0.9870236075770427
90000	1601306722090	27	27	0.0032568560927339553	0.0086441523118767	14	12	0.9870445292620865
90100	1601306733836	28	13	0.0032516256714729998	0.008682230281051676	13	14	0.9870990952784846
90200	1601306745388	31	21	0.0032516256714729998	0.008651858567543063	15	15	0.9870818490245972
90300	1601306757143	32	15	0.0032476675148430875	0.008590661831368994	13	19	0.9871433418150976
90400	1601306769125	28	8	0.0032663273960983883	0.00866047144152312	14	14	0.9871006502685892
90500	1601306780731	28	13	0.003249505230421261	0.008656391659111515	14	14	0.9870407124681934
90600	1601306792447	26	14	0.0032803223070398645	0.008652765185856755	14	11	0.9871316087079446
90700	1601306804456	32	15	0.003268871925360475	0.00865140525838622	13	19	0.9870966921119593
90800	1601306816367	30	11	0.0032629346904156065	0.008616953762466002	15	15	0.9870781735934407
90900	1601306828235	28	13	0.0032668928470455188	0.008700815956482321	14	13	0.9871096974837433
91000	1601306840100	29	14	0.003252615210630478	0.008600181323662739	14	14	0.9870661577608143
91100	1601306852104	33	13	0.0032569974554707377	0.008618313689936537	16	16	0.9870849590048063
91200	1601306864075	29	13	0.0032704269154650834	0.008614233907524933	14	14	0.9870766186033362
91300	1601306876002	30	14	0.003261379700310998	0.00866863100634633	15	15	0.9870725190839694
91400	1601306887485	27	12	0.0032680237489397797	0.008594288304623754	15	11	0.9871186033361606
91500	1601306899314	33	12	0.0032680237489397797	0.008663191296464189	15	17	0.9871130901894261
91600	1601306910534	25	14	0.0032554424653661296	0.008631006346328195	14	11	0.9871194515125813
91700	1601306922048	30	13	0.003270992366412214	0.008741160471441524	13	17	0.987063754594289
91800	1601306933534	26	13	0.003262369239468476	0.0086622846781505	13	13	0.9871013570822731
91900	1601306945133	28	13	0.00326420695504665	0.00871532184950136	14	13	0.987064320045236
92000	1601306957127	30	13	0.003281453208934125	0.008650951949229374	17	12	0.9870588068985016
92100	1601306968630	31	12	0.003266186033361606	0.00857842248413418	14	17	0.987079304495335
92200	1601306980508	36	15	0.003249929318631609	0.008683136899365368	14	22	0.9870739327113373
92300	1601306992389	27	12	0.003254594288945434	0.008700362647325476	13	13	0.9870327961549336
92400	1601307004061	28	14	0.0032763641504099518	0.008696736174070716	13	14	0.987060503251343
92500	1601307015676	30	13	0.003273254170200735	0.008661831368993653	16	13	0.9870842521911224
92600	1601307027380	32	12	0.003263076053152389	0.008679057116953763	17	14	0.9871051738761663
92700	1601307039129	29	16	0.0032704269154650834	0.008660924750679965	15	14	0.9870665818490246
92800	1601307051036	32	15	0.0032793327678823864	0.008616047144152313	14	17	0.9870291207237772
92900	1601307062805	29	14	0.0032561492790500425	0.00864143245693563	15	14	0.9870448119875601
93000	1601307074741	33	23	0.003244416171897088	0.008708522212148686	13	19	0.9870896239751201
93100	1601307086503	25	12	0.0032721232683064743	0.008623753399818676	13	11	0.9871344359626802
93200	1601307098173	26	22	0.0032791914051456036	0.008618766999093383	13	13	0.9870839694656488
93300	1601307110027	31	13	0.0032815945716709078	0.008679510426110607	14	16	0.9870046649703138
93400	1601307121492	30	22	0.0032735368956743004	0.008665911151405258	16	14	0.9871054566016398
93500	1601307133321	30	13	0.0032721232683064743	0.008621033544877607	14	15	0.9870282725473565
93600	1601307144915	30	24	0.0032859768165111676	0.008642339075249321	15	14	0.9870555555555556
93700	1601307156837	27	19	0.0032479502403166527	0.008644605621033545	14	13	0.9870665818490246
93800	1601307168571	32	17	0.0032765055131467346	0.008623300090661831	20	12	0.9870896239751201
93900	1601307180019	31	12	0.0032629346904156065	0.00864868540344515	12	18	0.9869713033644332
94000	1601307191341	25	15	0.003279050042408821	0.008599274705349047	14	10	0.9870332202431439
94100	1601307203243	27	13	0.003270285552728301	0.008676337262012694	13	14	0.9870810008481764
94200	1601307214744	28	12	0.003256290641786825	0.008696736174070716	14	14	0.9870036754311563
94300	1601307226559	24	15	0.0032820186598812554	0.008619673617407071	13	11	0.9870381679389313
94400	1601307238040	30	13	0.0032769296013570822	0.008653671804170444	14	15	0.9870678541136556
94500	1601307249662	32	20	0.0032820186598812554	0.008680870353581142	15	17	0.9870954198473283
94600	1601307261375	26	13	0.0032595419847328243	0.00864143245693563	15	11	0.9870583828102912
94700	1601307273072	31	21	0.003268871925360475	0.008711242067089755	13	18	0.9870371783997738
94800	1601307284896	30	14	0.0032516256714729998	0.008677697189483228	15	15	0.9870626236923947
94900	1601307296638	42	17	0.003249081142210913	0.008665004533091568	25	16	0.9870582414475544
95000	1601307308383	32	13	0.003251908396946565	0.008602901178603808	13	19	0.9871392422957308
95100	1601307320313	27	13	0.0032753746112524737	0.008597008159564823	13	13	0.9870491942324003
95200	1601307332186	28	12	0.003271981905569692	0.008663644605621032	13	14	0.9870778908679672
95300	1601307343616	34	13	0.003254877014418999	0.008622393472348142	17	17	0.9871317500706813
95400	1601307355382	32	16	0.00326420695504665	0.008609247506799637	14	17	0.9870920271416455
95500	1601307367370	33	13	0.00327297144472717	0.00863780598368087	16	17	0.9870819903873339
95600	1601307379349	30	21	0.003249787955894826	0.008674070716228468	13	16	0.9871607294317218
95700	1601307391134	32	14	0.003245405711054566	0.008694016319129645	14	17	0.987063754594289
95800	1601307402905	44	17	0.0032694373763076053	0.00871441523118767	23	21	0.9870306757138818
95900	1601307414938	32	13	0.0032656205824144755	0.008660018132366273	15	16	0.9871173310715295
96000	1601307426706	27	16	0.0032609556121006504	0.00864143245693563	13	14	0.9870692677410234
96100	1601307438309	27	13	0.0032637828668363018	0.008648232094288305	13	13	0.9871164828951089
96200	1601307450237	28	13	0.0032653378569409103	0.008679510426110607	14	14	0.9870921685043822
96300	1601307462075	33	15	0.0032646310432569974	0.008683590208522211	15	18	0.9870374611252474
96400	1601307473769	33	12	0.0032456884365281314	0.008680870353581142	14	19	0.9870600791631327
96500	1601307485537	28	20	0.0032632174158891717	0.008684496826835903	13	14	0.9870236075770427
96600	1601307497193	28	18	0.0032656205824144755	0.008656391659111515	13	14	0.9871286400904722
96700	1601307508916	25	24	0.0032510602205258693	0.008696282864913871	14	11	0.9871754311563472
96800	1601307520591	31	13	0.003288379983036472	0.008685856754306437	14	17	0.9870805767599661
96900	1601307532518	33	22	0.0032755159739892565	0.008660018132366273	13	19	0.9870655923098671
97000	1601307544686	27	13	0.0032721232683064743	0.00865049864007253	13	13	0.9870360474978795
97100	1601307556503	36	12	0.0032704269154650834	0.008633726201269265	20	15	0.9870660163980775
97200	1601307568298	28	15	0.0032389030251625673	0.00863145965548504	14	14	0.9870660163980775
97300	1601307579920	28	12	0.003264489680520215	0.008621033544877607	14	14	0.9870810008481764
97400	1601307591847	32	14	0.0032757986994628218	0.008611514052583862	13	18	0.9871549335595137
97500	1601307603642	27	13	0.003287249081142211	0.008694922937443337	13	13	0.9870814249363867
97600	1601307615246	30	13	0.0032615210630477804	0.00866047144152312	14	16	0.987072236358496
97700	1601307627092	28	13	0.003264348317783432	0.00870897552130553	14	13	0.9871301950805768
97800	1601307638780	25	22	0.0032757986994628218	0.00871532184950136	13	11	0.9870438224484026
97900	1601307650478	28	12	0.0032690132880972577	0.008653218495013599	13	14	0.9870329375176703
98000	1601307662198	35	19	0.003273960983884648	0.008595194922937442	14	20	0.9870507492225049
98100	1601307674021	30	14	0.0032462538874752614	0.008558930190389846	13	16	0.9871687871077184
98200	1601307685646	33	16	0.003250494769578739	0.00862964641885766	20	13	0.9871187446988974
98300	1601307697466	28	13	0.003287249081142211	0.008627833182230281	14	14	0.986996748657054
98400	1601307709400	31	15	0.0032774950523042127	0.008657298277425203	13	18	0.9870692677410234
98500	1601307721342	34	15	0.003268165111676562	0.008636899365367181	13	21	0.9871078597681651
98600	1601307733212	25	14	0.003262086513994911	0.008571622846781505	14	11	0.9870524455753463
98700	1601307744970	28	21	0.0032558665535764772	0.008587941976427925	14	14	0.9871478654226746
98800	1601307756847	35	14	0.003277070964093865	0.008600634632819583	16	18	0.9870595137121855
98900	1601307768793	24	23	0.0032750918857789085	0.008602447869446963	13	11	0.9870213457732542
99000	1601307780164	29	12	0.0032832909245122987	0.008577515865820489	13	15	0.9870138535482047
99100	1601307791754	35	13	0.003262086513994911	0.00857479601087942	21	13	0.9869780887757987
99200	1601307803569	29	12	0.003263500141362737	0.008625113327289212	13	15	0.9870214871359909
99300	1601307815261	35	13	0.0032675996607294316	0.008588848594741613	21	14	0.9870535764772406
99400	1601307827122	34	13	0.0032670342097823016	0.008506799637352673	12	22	0.9871000848176421
99500	1601307838812	27	16	0.0032496465931580436	0.0085675430643699	14	13	0.9870664404862878
99600	1601307850415	28	13	0.0032626519649420413	0.008615593834995466	13	14	0.987063047780605
99700	1601307862257	31	13	0.003275657336726039	0.008615140525838621	14	17	0.9870586655357648
99800	1601307873832	27	15	0.0032482329657902175	0.008596554850407978	14	12	0.9869954763924229
99900	1601307885229	26	19	0.003273678258411083	0.008571622846781505	13	13	0.9870848176420696
100000	1601307896898	31	14	0.003236923946847611	0.008537171350861286	12	18	0.9870938648572236
