0	-1.5416781443024246E7
100	-1.5376180866257463E7
200	-1.5344992428102247E7
300	-1.533816943064435E7
400	-1.5349590447499575E7
500	-1.5349565113900883E7
600	-1.5337277127919111E7
700	-1.5303242727427013E7
800	-1.5273711338074397E7
900	-1.5243766030984284E7
1000	-1.522203455122582E7
1100	-1.5197430249628589E7
1200	-1.5178577701591391E7
1300	-1.5165461214003677E7
1400	-1.515208911666482E7
1500	-1.5137088580348225E7
1600	-1.5134379161044007E7
1700	-1.5120920054571649E7
1800	-1.511644302920472E7
1900	-1.5109741408804923E7
2000	-1.5107863518373381E7
2100	-1.5111008237818843E7
2200	-1.5108838322915506E7
2300	-1.5107830588999717E7
2400	-1.5105433681641093E7
2500	-1.5106127093084782E7
2600	-1.5104822753762254E7
2700	-1.5102462391847761E7
2800	-1.5100299813586133E7
2900	-1.5098279257412918E7
3000	-1.5093731027089601E7
3100	-1.5089901355902743E7
3200	-1.5090419158037974E7
3300	-1.508813032982056E7
3400	-1.5092709455846032E7
3500	-1.509005023931003E7
3600	-1.5090702723232241E7
3700	-1.509188871880395E7
3800	-1.5092413888604978E7
3900	-1.509818591135684E7
4000	-1.5088833298038282E7
4100	-1.5092070608910242E7
4200	-1.5095235043117847E7
4300	-1.5091180442574913E7
4400	-1.5094350382837111E7
4500	-1.509695202653937E7
4600	-1.5097116832739115E7
4700	-1.5092820355641201E7
4800	-1.509257639722154E7
4900	-1.5089180649950843E7
5000	-1.509244998996634E7
5100	-1.5088631277793234E7
5200	-1.5090469017243512E7
5300	-1.5088587525881464E7
5400	-1.5090210507809002E7
5500	-1.5089543432099741E7
5600	-1.5089289327494888E7
5700	-1.5088227617600225E7
5800	-1.5086084567603622E7
5900	-1.508239774864003E7
6000	-1.5084020007116586E7
6100	-1.5083338323432043E7
6200	-1.5077960798912143E7
6300	-1.5081626303993024E7
6400	-1.5080451175929688E7
6500	-1.5083072962831229E7
6600	-1.5077481371989084E7
6700	-1.5078830178526819E7
6800	-1.5084581585491253E7
6900	-1.5082521335039632E7
7000	-1.5080046627019543E7
7100	-1.5075497912405526E7
7200	-1.5077673288117303E7
7300	-1.5077821123687934E7
7400	-1.508020110603635E7
7500	-1.508141352798676E7
7600	-1.5077988582782604E7
7700	-1.5077846881493615E7
7800	-1.5073198711066293E7
7900	-1.5075549217658527E7
8000	-1.5075661539755166E7
8100	-1.5077263029789988E7
8200	-1.5076810605894603E7
8300	-1.5075071863026883E7
8400	-1.507386293402247E7
8500	-1.507646316584694E7
8600	-1.5081169834513148E7
8700	-1.50721401436888E7
8800	-1.5077568574970683E7
8900	-1.5072032161228642E7
9000	-1.5074595266018618E7
9100	-1.5065918164555771E7
9200	-1.5071018060671555E7
9300	-1.5061698312163584E7
9400	-1.5070121054794647E7
9500	-1.507012607914138E7
9600	-1.5066612664022412E7
9700	-1.506130253584101E7
9800	-1.5059516845663488E7
9900	-1.5062391281881854E7
10000	-1.5062829236343639E7
10100	-1.506202398759749E7
10200	-1.5061611138544029E7
10300	-1.506368947091301E7
10400	-1.5063768684114685E7
10500	-1.506033867854835E7
10600	-1.5060309301887687E7
10700	-1.5058083257881235E7
10800	-1.5060842370715152E7
10900	-1.5061900040344346E7
11000	-1.5058201338149274E7
11100	-1.5061938118226865E7
11200	-1.5052268424490295E7
11300	-1.5058334172303924E7
11400	-1.5053698744553907E7
11500	-1.5053877206426477E7
11600	-1.5063380699289676E7
11700	-1.5057172730988258E7
11800	-1.505814716496491E7
11900	-1.5055798120721383E7
12000	-1.5056005018801283E7
12100	-1.5057398027321719E7
12200	-1.5057011142224904E7
12300	-1.5052291527754182E7
12400	-1.5052045565778416E7
12500	-1.505242992077416E7
12600	-1.5052608983181385E7
12700	-1.5057591182707356E7
12800	-1.5057482725721704E7
12900	-1.5056131361948479E7
13000	-1.5056147824460538E7
13100	-1.505208618058637E7
13200	-1.5054762033480348E7
13300	-1.5052690495134639E7
13400	-1.5061593320208775E7
13500	-1.5056235003943415E7
13600	-1.5055302234935198E7
13700	-1.505857314928107E7
13800	-1.5053206261521662E7
13900	-1.505278945365678E7
14000	-1.5051960143461393E7
14100	-1.5054559703270197E7
14200	-1.505509746913902E7
14300	-1.5055007445187198E7
14400	-1.505283442530102E7
14500	-1.5054505724781165E7
14600	-1.5053179647906618E7
14700	-1.5052567106061868E7
14800	-1.504961907561536E7
14900	-1.505269686443276E7
15000	-1.5049539546463896E7
15100	-1.5050836070037441E7
15200	-1.5047559230579844E7
15300	-1.5049465916057909E7
15400	-1.5046722215770524E7
15500	-1.5046348902996171E7
15600	-1.5046939522810476E7
15700	-1.504932412939648E7
15800	-1.5049551402233293E7
15900	-1.5046223999110552E7
16000	-1.504560217028361E7
16100	-1.504506137745152E7
16200	-1.5047822921225881E7
16300	-1.5042616777316341E7
16400	-1.5043668639948629E7
16500	-1.503738360340626E7
16600	-1.503831738952426E7
16700	-1.5038959994262563E7
16800	-1.5039419624658482E7
16900	-1.5039030080641314E7
17000	-1.5044825554820437E7
17100	-1.504262997337598E7
17200	-1.5042760596677858E7
17300	-1.5039609462623937E7
17400	-1.5036352950856706E7
17500	-1.503586198620785E7
17600	-1.5038234907828746E7
17700	-1.5041003029019536E7
17800	-1.504064145883999E7
17900	-1.503901796505706E7
18000	-1.5036198612791587E7
18100	-1.5037039630718844E7
18200	-1.5037077107890476E7
18300	-1.5033542106935747E7
18400	-1.5038850879336372E7
18500	-1.5037914691827584E7
18600	-1.503300778122102E7
18700	-1.5039046543501655E7
18800	-1.5032324837798854E7
18900	-1.5029183821667206E7
19000	-1.5035323362012777E7
19100	-1.5030406517644135E7
19200	-1.5030648378890818E7
19300	-1.5024485241224686E7
19400	-1.5027787124497507E7
19500	-1.5026899080018835E7
19600	-1.5030099473792054E7
19700	-1.5027031752031276E7
19800	-1.5025410095904652E7
19900	-1.502495553677338E7
20000	-1.5029028050469896E7
20100	-1.5025087518114276E7
20200	-1.5024387214062553E7
20300	-1.5025669064147243E7
20400	-1.502488779871269E7
20500	-1.503075875670186E7
20600	-1.5029058466530908E7
20700	-1.502763839097233E7
20800	-1.5025946683937993E7
20900	-1.5022883211617898E7
21000	-1.5023737211080479E7
21100	-1.5028082661535682E7
21200	-1.5031119298954694E7
21300	-1.5028438432612993E7
21400	-1.5026412885845885E7
21500	-1.50259782962734E7
21600	-1.503077157486423E7
21700	-1.5028969273301186E7
21800	-1.502978181600621E7
21900	-1.502392821909161E7
22000	-1.5025080551227368E7
22100	-1.5022295294766093E7
22200	-1.5020690651977006E7
22300	-1.5022983369073922E7
22400	-1.5025247135664456E7
22500	-1.5026201283369819E7
22600	-1.5024125477642244E7
22700	-1.5023752676057175E7
22800	-1.5021285845219422E7
22900	-1.5019843147553071E7
23000	-1.5025737353086784E7
23100	-1.5027355227916624E7
23200	-1.5027774826272048E7
23300	-1.5027902974380553E7
23400	-1.5027242756910684E7
23500	-1.5025702437319785E7
23600	-1.502166039642783E7
23700	-1.5022640960825466E7
23800	-1.5024862025983302E7
23900	-1.5034515236492041E7
24000	-1.50320706115562E7
24100	-1.5031442692284714E7
24200	-1.5028532328594817E7
24300	-1.5025462392453939E7
24400	-1.5023495528449383E7
24500	-1.5023451313343229E7
24600	-1.502539341846521E7
24700	-1.5025020562615067E7
24800	-1.502276776846892E7
24900	-1.5026131405097889E7
25000	-1.5019346569712063E7
25100	-1.50228025667883E7
25200	-1.5024703720856288E7
25300	-1.5027178945051076E7
25400	-1.5023980105417838E7
25500	-1.5026781046293996E7
25600	-1.502752222882758E7
25700	-1.5024146967192564E7
25800	-1.5023436431340192E7
25900	-1.5022049633328501E7
26000	-1.502112005121775E7
26100	-1.502007066092152E7
26200	-1.502406458292761E7
26300	-1.5017007246581968E7
26400	-1.502225615598958E7
26500	-1.5021373608540725E7
26600	-1.5019446344762303E7
26700	-1.5024562275052646E7
26800	-1.5023203160144512E7
26900	-1.5024208411017066E7
27000	-1.502277448795491E7
27100	-1.5024224985575888E7
27200	-1.5020416786480749E7
27300	-1.5022043165672645E7
27400	-1.5023600048534296E7
27500	-1.5029152629923347E7
27600	-1.5024062808418162E7
27700	-1.501923283063375E7
27800	-1.502172604770946E7
27900	-1.5019886297478825E7
28000	-1.5019394642765913E7
28100	-1.5022466330939997E7
28200	-1.502316977498712E7
28300	-1.5018054892016536E7
28400	-1.5017043537575848E7
28500	-1.5018767662968008E7
28600	-1.5018754380414212E7
28700	-1.5015595894354688E7
28800	-1.5017777359419288E7
28900	-1.5016147060290424E7
29000	-1.5016018617301831E7
29100	-1.5014819346048616E7
29200	-1.502099955075557E7
29300	-1.5019139974865273E7
29400	-1.501405764438145E7
29500	-1.5016471995302605E7
29600	-1.501271858848373E7
29700	-1.5012802787512528E7
29800	-1.5011175466959642E7
29900	-1.5011124708161263E7
30000	-1.5017562689431883E7
30100	-1.5017788909895718E7
30200	-1.5016606793288484E7
30300	-1.5022182830129191E7
30400	-1.5017988818344073E7
30500	-1.5012912053425437E7
30600	-1.5021073962536052E7
30700	-1.501686388538108E7
30800	-1.501405260273455E7
30900	-1.5014023929243522E7
31000	-1.5018415853792515E7
31100	-1.5016491554532671E7
31200	-1.5013054103706017E7
31300	-1.501997330925271E7
31400	-1.5015198264350094E7
31500	-1.5018484760587236E7
31600	-1.501607188762769E7
31700	-1.5015503632252412E7
31800	-1.5022637229102228E7
31900	-1.5018758397161275E7
32000	-1.50144928717281E7
32100	-1.5019152335828269E7
32200	-1.5017122224322304E7
32300	-1.5017886602444468E7
32400	-1.502025110665594E7
32500	-1.5016911542026803E7
32600	-1.501466246652601E7
32700	-1.5018436900595257E7
32800	-1.5016687546503307E7
32900	-1.5014288965472197E7
33000	-1.5014901012988888E7
33100	-1.5013389225554345E7
33200	-1.501490756959202E7
33300	-1.5018286323473932E7
33400	-1.5014560729463732E7
33500	-1.5012886955902876E7
33600	-1.5017450599199906E7
33700	-1.5016558125561126E7
33800	-1.500846423413434E7
33900	-1.5014038611732055E7
34000	-1.5013139803755231E7
34100	-1.5007433126300141E7
34200	-1.5015612905790472E7
34300	-1.5011265023496961E7
34400	-1.5010873790103564E7
34500	-1.5012696869430916E7
34600	-1.5008697536601083E7
34700	-1.5015077239357017E7
34800	-1.5010875121470526E7
34900	-1.5011140155618329E7
35000	-1.5008911958683314E7
35100	-1.5016734327196065E7
35200	-1.5010924322952587E7
35300	-1.5010904212118376E7
35400	-1.5012812667323176E7
35500	-1.5012091454271842E7
35600	-1.5010218218294255E7
35700	-1.5008860667963058E7
35800	-1.5006922576970765E7
35900	-1.500453233640956E7
36000	-1.5010027214625701E7
36100	-1.5008635981932303E7
36200	-1.5008255224951256E7
36300	-1.5003343132538365E7
36400	-1.5005623184027908E7
36500	-1.5002725948998824E7
36600	-1.500519369373581E7
36700	-1.499981747700198E7
36800	-1.5004978975256702E7
36900	-1.5006492029153539E7
37000	-1.4996633580061493E7
37100	-1.5002879432104785E7
37200	-1.4996798754982926E7
37300	-1.5002431270296993E7
37400	-1.5001738565813918E7
37500	-1.5001221729754291E7
37600	-1.5004248360441422E7
37700	-1.5002976610299956E7
37800	-1.5002764054507934E7
37900	-1.5003956571856083E7
38000	-1.500684908725846E7
38100	-1.5005987914772177E7
38200	-1.5009784240622101E7
38300	-1.5005182866621386E7
38400	-1.5000888306536308E7
38500	-1.5003356270598527E7
38600	-1.5004177648821304E7
38700	-1.5004235045020597E7
38800	-1.5003589276850874E7
38900	-1.500849764707268E7
39000	-1.5002548309507117E7
39100	-1.5001649190748643E7
39200	-1.5001347604716437E7
39300	-1.5004681579905739E7
39400	-1.5003418340531334E7
39500	-1.5006436985507317E7
39600	-1.5004870753682127E7
39700	-1.5003999085112536E7
39800	-1.5002845332883997E7
39900	-1.5003880257390967E7
40000	-1.500430678176685E7
40100	-1.5002004629385736E7
40200	-1.5007462488788025E7
40300	-1.5005816070702411E7
40400	-1.5009646368824944E7
40500	-1.5006491448794292E7
40600	-1.5012205123620953E7
40700	-1.5003956200091098E7
40800	-1.5004430620879957E7
40900	-1.5001621109569175E7
41000	-1.5001406813202413E7
41100	-1.4999033558216967E7
41200	-1.5002712197047079E7
41300	-1.4999316135105295E7
41400	-1.5005568023397107E7
41500	-1.5001530717963304E7
41600	-1.4997134149612246E7
41700	-1.4999051529702527E7
41800	-1.5002838786697444E7
41900	-1.5000257421317661E7
42000	-1.5004602677578188E7
42100	-1.5004153716012346E7
42200	-1.5000700068554036E7
42300	-1.5001436206626363E7
42400	-1.5004629860763721E7
42500	-1.5003378007441694E7
42600	-1.5004055173798047E7
42700	-1.5001454221840894E7
42800	-1.5004774128887812E7
42900	-1.5001618426643351E7
43000	-1.5002853561893325E7
43100	-1.5004002848780824E7
43200	-1.5007793978086881E7
43300	-1.500426958152467E7
43400	-1.5007150537463035E7
43500	-1.5001912785806183E7
43600	-1.5001268437740956E7
43700	-1.5001403624265341E7
43800	-1.499521062417453E7
43900	-1.4998634064677924E7
44000	-1.4999287154243644E7
44100	-1.500065669290274E7
44200	-1.5001449345552925E7
44300	-1.4998105294527434E7
44400	-1.4996601014542883E7
44500	-1.4998644148500549E7
44600	-1.5001196771521447E7
44700	-1.5000062568170683E7
44800	-1.499351131300348E7
44900	-1.5000770383974815E7
45000	-1.4996693119594863E7
45100	-1.4999996529469494E7
45200	-1.5000545363935422E7
45300	-1.499663986476367E7
45400	-1.5000968135028187E7
45500	-1.4997301135618694E7
45600	-1.4999148501010582E7
45700	-1.5002853951011889E7
45800	-1.5000485355992706E7
45900	-1.4998218524882382E7
46000	-1.5000018566251455E7
46100	-1.4993564692125222E7
46200	-1.4998014871449761E7
46300	-1.4997405552512333E7
46400	-1.4998429493198946E7
46500	-1.4999879118966848E7
46600	-1.499121222864353E7
46700	-1.499693687012658E7
46800	-1.4996660267891102E7
46900	-1.4997999807657767E7
47000	-1.4995571797587749E7
47100	-1.499727794805572E7
47200	-1.4995472290424848E7
47300	-1.4998934723476427E7
47400	-1.4997544478211712E7
47500	-1.4995936225349544E7
47600	-1.5001151422569977E7
47700	-1.4998676621899335E7
47800	-1.4996432539537964E7
47900	-1.4996758222476806E7
48000	-1.4997236199277999E7
48100	-1.5000828565297235E7
48200	-1.4994840000730509E7
48300	-1.499528838437259E7
48400	-1.4995594044496203E7
48500	-1.4997584468200171E7
48600	-1.4995877181666816E7
48700	-1.4998832743828177E7
48800	-1.499426360480918E7
48900	-1.4993688111632323E7
49000	-1.4995026384587547E7
49100	-1.4995899125960952E7
49200	-1.4994676158711266E7
49300	-1.5000378189408246E7
49400	-1.499738362126265E7
49500	-1.5000602672378797E7
49600	-1.4995490160347052E7
49700	-1.4995319309310416E7
49800	-1.4995673598206015E7
49900	-1.4990804570033954E7
50000	-1.4994545110166416E7
50100	-1.4992178027793055E7
50200	-1.4991765034675963E7
50300	-1.4998471458429132E7
50400	-1.4991063337437492E7
50500	-1.499349026028133E7
50600	-1.4993596093759686E7
50700	-1.4994569703761797E7
50800	-1.4992839154655166E7
50900	-1.4992003112254715E7
51000	-1.4988251316419102E7
51100	-1.498803452070867E7
51200	-1.4988817753109971E7
51300	-1.4993805501683222E7
51400	-1.4993106807026127E7
51500	-1.499441929173451E7
51600	-1.498934104484315E7
51700	-1.4991637180692486E7
51800	-1.4993148358188812E7
51900	-1.4992032457540747E7
52000	-1.4986647018502416E7
52100	-1.4991539207443094E7
52200	-1.4985238364741225E7
52300	-1.49870386819377E7
52400	-1.49904327967369E7
52500	-1.4993951358232334E7
52600	-1.4991966534779428E7
52700	-1.4993945308956012E7
52800	-1.4989912699467214E7
52900	-1.4986006699894449E7
53000	-1.4991315191589085E7
53100	-1.4995142591022529E7
53200	-1.4993543265914332E7
53300	-1.4994621086995944E7
53400	-1.4994574269812891E7
53500	-1.4985502538905011E7
53600	-1.4989763140223913E7
53700	-1.4989126511579668E7
53800	-1.498843598664286E7
53900	-1.4994834229152117E7
54000	-1.4994580323994724E7
54100	-1.4993217747964067E7
54200	-1.4989914046507698E7
54300	-1.4988697484554231E7
54400	-1.499198567402718E7
54500	-1.4994220007949403E7
54600	-1.4989012228009509E7
54700	-1.498853106647373E7
54800	-1.499108315424469E7
54900	-1.4985753790923083E7
55000	-1.4985445876377502E7
55100	-1.4990600261917323E7
55200	-1.4986671606257189E7
55300	-1.49867644763867E7
55400	-1.4983320642609665E7
55500	-1.4984830659023322E7
55600	-1.4987557329904314E7
55700	-1.4988500264171703E7
55800	-1.4987187587138942E7
55900	-1.498992736736755E7
56000	-1.499158179089374E7
56100	-1.4987183149235366E7
56200	-1.498862414439373E7
56300	-1.4993684517928021E7
56400	-1.4992159016592924E7
56500	-1.4993962710537512E7
56600	-1.4987599441032885E7
56700	-1.4993072240746701E7
56800	-1.4986700849063318E7
56900	-1.4988748221991876E7
57000	-1.4990481250857094E7
57100	-1.4994259089597583E7
57200	-1.4991896245971015E7
57300	-1.4994445013702737E7
57400	-1.4993231300346058E7
57500	-1.4988623877891416E7
57600	-1.499066989810798E7
57700	-1.4984104150979558E7
57800	-1.49882826983285E7
57900	-1.49893530725518E7
58000	-1.4987501620458644E7
58100	-1.4988804126641931E7
58200	-1.499403489161045E7
58300	-1.4987508898831729E7
58400	-1.498623503308529E7
58500	-1.4984630779155847E7
58600	-1.4988329110887941E7
58700	-1.4989917263704354E7
58800	-1.4986998187705977E7
58900	-1.498547997162523E7
59000	-1.4986515438603908E7
59100	-1.4987407168560699E7
59200	-1.4989211761225404E7
59300	-1.4986692752226349E7
59400	-1.4982770538633585E7
59500	-1.4985014333480196E7
59600	-1.498718415040179E7
59700	-1.4988763980225619E7
59800	-1.4987923143865548E7
59900	-1.4985709439874504E7
60000	-1.4984372863024244E7
60100	-1.4979827120413434E7
60200	-1.4985618205374857E7
60300	-1.4982724846171284E7
60400	-1.4986238014605928E7
60500	-1.4981273112694355E7
60600	-1.4983344597523335E7
60700	-1.4985178988109428E7
60800	-1.4988518803991053E7
60900	-1.4986804766541606E7
61000	-1.498426514599688E7
61100	-1.4986160441469798E7
61200	-1.498184929540635E7
61300	-1.498176316091517E7
61400	-1.4982839993408965E7
61500	-1.4977778289475923E7
61600	-1.4978228636731869E7
61700	-1.4982603493291369E7
61800	-1.4978327016888795E7
61900	-1.4975300262000132E7
62000	-1.4983369435115993E7
62100	-1.4979740943466138E7
62200	-1.4983479111989398E7
62300	-1.49827597072159E7
62400	-1.4983397675308645E7
62500	-1.4984607453669326E7
62600	-1.4981254146979213E7
62700	-1.498638410156133E7
62800	-1.4980683857600642E7
62900	-1.4981989346614437E7
63000	-1.497745933879131E7
63100	-1.4979932667529305E7
63200	-1.4979850348590894E7
63300	-1.497929837039326E7
63400	-1.4980449755799778E7
63500	-1.497585529749759E7
63600	-1.4977346776474131E7
63700	-1.49767090051106E7
63800	-1.4978387067447029E7
63900	-1.4978265897417415E7
64000	-1.4985006518608235E7
64100	-1.4982674588971142E7
64200	-1.4981325863622673E7
64300	-1.497934685531503E7
64400	-1.4978382910947304E7
64500	-1.4981495133698858E7
64600	-1.4982465072772522E7
64700	-1.4976722616649924E7
64800	-1.4977116942522312E7
64900	-1.4977061395000223E7
65000	-1.4976955109358761E7
65100	-1.4975947423488447E7
65200	-1.4978310502606314E7
65300	-1.4975027500935934E7
65400	-1.4981840127967073E7
65500	-1.4986691970185935E7
65600	-1.498411882910137E7
65700	-1.4985819152899802E7
65800	-1.4984823411729177E7
65900	-1.498558204641178E7
66000	-1.4984922738671195E7
66100	-1.498278623533751E7
66200	-1.4990684796234513E7
66300	-1.4985288454148972E7
66400	-1.4978563737228407E7
66500	-1.4982062342114983E7
66600	-1.4981581856117098E7
66700	-1.4978632168678945E7
66800	-1.4986885352382729E7
66900	-1.4983197574356923E7
67000	-1.4984322255477736E7
67100	-1.4983114805803547E7
67200	-1.4981180263790485E7
67300	-1.498118653646435E7
67400	-1.4978743513197526E7
67500	-1.4979117755960966E7
67600	-1.4977241332625316E7
67700	-1.4975754651702456E7
67800	-1.49839094258217E7
67900	-1.4974375514015336E7
68000	-1.4975586841207944E7
68100	-1.4980679017273115E7
68200	-1.4983048219270805E7
68300	-1.4982845882560326E7
68400	-1.497897579110549E7
68500	-1.4981659952557877E7
68600	-1.4982234487043109E7
68700	-1.4979101917105258E7
68800	-1.498557667430272E7
68900	-1.4981122555946093E7
69000	-1.4978490164039338E7
69100	-1.4981302545479124E7
69200	-1.4980324571200544E7
69300	-1.4980720849440305E7
69400	-1.4981090270975687E7
69500	-1.4979931182762465E7
69600	-1.4982514009784114E7
69700	-1.4978071194163103E7
69800	-1.4979269719399884E7
69900	-1.4984021946027052E7
70000	-1.4986228758362386E7
70100	-1.4980627637150522E7
70200	-1.4978343618567625E7
70300	-1.4975871913816318E7
70400	-1.4983289658995152E7
70500	-1.4981387482645664E7
70600	-1.4982093256110415E7
70700	-1.497955997384505E7
70800	-1.4982814561601983E7
70900	-1.497683706891191E7
71000	-1.4976456298302365E7
71100	-1.4979693345074788E7
71200	-1.498099295045101E7
71300	-1.4983296710417457E7
71400	-1.4983058699409343E7
71500	-1.4984032354155067E7
71600	-1.4983739033014363E7
71700	-1.4981398749614375E7
71800	-1.4980014987233434E7
71900	-1.497905347302254E7
72000	-1.4982354043239055E7
72100	-1.4978128142353801E7
72200	-1.4987883706420623E7
72300	-1.4982945468237229E7
72400	-1.4982389407090409E7
72500	-1.4984800331272118E7
72600	-1.4975977431136662E7
72700	-1.49822075443648E7
72800	-1.4976719254936932E7
72900	-1.4977964485152515E7
73000	-1.4975465077890292E7
73100	-1.4982089680415478E7
73200	-1.4976848968625888E7
73300	-1.4975771201222984E7
73400	-1.49736431085096E7
73500	-1.4975921044383414E7
73600	-1.4974089513577206E7
73700	-1.4973861144361123E7
73800	-1.497396426274293E7
73900	-1.4975618314780451E7
74000	-1.4977237713135853E7
74100	-1.4979882943588372E7
74200	-1.4980792543747552E7
74300	-1.4977901891814312E7
74400	-1.4978143366863472E7
74500	-1.4974514513473488E7
74600	-1.4974551073245056E7
74700	-1.4973568271019924E7
74800	-1.497636630567226E7
74900	-1.4975034937020887E7
75000	-1.4973365718411684E7
75100	-1.497301855610456E7
75200	-1.4979667293739276E7
75300	-1.4977220627861002E7
75400	-1.4973311005005496E7
75500	-1.4973521814598765E7
75600	-1.4980843947261553E7
75700	-1.4971588570045052E7
75800	-1.497376582547429E7
75900	-1.4973052157774404E7
76000	-1.4973458397082228E7
76100	-1.497598021252795E7
76200	-1.4972832380688915E7
76300	-1.4974272410506766E7
76400	-1.4975347256574553E7
76500	-1.4978843094522845E7
76600	-1.4976296414706463E7
76700	-1.4979997925335286E7
76800	-1.497339488881864E7
76900	-1.4973653689333582E7
77000	-1.497516705218924E7
77100	-1.4979306919475636E7
77200	-1.4974814560942078E7
77300	-1.4978998246209197E7
77400	-1.497787163798401E7
77500	-1.4976129610036101E7
77600	-1.4977294584223153E7
77700	-1.497668941383806E7
77800	-1.497582488614432E7
77900	-1.4972072562529735E7
78000	-1.4973584651152538E7
78100	-1.4977902145235298E7
78200	-1.4974879537632791E7
78300	-1.4978913161199773E7
78400	-1.4977927474726407E7
78500	-1.4979902138007483E7
78600	-1.4978353749021394E7
78700	-1.4979040892038357E7
78800	-1.4977181359924829E7
78900	-1.497671034941326E7
79000	-1.497389251252732E7
79100	-1.4976665186489604E7
79200	-1.4975658772366162E7
79300	-1.4974000009461585E7
79400	-1.497444849228444E7
79500	-1.4973875871762117E7
79600	-1.4975468468268186E7
79700	-1.4979359229815641E7
79800	-1.4977126694743153E7
79900	-1.4970346755574895E7
80000	-1.497238173635296E7
80100	-1.4977253508193243E7
80200	-1.4978729664877487E7
80300	-1.498118420379685E7
80400	-1.4975425796022918E7
80500	-1.4980672575279169E7
80600	-1.4978942520570692E7
80700	-1.4977263751783676E7
80800	-1.4976863021781914E7
80900	-1.4976614159408385E7
81000	-1.4983921117081312E7
81100	-1.4976932280909335E7
81200	-1.4983046343254182E7
81300	-1.497947352886472E7
81400	-1.498205965828325E7
81500	-1.4981052584845982E7
81600	-1.4982930476419427E7
81700	-1.4977003326970816E7
81800	-1.4973781205365106E7
81900	-1.4977066235307133E7
82000	-1.4979643795991277E7
82100	-1.4976310844602868E7
82200	-1.4976398990774555E7
82300	-1.497596577393047E7
82400	-1.4974693268575856E7
82500	-1.4976136262379074E7
82600	-1.4972040894374413E7
82700	-1.4976528703637837E7
82800	-1.4975246794978065E7
82900	-1.4979066437531684E7
83000	-1.497008808858442E7
83100	-1.4971552578613626E7
83200	-1.4975187405634217E7
83300	-1.4975421920315359E7
83400	-1.4972171614783335E7
83500	-1.4973381766699562E7
83600	-1.497230168693644E7
83700	-1.4974372346130952E7
83800	-1.4974925680137157E7
83900	-1.4974994986973874E7
84000	-1.4970169983338084E7
84100	-1.4977451606866246E7
84200	-1.4970613469042338E7
84300	-1.497506603343247E7
84400	-1.4976293586780401E7
84500	-1.4973308557467915E7
84600	-1.4971243134432638E7
84700	-1.4974442895684378E7
84800	-1.4969889554426584E7
84900	-1.4974524401750598E7
85000	-1.4976281119614799E7
85100	-1.4973820410867637E7
85200	-1.4978774376188569E7
85300	-1.4973843006769769E7
85400	-1.4971138851358872E7
85500	-1.4975300526089977E7
85600	-1.497560414701573E7
85700	-1.4976191470337482E7
85800	-1.4976856210138323E7
85900	-1.497730038455993E7
86000	-1.4979370471971376E7
86100	-1.4979122419151394E7
86200	-1.4977465259194275E7
86300	-1.4975835959549252E7
86400	-1.497317529012989E7
86500	-1.497472522820035E7
86600	-1.4973354626581209E7
86700	-1.4973015958727008E7
86800	-1.4975257015587261E7
86900	-1.49771535255693E7
87000	-1.4974164291045714E7
87100	-1.4977960261266684E7
87200	-1.4978117288825316E7
87300	-1.4971435193498697E7
87400	-1.4964233697909256E7
87500	-1.4971538063956715E7
87600	-1.4972717045118982E7
87700	-1.4970624616122214E7
87800	-1.4975472983825091E7
87900	-1.4971244245354937E7
88000	-1.497934884562741E7
88100	-1.4971463018941756E7
88200	-1.497816157716814E7
88300	-1.4975928098634943E7
88400	-1.497495754824934E7
88500	-1.4977812527748171E7
88600	-1.4979280788651008E7
88700	-1.4977775620857075E7
88800	-1.497733681766607E7
88900	-1.4975196995182777E7
89000	-1.4976579029218974E7
89100	-1.4976725198196176E7
89200	-1.497830428936339E7
89300	-1.497807304729298E7
89400	-1.4975377060713705E7
89500	-1.49762904951149E7
89600	-1.4973797619427603E7
89700	-1.497172740686235E7
89800	-1.4973431045512829E7
89900	-1.4972739269968398E7
90000	-1.4975114805239044E7
90100	-1.4972437902508907E7
90200	-1.4972706782807233E7
90300	-1.4973117587933555E7
90400	-1.4974496579547241E7
90500	-1.497814483782053E7
90600	-1.4976547754282458E7
90700	-1.497083833301169E7
90800	-1.4970790859333122E7
90900	-1.4972531802077558E7
91000	-1.4972560802649394E7
91100	-1.4972010514072193E7
91200	-1.497627715105329E7
91300	-1.497122126879478E7
91400	-1.4975136621383375E7
91500	-1.497381819309267E7
91600	-1.4975309003722975E7
91700	-1.4976916751810228E7
91800	-1.497620271329731E7
91900	-1.4978573644226288E7
92000	-1.4974550050769052E7
92100	-1.497942606919168E7
92200	-1.4973332037765145E7
92300	-1.4972018127616813E7
92400	-1.4972794453857925E7
92500	-1.4970574248704035E7
92600	-1.4973279273665816E7
92700	-1.4971300935141113E7
92800	-1.4972842078227002E7
92900	-1.4971366298706487E7
93000	-1.4965502900069382E7
93100	-1.496800594844405E7
93200	-1.497151898071407E7
93300	-1.497120814637507E7
93400	-1.4971142337585615E7
93500	-1.4967849639199814E7
93600	-1.4971784440997131E7
93700	-1.4970238543325353E7
93800	-1.4970660702181242E7
93900	-1.4975778748723106E7
94000	-1.4972158921066023E7
94100	-1.4976911060698798E7
94200	-1.4972451056190193E7
94300	-1.497210282195109E7
94400	-1.4974368017835295E7
94500	-1.4972284235195227E7
94600	-1.4970599938698096E7
94700	-1.4972821957234997E7
94800	-1.4976441784647336E7
94900	-1.4974394346363569E7
95000	-1.4975425192883447E7
95100	-1.4973092684429148E7
95200	-1.4971502424220523E7
95300	-1.4975900580099579E7
95400	-1.4974005265031666E7
95500	-1.4978734623435633E7
95600	-1.497274370755716E7
95700	-1.4970115825227773E7
95800	-1.4975203116340837E7
95900	-1.4971736988877356E7
96000	-1.4973180735767908E7
96100	-1.4977209094521638E7
96200	-1.4971613300632719E7
96300	-1.4975655383888204E7
96400	-1.4976564860652184E7
96500	-1.49703127530323E7
96600	-1.4969369020882662E7
96700	-1.4978027053984968E7
96800	-1.4980330260970308E7
96900	-1.4976961725376487E7
97000	-1.4972356236377044E7
97100	-1.4976281293566063E7
97200	-1.4978235715885608E7
97300	-1.497845647734413E7
97400	-1.4977449277535591E7
97500	-1.4973284044608599E7
97600	-1.4972244526989425E7
97700	-1.4972533118276894E7
97800	-1.4972094560791083E7
97900	-1.4981253171733277E7
98000	-1.4979430104342297E7
98100	-1.4981012988584874E7
98200	-1.497798314964899E7
98300	-1.4974154610120516E7
98400	-1.4975590565044684E7
98500	-1.4975083509285824E7
98600	-1.4979298934903147E7
98700	-1.4978649124377452E7
98800	-1.4982758198236102E7
98900	-1.4980982307678511E7
99000	-1.4972235490145924E7
99100	-1.4977402238205275E7
99200	-1.4976152517630354E7
99300	-1.4973278612432774E7
99400	-1.4979491586489996E7
99500	-1.4973855386163853E7
99600	-1.4975023966298558E7
99700	-1.4976131755654717E7
99800	-1.4976681483950047E7
99900	-1.4976434625943651E7
100000	-1.4978879435813338E7
100100	-1.4981826739964554E7
100200	-1.498433057342777E7
100300	-1.497815791248139E7
100400	-1.497573025704261E7
100500	-1.4974484839049507E7
100600	-1.4977932950669758E7
100700	-1.4975570583974663E7
100800	-1.4972891330553027E7
100900	-1.4973917847384343E7
101000	-1.4979696602516951E7
101100	-1.4978072451656139E7
101200	-1.4980269084893668E7
101300	-1.4982783448340282E7
101400	-1.4982486999611557E7
101500	-1.4977343171431197E7
101600	-1.4980143636630215E7
101700	-1.4983254493319172E7
101800	-1.4980087919737978E7
101900	-1.4977103789622653E7
102000	-1.4977127816972597E7
102100	-1.497672809039419E7
102200	-1.4973984471196631E7
102300	-1.4977286594243722E7
102400	-1.4975274916380614E7
102500	-1.4976566288716089E7
102600	-1.497457046447712E7
102700	-1.497602089534233E7
102800	-1.4979244157068988E7
102900	-1.4976081535905479E7
103000	-1.4978606842108365E7
103100	-1.497756042802792E7
103200	-1.4979331559149195E7
103300	-1.4979683377413057E7
103400	-1.4978810788693747E7
103500	-1.498165433830002E7
103600	-1.4979914534501815E7
103700	-1.4973474697768612E7
103800	-1.4976626086204149E7
103900	-1.4972913343950815E7
104000	-1.4973519325998046E7
104100	-1.4971619907664904E7
104200	-1.4973987193166107E7
104300	-1.497734559054527E7
104400	-1.4972773720257178E7
104500	-1.4974854457206268E7
104600	-1.4972042594040804E7
104700	-1.497269860184626E7
104800	-1.4974972670065593E7
104900	-1.4971644457551144E7
105000	-1.4973743487030221E7
105100	-1.4969233952206193E7
105200	-1.4973676406392843E7
105300	-1.4964919724569272E7
105400	-1.496880710159444E7
105500	-1.4969359221328307E7
105600	-1.4968363671806375E7
105700	-1.4971671743973138E7
105800	-1.497646513561739E7
105900	-1.497698001560293E7
106000	-1.497349768147131E7
106100	-1.4972045702090053E7
106200	-1.4971055602109334E7
106300	-1.4980138069247406E7
106400	-1.4975178618843395E7
106500	-1.4975007521154605E7
106600	-1.4972337877748016E7
106700	-1.4976091295208044E7
106800	-1.4976600171593498E7
106900	-1.4975058651505988E7
107000	-1.497249235099149E7
107100	-1.4973732804499783E7
107200	-1.4973930382746354E7
107300	-1.4969073853918701E7
107400	-1.4978007489904184E7
107500	-1.4968926073826252E7
107600	-1.496868206707966E7
107700	-1.4968072720947227E7
107800	-1.4969415882987674E7
107900	-1.4977691789039597E7
108000	-1.4976578655066188E7
108100	-1.4972692303490559E7
108200	-1.4966568488244692E7
108300	-1.4975318076712174E7
108400	-1.4970549016234286E7
108500	-1.4977177274831925E7
108600	-1.4973377982360877E7
108700	-1.4974504481553636E7
108800	-1.4973994957035452E7
108900	-1.4969512867498307E7
109000	-1.4967276030581297E7
109100	-1.4966401694581278E7
109200	-1.4972902997238377E7
109300	-1.4966703009546176E7
109400	-1.496883862228959E7
109500	-1.4966074904100372E7
109600	-1.4966366219934437E7
109700	-1.4969282068149416E7
109800	-1.4966026644286694E7
109900	-1.4967948261399468E7
110000	-1.4971122285782177E7
110100	-1.4969503584184326E7
110200	-1.4970181616884261E7
110300	-1.496887970036115E7
110400	-1.4971954103849389E7
110500	-1.497100837233983E7
110600	-1.4974208500688808E7
110700	-1.497201052129072E7
110800	-1.49684165672438E7
110900	-1.4975203794039717E7
111000	-1.4974842784158783E7
111100	-1.4973924708399523E7
111200	-1.4978290212504674E7
111300	-1.4971161742970193E7
111400	-1.497586140486313E7
111500	-1.497235856466131E7
111600	-1.4975458192861788E7
111700	-1.4974273937521912E7
111800	-1.4972488042346813E7
111900	-1.497582277434604E7
112000	-1.4972401533130605E7
112100	-1.4976237514781227E7
112200	-1.497600020646131E7
112300	-1.4975273865179382E7
112400	-1.4974173307366336E7
112500	-1.4973814558266891E7
112600	-1.4974107890434317E7
112700	-1.4970927486230351E7
112800	-1.496889097381567E7
112900	-1.4971923579753725E7
113000	-1.4972607297504764E7
113100	-1.4974562035321191E7
113200	-1.4970120427935023E7
113300	-1.4969568784895016E7
113400	-1.497477873477568E7
113500	-1.4974954080463532E7
113600	-1.4973429045625057E7
113700	-1.4968940581149505E7
113800	-1.4966732695269099E7
113900	-1.4969982691269232E7
114000	-1.4972787300012289E7
114100	-1.4973325584440384E7
114200	-1.4972838928838218E7
114300	-1.4972274476885851E7
114400	-1.4972875522691846E7
114500	-1.497524734652062E7
114600	-1.497396920539665E7
114700	-1.4970506054409062E7
114800	-1.4971086617382934E7
114900	-1.4972496128679521E7
115000	-1.497073939812677E7
115100	-1.4968790840237273E7
115200	-1.4972246367856026E7
115300	-1.4967882811141757E7
115400	-1.4970917578737622E7
115500	-1.4971357550332645E7
115600	-1.4976940434160665E7
115700	-1.4972534011147728E7
115800	-1.4972512502374202E7
115900	-1.4971056782723429E7
116000	-1.4977317203826353E7
116100	-1.4973542761056053E7
116200	-1.4972945241344422E7
116300	-1.4969257802252537E7
116400	-1.497236755137164E7
116500	-1.4966250678533353E7
116600	-1.4972092376122866E7
116700	-1.4969454743669523E7
116800	-1.497382586111728E7
116900	-1.4969236087970247E7
117000	-1.4973144353691628E7
117100	-1.4972391772113329E7
117200	-1.4972498084624192E7
117300	-1.4973544697051007E7
117400	-1.4969861364758765E7
117500	-1.4969844023277177E7
117600	-1.4970880506513245E7
117700	-1.4969066331472283E7
117800	-1.4970545843387403E7
117900	-1.4971466037025861E7
118000	-1.4978109478365256E7
118100	-1.4971507425998487E7
118200	-1.4977507309020247E7
118300	-1.4974879895486262E7
118400	-1.4976135367409876E7
118500	-1.4974883677769585E7
118600	-1.4970199043104546E7
118700	-1.4971546316731457E7
118800	-1.497085314155572E7
118900	-1.4976046370661717E7
119000	-1.4975565807915142E7
119100	-1.4974509284605201E7
119200	-1.4975181502723552E7
119300	-1.4974915387858542E7
119400	-1.4971845274235412E7
119500	-1.4975522574507352E7
119600	-1.4972580531832183E7
119700	-1.4971164998977618E7
119800	-1.4968773342207659E7
119900	-1.4972846867511857E7
120000	-1.4974066417241812E7
120100	-1.4971030645943128E7
120200	-1.497799790596581E7
120300	-1.4972940181612674E7
120400	-1.4973816876759358E7
120500	-1.4977939686143272E7
120600	-1.4975150334291806E7
120700	-1.4973204706824362E7
120800	-1.4971710247315126E7
120900	-1.4970887118086804E7
121000	-1.4972747392163664E7
121100	-1.4970234530544072E7
121200	-1.4970241090133924E7
121300	-1.4971105363372281E7
121400	-1.4972862314858045E7
121500	-1.4969589249553164E7
121600	-1.4976811806337541E7
121700	-1.496928394815301E7
121800	-1.4969488513365611E7
121900	-1.496960603700138E7
122000	-1.4973025333197543E7
122100	-1.4970504804968385E7
122200	-1.4973187424348557E7
122300	-1.4974084488627324E7
122400	-1.4970841472244153E7
122500	-1.4970872207880177E7
122600	-1.4973810263219386E7
122700	-1.4974990360218557E7
122800	-1.497553506356087E7
122900	-1.497928130899783E7
123000	-1.4974593417316519E7
123100	-1.4973458392216403E7
123200	-1.497002005337118E7
123300	-1.4963696472961193E7
123400	-1.4964108534662524E7
123500	-1.4970385906513758E7
123600	-1.4971212724985028E7
123700	-1.4969383363901101E7
123800	-1.4970291963452753E7
123900	-1.4970729861977458E7
124000	-1.4970847136586696E7
124100	-1.4968824245482985E7
124200	-1.49659500428243E7
124300	-1.4977306171555566E7
124400	-1.4973022845770223E7
124500	-1.4972026876544721E7
124600	-1.4971932890717339E7
124700	-1.4975398195137024E7
124800	-1.4972898349271556E7
124900	-1.4976471898626417E7
125000	-1.4970876723701805E7
125100	-1.4972814100389348E7
125200	-1.4977186511983765E7
125300	-1.4973211550071124E7
125400	-1.497224136345841E7
125500	-1.4973285978398602E7
125600	-1.4972393080344498E7
125700	-1.4973179666061219E7
125800	-1.4974966594273727E7
125900	-1.497505710303261E7
126000	-1.4971272785200257E7
126100	-1.4973382768145652E7
126200	-1.4974652820862344E7
126300	-1.4978593276055077E7
126400	-1.4981267721208423E7
126500	-1.4979410703348033E7
126600	-1.4978046616136339E7
126700	-1.4978803145839969E7
126800	-1.4975412477957645E7
126900	-1.4974432151071843E7
127000	-1.4976963928200912E7
127100	-1.4972667984103145E7
127200	-1.497736569568163E7
127300	-1.4975045699863816E7
127400	-1.4973065446166739E7
127500	-1.4976206480657043E7
127600	-1.4971167821882784E7
127700	-1.4974470244414002E7
127800	-1.4971630048679888E7
127900	-1.4972054657007383E7
128000	-1.4972010186128851E7
128100	-1.4970635739874845E7
128200	-1.4971594430940045E7
128300	-1.4971322884330044E7
128400	-1.4972024478195256E7
128500	-1.4972198649453836E7
128600	-1.4972014125966385E7
128700	-1.4975851408335708E7
128800	-1.4976205070232384E7
128900	-1.4979295113076089E7
129000	-1.4975841055154024E7
129100	-1.4976215009202331E7
129200	-1.4976415236268392E7
129300	-1.4976751896903967E7
129400	-1.4977511972256709E7
129500	-1.4977594832103394E7
129600	-1.49763475968816E7
129700	-1.4976204702706847E7
129800	-1.4976245273478635E7
129900	-1.497285437730932E7
130000	-1.4970873410561651E7
130100	-1.4969934592717784E7
130200	-1.4969450827013634E7
130300	-1.4970823040827647E7
130400	-1.4973072872231591E7
130500	-1.4971725846794728E7
130600	-1.4971284049097558E7
130700	-1.4971515924864087E7
130800	-1.4972863163610406E7
130900	-1.4976326185187874E7
131000	-1.4976447468061462E7
131100	-1.4974894893259255E7
131200	-1.4973181131194098E7
131300	-1.497265007705003E7
131400	-1.4969599563362401E7
131500	-1.4968554679941E7
131600	-1.4970804529935844E7
131700	-1.4970445140337335E7
131800	-1.4975762466515241E7
131900	-1.4973745912651453E7
132000	-1.4973631181593152E7
132100	-1.4969876633518755E7
132200	-1.4968270496654091E7
132300	-1.4966339503587533E7
132400	-1.4972568575444447E7
132500	-1.4973581051566254E7
132600	-1.496709616751269E7
132700	-1.497377451276618E7
132800	-1.496998628995523E7
132900	-1.4964132788481407E7
133000	-1.4965806087727463E7
133100	-1.4970269510174843E7
133200	-1.4967786326298703E7
133300	-1.4970216584517587E7
133400	-1.4970959271110132E7
133500	-1.4970225760493467E7
133600	-1.4966806154956127E7
133700	-1.4972569010995414E7
133800	-1.4965122585065166E7
133900	-1.4965489595580846E7
134000	-1.4966954976414688E7
134100	-1.496430470501694E7
134200	-1.4966177325388238E7
134300	-1.4970328158253925E7
134400	-1.4965979103745503E7
134500	-1.4967418342868362E7
134600	-1.4966667794307604E7
134700	-1.496726501681974E7
134800	-1.4969043448675808E7
134900	-1.4965968448279433E7
135000	-1.4969143803702263E7
135100	-1.496748439941995E7
135200	-1.4969667229076514E7
135300	-1.497009241304061E7
135400	-1.4968562776915055E7
135500	-1.496545121644531E7
135600	-1.4967937780058201E7
135700	-1.4972225089656677E7
135800	-1.496924064686493E7
135900	-1.4964446457453456E7
136000	-1.496997542417584E7
136100	-1.4973148947158147E7
136200	-1.4966620126847472E7
136300	-1.49669850066814E7
136400	-1.4969133353024613E7
136500	-1.4967368559779441E7
136600	-1.496555366876849E7
136700	-1.4969500066200934E7
136800	-1.4965259911444638E7
136900	-1.496519309885635E7
137000	-1.4970352787318157E7
137100	-1.4968983889737636E7
137200	-1.4969846489692261E7
137300	-1.4966947490110021E7
137400	-1.4970365615451613E7
137500	-1.4970671498501267E7
137600	-1.4974909776253382E7
137700	-1.4970579712275067E7
137800	-1.4970102371839521E7
137900	-1.4969550290412232E7
138000	-1.4969842441892695E7
138100	-1.497133121223198E7
138200	-1.4970174142421024E7
138300	-1.4971515904650554E7
138400	-1.4971346857039664E7
138500	-1.4971866064326007E7
138600	-1.4971867361152895E7
138700	-1.4971311301260054E7
138800	-1.4969112193753576E7
138900	-1.4971302842004353E7
139000	-1.4970648263693703E7
139100	-1.4968451379260361E7
139200	-1.4969505828824176E7
139300	-1.497045005299475E7
139400	-1.497021727278807E7
139500	-1.4969685013602657E7
139600	-1.4973022485319452E7
139700	-1.49691670095672E7
139800	-1.4970708827651668E7
139900	-1.4972675029903764E7
140000	-1.4970166097261272E7
140100	-1.4970951976831846E7
140200	-1.4968120362658584E7
140300	-1.4972650367875924E7
140400	-1.49708076216472E7
140500	-1.4968620503095027E7
140600	-1.4967658478349349E7
140700	-1.497082744058016E7
140800	-1.496676403468706E7
140900	-1.496662169601339E7
141000	-1.4964397533394538E7
141100	-1.4967944099645399E7
141200	-1.4972727771548746E7
141300	-1.4968799094555384E7
141400	-1.497053438420032E7
141500	-1.497425849215664E7
141600	-1.497113388800465E7
141700	-1.4970638043252548E7
141800	-1.4966914792540107E7
141900	-1.4968026028219858E7
142000	-1.4971415812483512E7
142100	-1.4967806699859012E7
142200	-1.497172128352843E7
142300	-1.4968689982085612E7
142400	-1.497281702800921E7
142500	-1.4974327931373943E7
142600	-1.496683478789313E7
142700	-1.497375758734165E7
142800	-1.4971095216805484E7
142900	-1.4968911430988502E7
143000	-1.4973875270864652E7
143100	-1.497082743494491E7
143200	-1.497291031901834E7
143300	-1.496848602787514E7
143400	-1.4969704412217071E7
143500	-1.4965405123930195E7
143600	-1.4969199265044106E7
143700	-1.4963683377736581E7
143800	-1.4969177896276554E7
143900	-1.4968678929930307E7
144000	-1.4970855213399434E7
144100	-1.496454336680898E7
144200	-1.4972843325349964E7
144300	-1.4969026943194212E7
144400	-1.4968697001176551E7
144500	-1.497273695654287E7
144600	-1.4968000953404706E7
144700	-1.497175950519679E7
144800	-1.4973575124575028E7
144900	-1.4971306923751246E7
145000	-1.4968247336900467E7
145100	-1.4973659875409737E7
145200	-1.4972147360228648E7
145300	-1.4974897805676837E7
145400	-1.4973389963850303E7
145500	-1.4971290743821152E7
145600	-1.49701351052237E7
145700	-1.4974514527930109E7
145800	-1.497081341907114E7
145900	-1.4974645699821198E7
146000	-1.497420457771525E7
146100	-1.496925661310684E7
146200	-1.4972052804909728E7
146300	-1.4976395680094412E7
146400	-1.4971681789222524E7
146500	-1.4977146976289576E7
146600	-1.4976268534976177E7
146700	-1.496657232207543E7
146800	-1.4970784125195391E7
146900	-1.4976062864291934E7
147000	-1.4975360855500454E7
147100	-1.4975621648889879E7
147200	-1.496981448714259E7
147300	-1.497178329736149E7
147400	-1.4966217292377342E7
147500	-1.4971295407981576E7
147600	-1.4973936917639228E7
147700	-1.497062925004863E7
147800	-1.4970954368868701E7
147900	-1.4972692067759953E7
148000	-1.4973366205141656E7
148100	-1.49735765320788E7
148200	-1.4971241451905195E7
148300	-1.497501651870164E7
148400	-1.4970318370318737E7
148500	-1.4971216748882413E7
148600	-1.4972113399913935E7
148700	-1.4975008593307443E7
148800	-1.4973286533296196E7
148900	-1.497234201478503E7
149000	-1.4970715841275638E7
149100	-1.4968780244308395E7
149200	-1.496714078997648E7
149300	-1.4967163196416274E7
149400	-1.496511595550331E7
149500	-1.4971218653429037E7
149600	-1.496579312908423E7
149700	-1.4970977217593038E7
149800	-1.4967030923090456E7
149900	-1.4967376141087258E7
150000	-1.4965559629444161E7
150100	-1.4968782839621147E7
150200	-1.4967731481299337E7
150300	-1.4967847643239764E7
150400	-1.4966683505352743E7
150500	-1.4969489051933859E7
150600	-1.496893979609725E7
150700	-1.496825412741319E7
150800	-1.4963132047651809E7
150900	-1.4967153671199191E7
151000	-1.496979713683496E7
151100	-1.4971735270886695E7
151200	-1.4968485842144227E7
151300	-1.4975694822434112E7
151400	-1.497088099672008E7
151500	-1.4975234223696675E7
151600	-1.4971846800622394E7
151700	-1.4969828612879898E7
151800	-1.4973477997988066E7
151900	-1.4975540545289397E7
152000	-1.4972504352413017E7
152100	-1.4971802752589598E7
152200	-1.4970151817877332E7
152300	-1.4972023051198723E7
152400	-1.4971542335071595E7
152500	-1.497321420117578E7
152600	-1.4970185227644933E7
152700	-1.4969126327474669E7
152800	-1.496687117783273E7
152900	-1.4968980617999515E7
153000	-1.49706473014645E7
153100	-1.4968846513648612E7
153200	-1.497203465070816E7
153300	-1.4970173098947434E7
153400	-1.496747227100023E7
153500	-1.4966209369970696E7
153600	-1.4962844180119893E7
153700	-1.4967642416565059E7
153800	-1.4969354460057778E7
153900	-1.4969943491823727E7
154000	-1.4974140122031827E7
154100	-1.4969366027066467E7
154200	-1.496504705816115E7
154300	-1.4970631994957628E7
154400	-1.4968549101445932E7
154500	-1.4967860562759522E7
154600	-1.4970096645583678E7
154700	-1.4971940654004732E7
154800	-1.4973245437695522E7
154900	-1.4969149867839705E7
155000	-1.4969671659934089E7
155100	-1.4965232927423302E7
155200	-1.4968259678409897E7
155300	-1.4966628971260743E7
155400	-1.49722740069178E7
155500	-1.496763046608087E7
155600	-1.4968179462007342E7
155700	-1.4970931362295482E7
155800	-1.4971082500562448E7
155900	-1.4964392638043804E7
156000	-1.4968841933746202E7
156100	-1.4967562474724676E7
156200	-1.4970124895408366E7
156300	-1.4965478967556996E7
156400	-1.4963461827897925E7
156500	-1.4971191184757287E7
156600	-1.4969027848132866E7
156700	-1.4972493508453036E7
156800	-1.497582586303234E7
156900	-1.4972300453284377E7
157000	-1.4968956825938389E7
157100	-1.49748522806017E7
157200	-1.49746556227916E7
157300	-1.4974690164725669E7
157400	-1.497000096947587E7
157500	-1.497341305109583E7
157600	-1.4972651382789638E7
157700	-1.4970451267369041E7
157800	-1.497696543481557E7
157900	-1.4971595204131398E7
158000	-1.497137107685234E7
158100	-1.4972806904759776E7
158200	-1.4972162993241144E7
158300	-1.4975633694031043E7
158400	-1.497640325007235E7
158500	-1.497906976014818E7
158600	-1.497566057663292E7
158700	-1.4973889692679882E7
158800	-1.4974092821171409E7
158900	-1.4971803480696889E7
159000	-1.4974121013553323E7
159100	-1.4975901698881488E7
159200	-1.4972249229122017E7
159300	-1.4972389723161243E7
159400	-1.4970144425043223E7
159500	-1.4968544405119589E7
159600	-1.4973795492115267E7
159700	-1.497093093672986E7
159800	-1.4967425559319505E7
159900	-1.4974765285078298E7
160000	-1.4968576438110132E7
160100	-1.4971024441001138E7
160200	-1.4972182113120513E7
160300	-1.497009852450518E7
160400	-1.4969997004018214E7
160500	-1.4971624268880628E7
160600	-1.4974245207948362E7
160700	-1.4968810917416407E7
160800	-1.4970779492116764E7
160900	-1.4973428884610461E7
161000	-1.4973014754486743E7
161100	-1.4972716567093188E7
161200	-1.497347144836011E7
161300	-1.4973260820547916E7
161400	-1.4973293860078525E7
161500	-1.4970430327142103E7
161600	-1.4971160387001507E7
161700	-1.4967330107272575E7
161800	-1.4972121415976457E7
161900	-1.4973713952431913E7
162000	-1.4970338326688442E7
162100	-1.496842445863768E7
162200	-1.4965089614767738E7
162300	-1.496708042528651E7
162400	-1.4966297269985836E7
162500	-1.4966709930538079E7
162600	-1.4973799204366291E7
162700	-1.4968700064613195E7
162800	-1.4967268564196205E7
162900	-1.4973006672928112E7
163000	-1.4972056837832073E7
163100	-1.497542907982377E7
163200	-1.4974312741343193E7
163300	-1.4974896677029531E7
163400	-1.4970369036301106E7
163500	-1.497108747579363E7
163600	-1.4974097526593093E7
163700	-1.4971003189150017E7
163800	-1.4971628823194293E7
163900	-1.496977084324425E7
164000	-1.4970700237365594E7
164100	-1.4972193609812992E7
164200	-1.4972940680355813E7
164300	-1.4974256319678994E7
164400	-1.4975042244182277E7
164500	-1.4978922080480665E7
164600	-1.4973266488665206E7
164700	-1.4969335948724555E7
164800	-1.4969408141526854E7
164900	-1.4969951690244613E7
165000	-1.496998571759203E7
165100	-1.4974407788468909E7
165200	-1.496890926125736E7
165300	-1.4972827858899899E7
165400	-1.4970404712242316E7
165500	-1.4972841023812028E7
165600	-1.497659476953396E7
165700	-1.4975074612449814E7
165800	-1.4976013658101067E7
165900	-1.4972239104926577E7
166000	-1.4979175380223399E7
166100	-1.49777926246151E7
166200	-1.4974192066903898E7
166300	-1.4973891262007838E7
166400	-1.4970766909482298E7
166500	-1.497500273056024E7
166600	-1.497350025891726E7
166700	-1.4977896377934685E7
166800	-1.4970249894766476E7
166900	-1.4974230511074964E7
167000	-1.4973316162231032E7
167100	-1.497422033080905E7
167200	-1.4972953204536678E7
167300	-1.4974272166706344E7
167400	-1.4973838606300214E7
167500	-1.4974908268382149E7
167600	-1.4970180726622278E7
167700	-1.4971718260721836E7
167800	-1.4974233987361168E7
167900	-1.497373634835037E7
168000	-1.497508679939294E7
168100	-1.4971677426186614E7
168200	-1.4973116634179076E7
168300	-1.4978074698686982E7
168400	-1.4970972864782134E7
168500	-1.4970587497462692E7
168600	-1.4967085555733282E7
168700	-1.4966886467170693E7
168800	-1.4971462708979039E7
168900	-1.4964331951543752E7
169000	-1.4967699807294412E7
169100	-1.4973189725467455E7
169200	-1.497537645275267E7
169300	-1.4973257219087258E7
169400	-1.497194990165526E7
169500	-1.4975089295025362E7
169600	-1.4971806955551475E7
169700	-1.4974771005197134E7
169800	-1.4971886929798087E7
169900	-1.4973413560770728E7
170000	-1.4973482252989776E7
170100	-1.4976147235970391E7
170200	-1.4974247237947248E7
170300	-1.4973789657928051E7
170400	-1.4972002263328034E7
170500	-1.4971604416540457E7
170600	-1.4971472787778068E7
170700	-1.4971829286018923E7
170800	-1.4978095869505614E7
170900	-1.4974795446200531E7
171000	-1.4975242950600851E7
171100	-1.497750674675004E7
171200	-1.4978727431632666E7
171300	-1.4978708563884094E7
171400	-1.4976280796141926E7
171500	-1.4977653691049224E7
171600	-1.4972980432193466E7
171700	-1.4973337500075689E7
171800	-1.4972027050176566E7
171900	-1.4974086053056305E7
172000	-1.4976071026272018E7
172100	-1.4976140129391091E7
172200	-1.4979153527515259E7
172300	-1.497764948693778E7
172400	-1.4980962566581646E7
172500	-1.4976053100123253E7
172600	-1.4975546549018485E7
172700	-1.4978631687632974E7
172800	-1.4978600569972234E7
172900	-1.4974399714823307E7
173000	-1.49696391169247E7
173100	-1.4973310722139241E7
173200	-1.4977732798964115E7
173300	-1.4977125806520075E7
173400	-1.49744738170541E7
173500	-1.4971329875292962E7
173600	-1.497470630869549E7
173700	-1.4974918927095463E7
173800	-1.4974906514208322E7
173900	-1.4977599014876679E7
174000	-1.4976569302755754E7
174100	-1.4975904366395757E7
174200	-1.4972663020733384E7
174300	-1.497335485703378E7
174400	-1.4975367822960708E7
174500	-1.4970447802593755E7
174600	-1.4972517526059665E7
174700	-1.4974211969500368E7
174800	-1.4968932390345722E7
174900	-1.497641500210407E7
175000	-1.4974057350024087E7
175100	-1.4974356161110701E7
175200	-1.4973824802942408E7
175300	-1.4975434456932815E7
175400	-1.4978806817740519E7
175500	-1.497616304206505E7
175600	-1.4976945069961501E7
175700	-1.4977575165616384E7
175800	-1.4974341510714756E7
175900	-1.4981329416150479E7
176000	-1.497873427580564E7
176100	-1.4975775090388656E7
176200	-1.4978338918882908E7
176300	-1.4975474001037009E7
176400	-1.4975070076328428E7
176500	-1.4972625427309925E7
176600	-1.4982414820569979E7
176700	-1.4979383948702592E7
176800	-1.498115238468045E7
176900	-1.4976225050591713E7
177000	-1.4977606838390576E7
177100	-1.498158809517958E7
177200	-1.498094517808825E7
177300	-1.4976077992514059E7
177400	-1.4979625237573707E7
177500	-1.49812812187023E7
177600	-1.497677903349508E7
177700	-1.4978100845385069E7
177800	-1.4977018546217848E7
177900	-1.4973860451369468E7
178000	-1.497538074201098E7
178100	-1.4978284426642118E7
178200	-1.4975628804298598E7
178300	-1.4974983146202363E7
178400	-1.497426130085897E7
178500	-1.4971279039640797E7
178600	-1.4980821586162087E7
178700	-1.4979882862564411E7
178800	-1.4978602689053204E7
178900	-1.497948649578377E7
179000	-1.4979519627345169E7
179100	-1.4977828540012034E7
179200	-1.4982344383427558E7
179300	-1.4984676599874137E7
179400	-1.497788558827601E7
179500	-1.497941345151929E7
179600	-1.4979772821414236E7
179700	-1.4980440387625778E7
179800	-1.4983200421685973E7
179900	-1.497863774622063E7
180000	-1.4976256465118626E7
180100	-1.497514920401806E7
180200	-1.498144465655064E7
180300	-1.4982862884660149E7
180400	-1.4978801323510615E7
180500	-1.4982522614585185E7
180600	-1.4979380294041183E7
180700	-1.4977575137917181E7
180800	-1.4978917149305198E7
180900	-1.497683207926984E7
181000	-1.498033427766419E7
181100	-1.497853666347744E7
181200	-1.4980842139986994E7
181300	-1.497780613980931E7
181400	-1.4978855594655301E7
181500	-1.4976196248964885E7
181600	-1.4975875628244208E7
181700	-1.4979169473728003E7
181800	-1.4976869412306955E7
181900	-1.49735487523365E7
182000	-1.4974366310453545E7
182100	-1.4975023515086275E7
182200	-1.49734495339197E7
182300	-1.4971379576218197E7
182400	-1.4975994754151784E7
182500	-1.497392814097476E7
182600	-1.4968724428460587E7
182700	-1.497450864069349E7
182800	-1.4977591907258887E7
182900	-1.4977460032854483E7
183000	-1.497634203182008E7
183100	-1.497381464408568E7
183200	-1.4979166342708893E7
183300	-1.4973055454720963E7
183400	-1.4976081322118934E7
183500	-1.4974576051499827E7
183600	-1.4978587946746226E7
183700	-1.4976958902937429E7
183800	-1.4980903247955306E7
183900	-1.4976314490084015E7
184000	-1.4979316396822462E7
184100	-1.4977484846648633E7
184200	-1.4976651405097807E7
184300	-1.4982512869403582E7
184400	-1.4979739176351959E7
184500	-1.4975590323312672E7
184600	-1.497536627697637E7
184700	-1.4976396594407903E7
184800	-1.4975347078184063E7
184900	-1.497390841151061E7
185000	-1.497068294937611E7
185100	-1.4974787879266297E7
185200	-1.4968787742876267E7
185300	-1.497426980855982E7
185400	-1.4975240816848481E7
185500	-1.4980750083247717E7
185600	-1.4976614041884238E7
185700	-1.4974574800393173E7
185800	-1.4978521865236871E7
185900	-1.4975975955749426E7
186000	-1.4977111743985496E7
186100	-1.497616721669279E7
186200	-1.4976556744209757E7
186300	-1.497876700933676E7
186400	-1.4972761454214908E7
186500	-1.4977447319101287E7
186600	-1.4979076394898526E7
186700	-1.497266571238733E7
186800	-1.4978947814398423E7
186900	-1.4975008589291703E7
187000	-1.4977462994229227E7
187100	-1.4978464362212686E7
187200	-1.4979020108018465E7
187300	-1.4978858356770251E7
187400	-1.4977709752376955E7
187500	-1.4978308012677524E7
187600	-1.4977943958588362E7
187700	-1.4978067116094336E7
187800	-1.4973738620319607E7
187900	-1.4978822667495357E7
188000	-1.4976496627980309E7
188100	-1.4975098517311053E7
188200	-1.4975674317986911E7
188300	-1.4967308098933794E7
188400	-1.4971170428028816E7
188500	-1.4972089155508503E7
188600	-1.4974783897670744E7
188700	-1.4971478410110177E7
188800	-1.4971463949603915E7
188900	-1.4970489834289646E7
189000	-1.4967472027177805E7
189100	-1.497433847720214E7
189200	-1.4971899248517672E7
189300	-1.497131541126194E7
189400	-1.4969742896439439E7
189500	-1.4971319425496802E7
189600	-1.4967493354856914E7
189700	-1.4974326281511793E7
189800	-1.497306344534313E7
189900	-1.49711963968573E7
190000	-1.4973013266824963E7
190100	-1.4972554013783472E7
190200	-1.4973372384818168E7
190300	-1.4969679391810816E7
190400	-1.4968667522818172E7
190500	-1.4971492791239424E7
190600	-1.4975824192745361E7
190700	-1.4970821504916864E7
190800	-1.4975317997370105E7
190900	-1.4972449390538517E7
191000	-1.4967089081548452E7
191100	-1.4968007045993764E7
191200	-1.4965096808195086E7
191300	-1.4965667423624363E7
191400	-1.496701884851462E7
191500	-1.4966239009773385E7
191600	-1.49703853443452E7
191700	-1.496756154334679E7
191800	-1.4968686863999637E7
191900	-1.4967528549400553E7
192000	-1.4968816052796694E7
192100	-1.4965332002435835E7
192200	-1.496389560437376E7
192300	-1.4968697692309434E7
192400	-1.4970372719381692E7
192500	-1.496320623160088E7
192600	-1.4968368970351055E7
192700	-1.4971057554894831E7
192800	-1.496843334413652E7
192900	-1.4972547444600768E7
193000	-1.4970743933617568E7
193100	-1.4970330570934273E7
193200	-1.4974889629641285E7
193300	-1.4966680636582816E7
193400	-1.4973291999364438E7
193500	-1.4971602448886774E7
193600	-1.4975946541518753E7
193700	-1.4969237378902094E7
193800	-1.4972393202489221E7
193900	-1.4969367700892737E7
194000	-1.4967713479377447E7
194100	-1.4971534793378117E7
194200	-1.4970713206818998E7
194300	-1.4970356110524947E7
194400	-1.497055158202441E7
194500	-1.4970744379372604E7
194600	-1.4971595995391946E7
194700	-1.497061868883028E7
194800	-1.4964545812342081E7
194900	-1.4968344907419408E7
195000	-1.4970234273509545E7
195100	-1.4969908805193739E7
195200	-1.497114245816557E7
195300	-1.4971776745636074E7
195400	-1.4969178395944059E7
195500	-1.4971207277632091E7
195600	-1.4972323640177542E7
195700	-1.4971302563223453E7
195800	-1.4968950118390651E7
195900	-1.4976447031526797E7
196000	-1.496987789693541E7
196100	-1.4972507106717907E7
196200	-1.4974272714692732E7
196300	-1.4972077164858568E7
196400	-1.4972534994879456E7
196500	-1.4975807888721108E7
196600	-1.4974679193724489E7
196700	-1.4974131657654144E7
196800	-1.4972683909453679E7
196900	-1.4969716659175912E7
197000	-1.497228926997252E7
197100	-1.4970635795760626E7
197200	-1.496505910560465E7
197300	-1.4967749930151634E7
197400	-1.4970129315580241E7
197500	-1.4966567008386116E7
197600	-1.497115755005738E7
197700	-1.496224202471038E7
197800	-1.497061453867923E7
197900	-1.4966461638553124E7
198000	-1.4970045351494715E7
198100	-1.4968139900435144E7
198200	-1.4968724932435274E7
198300	-1.4971557768472798E7
198400	-1.4965562680436604E7
198500	-1.4967308891664471E7
198600	-1.497094424640356E7
198700	-1.4969168732218454E7
198800	-1.4970041729024576E7
198900	-1.4967784426350566E7
199000	-1.497182150087178E7
199100	-1.496728893949898E7
199200	-1.4970093279176619E7
199300	-1.4967210959075537E7
199400	-1.497114383107121E7
199500	-1.4970682847419113E7
199600	-1.4967402405601189E7
199700	-1.4964945601322688E7
199800	-1.4968286974690152E7
199900	-1.4972790797875524E7
200000	-1.496869626818052E7
200100	-1.497245740563272E7
200200	-1.497058354813359E7
200300	-1.4974410565023325E7
200400	-1.4964941631693356E7
200500	-1.4968851790042186E7
200600	-1.497055734061186E7
200700	-1.4972434030767472E7
200800	-1.4971180081210218E7
200900	-1.4967786615628738E7
201000	-1.4969066047491416E7
201100	-1.496725603541799E7
201200	-1.4965203379622256E7
201300	-1.4968723421501782E7
201400	-1.4969166308947973E7
201500	-1.4969064346098857E7
201600	-1.4966620742084369E7
201700	-1.4965018476735722E7
201800	-1.4968492481892433E7
201900	-1.4965895447817096E7
202000	-1.4969853347436529E7
202100	-1.496667061608402E7
202200	-1.4966317116785116E7
202300	-1.496505663577502E7
202400	-1.4965697040680235E7
202500	-1.496487190012006E7
202600	-1.4967485740192508E7
202700	-1.4971456836281747E7
202800	-1.496456330752452E7
202900	-1.4969395206429347E7
203000	-1.4967309730574373E7
203100	-1.4971181097295621E7
203200	-1.4972150383173086E7
203300	-1.4969990393724613E7
203400	-1.4966160627294803E7
203500	-1.4966719564037222E7
203600	-1.4968147680004988E7
203700	-1.4967594009172548E7
203800	-1.4965940658946218E7
203900	-1.4966167707837021E7
204000	-1.4963789499953812E7
204100	-1.4967340399369257E7
204200	-1.4967040997743072E7
204300	-1.496323703065289E7
204400	-1.496643289193228E7
204500	-1.4964182980495589E7
204600	-1.4959911418653423E7
204700	-1.4968983369958645E7
204800	-1.4964973293000767E7
204900	-1.4957944698581988E7
205000	-1.4961622954762228E7
205100	-1.4968573595042082E7
205200	-1.4967185817456286E7
205300	-1.4965431638740364E7
205400	-1.4963020664004654E7
205500	-1.4967307103864884E7
205600	-1.4970101208500672E7
205700	-1.4969519390795013E7
205800	-1.496951095437562E7
205900	-1.4968117244736401E7
206000	-1.4961113718538713E7
206100	-1.4960825115914376E7
206200	-1.4963381054490123E7
206300	-1.4965307298360996E7
206400	-1.4961931948452948E7
206500	-1.4969151622485591E7
206600	-1.496510911947824E7
206700	-1.4965212604268232E7
206800	-1.497059515379297E7
206900	-1.4970382595831854E7
207000	-1.496423717131675E7
207100	-1.4962213710462635E7
207200	-1.4963122254981777E7
207300	-1.4969993773996674E7
207400	-1.496707199441927E7
207500	-1.4966969971639965E7
207600	-1.4968406726417674E7
207700	-1.4965717881299762E7
207800	-1.4963946219375936E7
207900	-1.4969621338908294E7
208000	-1.4970488423029497E7
208100	-1.4969338354682643E7
208200	-1.4969708495855458E7
208300	-1.4968222582221929E7
208400	-1.4967977767669039E7
208500	-1.4970565921262015E7
208600	-1.4970723204989435E7
208700	-1.4971286424928566E7
208800	-1.4972643691978585E7
208900	-1.496806930253253E7
209000	-1.49702447625192E7
209100	-1.4968255699990574E7
209200	-1.4966018711013518E7
209300	-1.4965179013487386E7
209400	-1.4965565735400237E7
209500	-1.4965840803987507E7
209600	-1.4965580356740568E7
209700	-1.4963767150318393E7
209800	-1.4964536089951765E7
209900	-1.4963864661868518E7
210000	-1.4964954849523803E7
210100	-1.4966304342250854E7
210200	-1.4963632256811276E7
210300	-1.4960482266293058E7
210400	-1.4961796432350602E7
210500	-1.496082732068279E7
210600	-1.4966289000039738E7
210700	-1.4963723255657E7
210800	-1.4963219210749602E7
210900	-1.4964050635189826E7
211000	-1.4967187664318435E7
211100	-1.4966219388639074E7
211200	-1.49710309120656E7
211300	-1.4966480299156325E7
211400	-1.4963659760947356E7
211500	-1.4968972226513933E7
211600	-1.49652342636284E7
211700	-1.4965505293990517E7
211800	-1.4966923754980272E7
211900	-1.4964025323695889E7
212000	-1.4965156802146977E7
212100	-1.4966392420549339E7
212200	-1.4966383775961976E7
212300	-1.497114375126214E7
212400	-1.4972285602006799E7
212500	-1.4967069146449989E7
212600	-1.4967801214578275E7
212700	-1.4963407889549602E7
212800	-1.4968420606116423E7
212900	-1.4965432341332464E7
213000	-1.4967325019169979E7
213100	-1.4965957724500107E7
213200	-1.4969545520547887E7
213300	-1.4960445015211917E7
213400	-1.4971634861571027E7
213500	-1.4965249348531537E7
213600	-1.4962268697182778E7
213700	-1.4969926425082387E7
213800	-1.4967415429488808E7
213900	-1.496663202232923E7
214000	-1.496782519364982E7
214100	-1.4967994403360479E7
214200	-1.496408802514836E7
214300	-1.4965811578560788E7
214400	-1.4964156977110496E7
214500	-1.4964178541463925E7
214600	-1.496039888623916E7
214700	-1.4965318992866624E7
214800	-1.4966461950246142E7
214900	-1.496596315567662E7
215000	-1.4965699259627828E7
215100	-1.4963878221679904E7
215200	-1.4966986505579192E7
215300	-1.4969103597977828E7
215400	-1.4968410928092724E7
215500	-1.4966859100937983E7
215600	-1.4971039965165304E7
215700	-1.4963711823804187E7
215800	-1.4963663556803903E7
215900	-1.496138106866766E7
216000	-1.4965707215941748E7
216100	-1.4967657487622352E7
216200	-1.4966686084817525E7
216300	-1.4961946724905534E7
216400	-1.4963048041101476E7
216500	-1.4966390585533144E7
216600	-1.4966070281386642E7
216700	-1.4972857427674167E7
216800	-1.4965098066053594E7
216900	-1.4968594013379825E7
217000	-1.4961937529799227E7
217100	-1.496435414636596E7
217200	-1.496391284050235E7
217300	-1.4963361830978315E7
217400	-1.496308458059365E7
217500	-1.4969902820134168E7
217600	-1.4961888804461746E7
217700	-1.496265846912529E7
217800	-1.4964554630954301E7
217900	-1.4964298715047942E7
218000	-1.4964405398384325E7
218100	-1.4966273466892293E7
218200	-1.4967588674680006E7
218300	-1.4967665911846172E7
218400	-1.4962860915377462E7
218500	-1.496815291012202E7
218600	-1.4969118707539812E7
218700	-1.4965270890384175E7
218800	-1.4965756810054883E7
218900	-1.4966495698773576E7
219000	-1.4968526130653998E7
219100	-1.4968581562006988E7
219200	-1.496669236166762E7
219300	-1.4967406331129199E7
219400	-1.4964791062106695E7
219500	-1.4965055784769656E7
219600	-1.4967619845679797E7
219700	-1.4969301331415566E7
219800	-1.4966377972805766E7
219900	-1.496542645675905E7
220000	-1.4966310749447765E7
220100	-1.4965770434591467E7
220200	-1.4966974117861213E7
220300	-1.496710776007291E7
220400	-1.4970584114259796E7
220500	-1.4969220645090098E7
220600	-1.4967464712888077E7
220700	-1.4965667889643257E7
220800	-1.4971054496965777E7
220900	-1.4971869147183824E7
221000	-1.4972029709997712E7
221100	-1.4971772768869E7
221200	-1.4971137232162712E7
221300	-1.4967266533194253E7
221400	-1.4967096995893385E7
221500	-1.4964677126886507E7
221600	-1.4968392448716765E7
221700	-1.4968465841172593E7
221800	-1.4965018521182884E7
221900	-1.496384927608513E7
222000	-1.4964747028388863E7
222100	-1.496800461123658E7
222200	-1.496964978388445E7
222300	-1.49621329780971E7
222400	-1.496496585981651E7
222500	-1.4965049243679859E7
222600	-1.496889629895924E7
222700	-1.4969410988168294E7
222800	-1.4971188817119353E7
222900	-1.4971765557098417E7
223000	-1.4964875356943471E7
223100	-1.497125292133152E7
223200	-1.4965152784124335E7
223300	-1.4976135946450232E7
223400	-1.4974117617978146E7
223500	-1.4968356979293441E7
223600	-1.4964251170758914E7
223700	-1.4968952212217147E7
223800	-1.4964915730270121E7
223900	-1.4968369204553792E7
224000	-1.4964878258317746E7
224100	-1.4962585376919849E7
224200	-1.4963697959455919E7
224300	-1.4960699406183671E7
224400	-1.4962627213126091E7
224500	-1.4960791513757821E7
224600	-1.4967626016802194E7
224700	-1.4962872578648116E7
224800	-1.4963174686335694E7
224900	-1.496274682591754E7
225000	-1.495935445247736E7
225100	-1.4965013459806804E7
225200	-1.4961380565599578E7
225300	-1.4963083525158048E7
225400	-1.4963140216099653E7
225500	-1.496641834518619E7
225600	-1.496680816644061E7
225700	-1.4961307231123462E7
225800	-1.4964899443887122E7
225900	-1.4963105957794024E7
226000	-1.4963703802592043E7
226100	-1.4965354012576777E7
226200	-1.4960511990922814E7
226300	-1.4963824594638253E7
226400	-1.4963475278090812E7
226500	-1.4963804000688441E7
226600	-1.4964829479951376E7
226700	-1.496356998556715E7
226800	-1.496843254564739E7
226900	-1.4967997057378503E7
227000	-1.4969546103070484E7
227100	-1.496645290726409E7
227200	-1.4967486278000565E7
227300	-1.4970329451116052E7
227400	-1.4964076340440068E7
227500	-1.4961182619933456E7
227600	-1.4963431996046508E7
227700	-1.4958925645546205E7
227800	-1.496509893727722E7
227900	-1.496763291140236E7
228000	-1.4962243575543335E7
228100	-1.4968440585990533E7
228200	-1.4968286914125962E7
228300	-1.496442549772897E7
228400	-1.4964359083423907E7
228500	-1.4965732607672853E7
228600	-1.4965220592528773E7
228700	-1.4966188322570525E7
228800	-1.4969424631987521E7
228900	-1.4966645684904711E7
229000	-1.4971496341214526E7
229100	-1.496828310896071E7
229200	-1.497013379436371E7
229300	-1.4970409997339336E7
229400	-1.4971512200906191E7
229500	-1.4970362786094284E7
229600	-1.4973168982855223E7
229700	-1.4974216557910902E7
229800	-1.4968833247800045E7
229900	-1.4972339204182593E7
230000	-1.4968732997813862E7
230100	-1.4969853191671817E7
230200	-1.4964694097645033E7
230300	-1.4966388390190057E7
230400	-1.496639846565552E7
230500	-1.4965826762694582E7
230600	-1.4970777995501699E7
230700	-1.4962561487416418E7
230800	-1.496772998232037E7
230900	-1.49683837079208E7
231000	-1.4964389578672191E7
231100	-1.4966412937524384E7
231200	-1.496626004977833E7
231300	-1.496719705448593E7
231400	-1.4964601515054116E7
231500	-1.496707829054957E7
231600	-1.4971655573434083E7
231700	-1.496567600572833E7
231800	-1.4970400360851161E7
231900	-1.496758449371847E7
232000	-1.4966372765232248E7
232100	-1.4966137570778754E7
232200	-1.4963306412507463E7
232300	-1.4963213802552491E7
232400	-1.4960721653329002E7
232500	-1.496965371376413E7
232600	-1.4967004443965951E7
232700	-1.4965005705276247E7
232800	-1.4967337729519488E7
232900	-1.4965756078094617E7
233000	-1.4962224005898502E7
233100	-1.4965533290959679E7
233200	-1.4967171148022395E7
233300	-1.4967758028228754E7
233400	-1.4965978280552695E7
233500	-1.4965528445789265E7
233600	-1.4966296496472947E7
233700	-1.4966304049351808E7
233800	-1.4964680074932987E7
233900	-1.4968005870623354E7
234000	-1.4966735229350146E7
234100	-1.4968294287343405E7
234200	-1.496327568587157E7
234300	-1.4966310347837204E7
234400	-1.496810472400448E7
234500	-1.496659596232315E7
234600	-1.49641789199401E7
234700	-1.4965816166946488E7
234800	-1.4970459567059875E7
234900	-1.4969794144484157E7
235000	-1.4968700222414505E7
235100	-1.4971993370627861E7
235200	-1.496550124809022E7
235300	-1.4970754940073857E7
235400	-1.4961728807671802E7
235500	-1.4970119158712536E7
235600	-1.4968841340521092E7
235700	-1.4969786678017586E7
235800	-1.4969187873515185E7
235900	-1.4971898795555146E7
236000	-1.4968876899693212E7
236100	-1.496638742618998E7
236200	-1.4966108520387452E7
236300	-1.4962984280059077E7
236400	-1.4964942347213252E7
236500	-1.4967197110473461E7
236600	-1.496341319161855E7
236700	-1.496773787979202E7
236800	-1.4968151673874749E7
236900	-1.496676549618617E7
237000	-1.496157499842278E7
237100	-1.4961132627672976E7
237200	-1.4962152251598205E7
237300	-1.4961756029348606E7
237400	-1.4969028498614449E7
237500	-1.4968359336903488E7
237600	-1.4969651850062123E7
237700	-1.4967021563828345E7
237800	-1.4967552892054824E7
237900	-1.4965676982750228E7
238000	-1.4968295693312543E7
238100	-1.4972145328830076E7
238200	-1.4968066344715325E7
238300	-1.496966553559361E7
238400	-1.4968845073321115E7
238500	-1.4971270494894598E7
238600	-1.4969646012588605E7
238700	-1.4966936711175928E7
238800	-1.4968988539835481E7
238900	-1.4966228440128315E7
239000	-1.4967856189864384E7
239100	-1.4966192703668928E7
239200	-1.4965535920812055E7
239300	-1.496453563807796E7
239400	-1.4967805931442663E7
239500	-1.4969455436137838E7
239600	-1.497090092501259E7
239700	-1.4969175025967147E7
239800	-1.4976613330249934E7
239900	-1.4973705678915136E7
240000	-1.4969708885513218E7
240100	-1.4971214643293392E7
240200	-1.4970839860070288E7
240300	-1.4970975582937358E7
240400	-1.4968659361487621E7
240500	-1.4967039552677916E7
240600	-1.4968054944619803E7
240700	-1.4968049050352931E7
240800	-1.496952005227531E7
240900	-1.4960429575765368E7
241000	-1.4963043146286823E7
241100	-1.4968546533130176E7
241200	-1.4961213747497754E7
241300	-1.4960267007116057E7
241400	-1.4958950962669028E7
241500	-1.4957191814574882E7
241600	-1.4959432344406974E7
241700	-1.496069741228105E7
241800	-1.496504072889866E7
241900	-1.4961439504259152E7
242000	-1.4961503106338724E7
242100	-1.4966136123858295E7
242200	-1.4964902523161422E7
242300	-1.4958391313089082E7
242400	-1.4957668239083566E7
242500	-1.496112928454994E7
242600	-1.4964772616904851E7
242700	-1.4960292349766938E7
242800	-1.496111429610755E7
242900	-1.4963880845138824E7
243000	-1.4962689523907583E7
243100	-1.496382513532431E7
243200	-1.4960874483813293E7
243300	-1.4960141954618508E7
243400	-1.4959360362673428E7
243500	-1.4959862111917239E7
243600	-1.4961349231832847E7
243700	-1.495823096868207E7
243800	-1.495670443047217E7
243900	-1.4960387634953897E7
244000	-1.4965198706846202E7
244100	-1.4964570040045584E7
244200	-1.4958566379493399E7
244300	-1.4958644346559137E7
244400	-1.4959304954182556E7
244500	-1.495999989526537E7
244600	-1.4960171436230805E7
244700	-1.4963466072861569E7
244800	-1.4962796234590087E7
244900	-1.4965525778958322E7
245000	-1.4966045923070587E7
245100	-1.4960306761227954E7
245200	-1.4963349584905613E7
245300	-1.4961126589625962E7
245400	-1.4962272078681776E7
245500	-1.4960985620118834E7
245600	-1.496021820413784E7
245700	-1.4959259890071258E7
245800	-1.496332944564296E7
245900	-1.4957718182056211E7
246000	-1.496333010100452E7
246100	-1.496282056191373E7
246200	-1.4961223771405136E7
246300	-1.4960507054110859E7
246400	-1.496489184016954E7
246500	-1.4960433513002964E7
246600	-1.4960654078121943E7
246700	-1.4964332864492262E7
246800	-1.4962168337206535E7
246900	-1.4963790199029887E7
247000	-1.495900616902733E7
247100	-1.4961786380523013E7
247200	-1.4965050256384129E7
247300	-1.4962750053607851E7
247400	-1.496811620511722E7
247500	-1.4961219711406264E7
247600	-1.496407170917603E7
247700	-1.4966757050204327E7
247800	-1.4963381412078682E7
247900	-1.4960798264296127E7
248000	-1.4963127476528803E7
248100	-1.4961898716196721E7
248200	-1.4965459898031782E7
248300	-1.4966337082754718E7
248400	-1.4968206411758762E7
248500	-1.4968459321949959E7
248600	-1.4963345708346032E7
248700	-1.4960738254184833E7
248800	-1.496163395107537E7
248900	-1.4960567299501667E7
249000	-1.4962219500205874E7
249100	-1.496285868853636E7
249200	-1.4964909291209238E7
249300	-1.4964093792160666E7
249400	-1.4964159770530973E7
249500	-1.4963607990586363E7
249600	-1.4963283544800453E7
249700	-1.4964307312072378E7
249800	-1.49650992890968E7
249900	-1.4965868392504454E7
250000	-1.4968972495450018E7
250100	-1.4963778367187189E7
250200	-1.4962959947202343E7
250300	-1.4965020860273883E7
250400	-1.4965138182022043E7
250500	-1.4963451108196788E7
250600	-1.4960149233914217E7
250700	-1.4964709329966504E7
250800	-1.4962722773425337E7
250900	-1.4959416844300997E7
251000	-1.4957561575486371E7
251100	-1.4958267757389974E7
251200	-1.496056555405424E7
251300	-1.496040389899131E7
251400	-1.4971366056967672E7
251500	-1.4964403040651185E7
251600	-1.4965698186741777E7
251700	-1.4967518948507102E7
251800	-1.4962999606830066E7
251900	-1.496373311358444E7
252000	-1.4963567358030282E7
252100	-1.4964216366469119E7
252200	-1.496371766762865E7
252300	-1.4963656319412915E7
252400	-1.4959795458394302E7
252500	-1.4964051518718E7
252600	-1.4961272950241897E7
252700	-1.4959071309472518E7
252800	-1.4958701520080896E7
252900	-1.4959515786667813E7
253000	-1.496574614689153E7
253100	-1.4957115680041857E7
253200	-1.4963838641135745E7
253300	-1.4961472430859396E7
253400	-1.4960677836652877E7
253500	-1.496328429220956E7
253600	-1.4967740330412645E7
253700	-1.49646511976874E7
253800	-1.4960791405324679E7
253900	-1.495989928822226E7
254000	-1.4959019038306592E7
254100	-1.496152694695694E7
254200	-1.4964200876265492E7
254300	-1.4968195663490972E7
254400	-1.4967619538035326E7
254500	-1.4961193556113796E7
254600	-1.4964508289213639E7
254700	-1.4965597055013068E7
254800	-1.4968498827550815E7
254900	-1.49698699819324E7
255000	-1.4968476642021894E7
255100	-1.4967237663523676E7
255200	-1.496193582667265E7
255300	-1.4969490421619326E7
255400	-1.496596793588059E7
255500	-1.4965857613129213E7
255600	-1.496500886367555E7
255700	-1.4967622686415765E7
255800	-1.4970295452638319E7
255900	-1.4966098542714015E7
256000	-1.4969622687888138E7
